all-interval 400 1     0  812.44   40868     364   76904     364     2.7   40868     364   76904     364     2.7
all-interval 400 1     0 1326.85   59831     495  108836     495     2.4   59831     495  108836     495     2.4
all-interval 400 1     0  262.37   12504     111   23493     111     2.5   12504     111   23493     111     2.5
all-interval 400 1     0  240.96   10093      87   18706      87     2.9   10093      87   18706      87     2.9
all-interval 400 1     0 1577.27   84187     805  163882     805     3.0   84187     805  163882     805     3.0
all-interval 400 1     0  737.59   36050     327   68423     327     3.2   36050     327   68423     327     3.2
all-interval 400 1     0  128.48    4243      24    6619      24     2.0    4243      24    6619      24     2.0
all-interval 400 1     0  368.27   18363     179   36084     179     2.9   18363     179   36084     179     2.9
all-interval 400 1     0  138.36    6250      56   11794      56     3.1    6250      56   11794      56     3.1
all-interval 400 1     0 1023.54   52036     435   95101     435     2.7   52036     435   95101     435     2.7
all-interval 400 1     0  412.18   21170     189   39881     189     2.7   21170     189   39881     189     2.7
all-interval 400 1     0  111.00    3166      21    5245      21     1.7    3166      21    5245      21     1.7
all-interval 400 1 