all-interval 500 8     0   84.46    2127      16    4111      16     2.8    2127      16    4111      16     2.8
all-interval 500 8     0  328.12    8157      56   15101      56     2.0    8157      56   15101      56     2.0
all-interval 500 8     0   64.80     933       3    1305       3     0.7     933       3    1305       3     0.7
all-interval 500 8     0  378.64   10268      82   20436      82     2.9   10268      82   20436      82     2.9
all-interval 500 8     0   83.33    1412       7    2280       7     2.1    1412       7    2280       7     2.1
all-interval 500 8     0   81.34    1669       8    2661       8     3.0    1669       8    2661       8     3.0
all-interval 500 8     0  189.90    3419      18    5651      18     2.4    3419      18    5651      18     2.4
all-interval 500 8     0   91.36    1565       9    2681       9     1.1    1565       9    2681       9     1.1
all-interval 500 8     0  137.47    4356      36    8820      36     3.1    4356      36    8820      36     3.1
all-interval 500 8     0  486.37   13756     102   26404     102     2.6   13756     102   26404     102     2.6
all-interval 500 8     0   98.84    2338      15    4198      15     2.5    2338      15    4198      15     2.5
all-interval 500 8     0  154.91    4087      30    7807      30     2.8    4087      30    7807      30     2.8
all-interval 500 8     0  356.11   11776      98   23928      98     3.4   11776      98   23928      98     3.4
all-interval 500 8     0   71.83    1238       6    1982       6     1.4    1238       6    1982       6     1.4
all-interval 500 8     0  264.06    8282      74   17458      74     3.1    8282      74   17458      74     3.1
all-interval 500 8     0  276.63    5614      34    9830      34     2.3    5614      34    9830      34     2.3
all-interval 500 8     0  291.37    8417      69   16973      69     2.5    8417      69   16973      69     2.5
all-interval 500 8     0 -4294656.35    9818      77   19366      77     3.2    9818      77   19366      77     3.2
all-interval 500 8     0   55.22     647       4    1143       4     2.3     647       4    1143       4     2.3
all-interval 500 8     0  108.70    2581      20    5061      20     3.7    2581      20    5061      20     3.7
all-interval 500 8     0  134.54    3692      27    7040      27     2.5    3692      27    7040      27     2.5
all-interval 500 8     0  250.53    3923      18    6155      18     2.1    3923      18    6155      18     2.1
all-interval 500 8     0  146.33    4502      33    8594      33     3.3    4502      33    8594      33     3.3
all-interval 500 8     0  135.09    3878      32    7846      32     2.9    3878      32    7846      32     2.9
all-interval 500 8     0  241.64    8445      68   16877      68     2.8    8445      68   16877      68     2.8
all-interval 500 8     0  408.46   12673     108   26065     108     3.1   12673     108   26065     108     3.1
all-interval 500 8     0  339.42    8289      52   14737      52     2.5    8289      52   14737      52     2.5
all-interval 500 8     0  206.80    6580      51   12904      51     2.7    6580      51   12904      51     2.7
all-interval 500 8     0   93.22    1875      10    3115      10     2.0    1875      10    3115      10     2.0
all-interval 500 8     0   95.08    2346      15    4206      15     3.1    2346      15    4206      15     3.1
all-interval 500 8     0   60.30    1042       8    2034       8     3.0    1042       8    2034       8     3.0
all-interval 500 8     0   71.31     984       3    1356       3     1.3     984       3    1356       3     1.3
all-interval 500 8     0  165.45    4940      43   10272      43     2.9    4940      43   10272      43     2.9
all-interval 500 8     0   55.57     720       4    1216       4     2.7     720       4    1216       4     2.7
all-interval 500 8     0  175.31    3225      18    5457      18     1.8    3225      18    5457      18     1.8
all-interval 500 8     0   53.56     714       5    1334       5     3.2     714       5    1334       5     3.2
all-interval 500 8     0  357.83    8907      67   17215      67     2.6    8907      67   17215      67     2.6
all-interval 500 8     0  396.93   10722      82   20890      82     3.1   10722      82   20890      82     3.1
all-interval 500 8     0  274.42    6643      47   12471      47     2.6    6643      47   12471      47     2.6
all-interval 500 8     0  222.93    6705      56   13649      56     3.0    6705      56   13649      56     3.0
all-interval 500 8     0  490.36   15848     127   31596     127     3.2   15848     127   31596     127     3.2
all-interval 500 8     0  204.23    6542      57   13610      57     3.1    6542      57   13610      57     3.1
all-interval 500 8     0  139.71    3535      21    6139      21     2.2    3535      21    6139      21     2.2
all-interval 500 8     0  143.14    3328      28    6800      28     3.1    3328      28    6800      28     3.1
all-interval 500 8     0  440.52   11197      85   21737      85     2.9   11197      85   21737      85     2.9
all-interval 500 8     0   51.67     492       0     492       0     0.0     492       0     492       0     0.0
all-interval 500 8     0  252.89    6988      51   13312      51     2.8    6988      51   13312      51     2.8
all-interval 500 8     0  201.85    5265      44   10721      44     3.3    5265      44   10721      44     3.3
all-interval 500 8     0  145.93    3780      27    7128      27     2.9    3780      27    7128      27     2.9
all-interval 500 8     0   87.66    1948      14    3684      14     2.8    1948      14    3684      14     2.8
