all-interval 400 12     0   64.18    3091      27    5764      27     2.6    3091      27    5764      27     2.6
all-interval 400 12     0  106.99    3676      28    6448      28     2.5    3676      28    6448      28     2.5
all-interval 400 12     0   89.97    4928      49    9779      49     3.4    4928      49    9779      49     3.4
all-interval 400 12     0   87.94    3691      24    6067      24     1.8    3691      24    6067      24     1.8
all-interval 400 12     0   44.33    2047      19    3928      19     3.1    2047      19    3928      19     3.1
all-interval 400 12     0  109.46    5846      58   11588      58     3.5    5846      58   11588      58     3.5
all-interval 400 12     0   32.78     690       1     789       1     0.4     690       1     789       1     0.4
all-interval 400 12     0   32.62    1155       6    1749       6     3.1    1155       6    1749       6     3.1
all-interval 400 12     0   52.78    1731      13    3018      13     2.3    1731      13    3018      13     2.3
all-interval 400 12     0   88.88    3001      22    5179      22     2.0    3001      22    5179      22     2.0
all-interval 400 12     0   25.93     668       2     866       2     0.6     668       2     866       2     0.6
all-interval 400 12     0   72.86    2578      15    4063      15     1.1    2578      15    4063      15     1.1
all-interval 400 12     0   32.81    1136       8    1928       8     1.1    1136       8    1928       8     1.1
all-interval 400 12     0   52.32    1667       7    2360       7     1.2    1667       7    2360       7     1.2
all-interval 400 12     0  108.01    5662      52   10810      52     2.8    5662      52   10810      52     2.8
all-interval 400 12     0  110.26    6323      58   12065      58     2.8    6323      58   12065      58     2.8
all-interval 400 12     0   76.52    4817      51    9866      51     3.2    4817      51    9866      51     3.2
all-interval 400 12     0  148.33    7273      71   14302      71     2.8    7273      71   14302      71     2.8
all-interval 400 12     0   51.93    2411      20    4391      20     3.0    2411      20    4391      20     3.0
all-interval 400 12     0   42.31    1718      14    3104      14     1.6    1718      14    3104      14     1.6
all-interval 400 12     0   90.77    3772      30    6742      30     2.1    3772      30    6742      30     2.1
all-interval 400 12     0  129.93    6695      64   13031      64     2.5    6695      64   13031      64     2.5
all-interval 400 12     0   61.51    2851      26    5425      26     1.9    2851      26    5425      26     1.9
all-interval 400 12     0   21.82     391       0     391       0     0.0     391       0     391       0     0.0
all-interval 400 12     0   55.27    1942      11    3031      11     1.8    1942      11    3031      11     1.8
all-interval 400 12     0   22.02     440       1     539       1     0.9     440       1     539       1     0.9
all-interval 400 12     0   70.77    3591      36    7155      36     2.9    3591      36    7155      36     2.9
all-interval 400 12     0   63.88    2575      20    4555      20     3.4    2575      20    4555      20     3.4
all-interval 400 12     0   46.09    1977      17    3660      17     3.6    1977      17    3660      17     3.6
all-interval 400 12     0   30.11    1234       9    2125       9     1.5    1234       9    2125       9     1.5
all-interval 400 12     0   86.91    3089      20    5069      20     1.7    3089      20    5069      20     1.7
all-interval 400 12     0  134.08    6450      59   12291      59     2.8    6450      59   12291      59     2.8
all-interval 400 12     0   22.30     396       0     396       0     0.0     396       0     396       0     0.0
all-interval 400 12     0   55.48    1503       9    2394       9     2.2    1503       9    2394       9     2.2
all-interval 400 12     0   22.38     398       0     398       0     0.0     398       0     398       0     0.0
all-interval 400 12     0   60.79    1642       7    2335       7     1.9    1642       7    2335       7     1.9
all-interval 400 12     0   52.83    2694      24    5070      24     3.0    2694      24    5070      24     3.0
all-interval 400 12     0   30.60    1007       6    1601       6     1.8    1007       6    1601       6     1.8
all-interval 400 12     0   38.61    1716      15    3201      15     4.3    1716      15    3201      15     4.3
all-interval 400 12     0   47.55    2190      17    3873      17     2.7    2190      17    3873      17     2.7
all-interval 400 12     0  109.13    3965      27    6638      27     1.9    3965      27    6638      27     1.9
all-interval 400 12     0   63.51    3117      28    5889      28     2.1    3117      28    5889      28     2.1
all-interval 400 12     0  111.15    4684      39    8545      39     2.9    4684      39    8545      39     2.9
all-interval 400 12     0   44.48    2192      22    4370      22     3.1    2192      22    4370      22     3.1
all-interval 400 12     0   74.69    3683      40    7643      40     2.9    3683      40    7643      40     2.9
all-interval 400 12     0   76.68    3190      33    6457      33     3.3    3190      33    6457      33     3.3
all-interval 400 12     0   24.07     489       1     588       1     0.7     489       1     588       1     0.7
all-interval 400 12     0   21.95     394       0     394       0     0.0     394       0     394       0     0.0
all-interval 400 12     0  100.11    2892      16    4476      16     2.1    2892      16    4476      16     2.1
all-interval 400 12     0  107.48    3966      33    7233      33     3.0    3966      33    7233      33     3.0
