all-interval 500 4     0  446.70   10636      80   20556      80     2.7   10636      80   20556      80     2.7
all-interval 500 4     0  180.98    4653      40    9613      40     2.9    4653      40    9613      40     2.9
all-interval 500 4     0  267.98    6740      55   13560      55     2.9    6740      55   13560      55     2.9
all-interval 500 4     0  189.82    3685      27    7033      27     2.6    3685      27    7033      27     2.6
all-interval 500 4     0  522.88   15618     120   30498     120     2.5   15618     120   30498     120     2.5
all-interval 500 4     0  423.67   13535     116   27919     116     2.8   13535     116   27919     116     2.8
all-interval 500 4     0  308.83   10434      92   21842      92     3.8   10434      92   21842      92     3.8
all-interval 500 4     0   83.19    2345      19    4701      19     3.6    2345      19    4701      19     3.6
all-interval 500 4     0  167.95    2293       9    3409       9     1.0    2293       9    3409       9     1.0
all-interval 500 4     0  249.35    8381      73   17433      73     3.5    8381      73   17433      73     3.5
all-interval 500 4     0 -4293863.07   31215     237   60603     237     2.6   31215     237   60603     237     2.6
all-interval 500 4     0  406.50   11362      93   22894      93     2.9   11362      93   22894      93     2.9
all-interval 500 4     0  560.02   16066     123   31318     123     2.6   16066     123   31318     123     2.6
all-interval 500 4     0  451.34    8919      55   15739      55     2.5    8919      55   15739      55     2.5
all-interval 500 4     0  160.85    3673      30    7393      30     2.6    3673      30    7393      30     2.6
all-interval 500 4     0  160.82    4205      31    8049      31     2.1    4205      31    8049      31     2.1
all-interval 500 4     0  451.49   13036     107   26304     107     3.1   13036     107   26304     107     3.1
all-interval 500 4     0  234.08    5662      37   10250      37     2.1    5662      37   10250      37     2.1
all-interval 500 4     0   51.85     492       0     492       0     0.0     492       0     492       0     0.0
all-interval 500 4     0  278.09    5657      37   10245      37     2.6    5657      37   10245      37     2.6
all-interval 500 4     0  490.10   16945     137   33933     137     2.9   16945     137   33933     137     2.9
all-interval 500 4     0   77.11    1724      10    2964      10     3.3    1724      10    2964      10     3.3
all-interval 500 4     0  363.01    8927      63   16739      63     2.5    8927      63   16739      63     2.5
all-interval 500 4     0  368.54    9707      73   18759      73     3.1    9707      73   18759      73     3.1
all-interval 500 4     0   94.65    2398      19    4754      19     3.8    2398      19    4754      19     3.8
all-interval 500 4     0  741.39   23781     185   46721     185     2.7   23781     185   46721     185     2.7
all-interval 500 4     0  343.51   10125      77   19673      77     2.6   10125      77   19673      77     2.6
all-interval 500 4     0   71.62     809       1     933       1     1.1     809       1     933       1     1.1
all-interval 500 4     0  317.52    7155      47   12983      47     2.6    7155      47   12983      47     2.6
all-interval 500 4     0  178.58    2159       5    2779       5     0.4    2159       5    2779       5     0.4
all-interval 500 4     0  334.03    6128      40   11088      40     2.0    6128      40   11088      40     2.0
all-interval 500 4     0  446.02   11858      83   22150      83     2.3   11858      83   22150      83     2.3
all-interval 500 4     0  134.37    2813      13    4425      13     1.6    2813      13    4425      13     1.6
all-interval 500 4     0  594.92   18965     166   39549     166     3.3   18965     166   39549     166     3.3
all-interval 500 4     0  249.01    7625      64   15561      64     3.1    7625      64   15561      64     3.1
all-interval 500 4     0  370.57    9747      71   18551      71     2.8    9747      71   18551      71     2.8
all-interval 500 4     0  468.65   12558      88   23470      88     2.2   12558      88   23470      88     2.2
all-interval 500 4     0  115.98    2370      16    4354      16     2.0    2370      16    4354      16     2.0
all-interval 500 4     0  151.48    4269      31    8113      31     3.0    4269      31    8113      31     3.0
all-interval 500 4     0  223.23    5132      35    9472      35     2.0    5132      35    9472      35     2.0
all-interval 500 4     0  397.70   11754      96   23658      96     2.5   11754      96   23658      96     2.5
all-interval 500 4     0   51.83     493       0     493       0     0.0     493       0     493       0     0.0
all-interval 500 4     0  313.26    8365      60   15805      60     2.7    8365      60   15805      60     2.7
all-interval 500 4     0  329.23    7564      43   12896      43     2.1    7564      43   12896      43     2.1
all-interval 500 4     0   64.24    1178       7    2046       7     3.6    1178       7    2046       7     3.6
all-interval 500 4     0  671.29   21086     165   41546     165     3.1   21086     165   41546     165     3.1
all-interval 500 4     0  126.70    2395      11    3759      11     1.7    2395      11    3759      11     1.7
all-interval 500 4     0   55.91     715       2     963       2     0.7     715       2     963       2     0.7
all-interval 500 4     0  175.61    4799      35    9139      35     3.0    4799      35    9139      35     3.0
all-interval 500 4     0  278.17    7006      52   13454      52     2.8    7006      52   13454      52     2.8
