all-interval 400 4     0  103.10    2837      17    4520      17     1.5    2837      17    4520      17     1.5
all-interval 400 4     0   68.84    2595      28    5367      28     3.5    2595      28    5367      28     3.5
all-interval 400 4     0   21.76     392       0     392       0     0.0     392       0     392       0     0.0
all-interval 400 4     0  439.18   21611     199   41312     199     2.7   21611     199   41312     199     2.7
all-interval 400 4     0  347.58   17087     153   32234     153     2.5   17087     153   32234     153     2.5
all-interval 400 4     0   62.17    2635      19    4516      19     2.6    2635      19    4516      19     2.6
all-interval 400 4     0   62.71    3266      31    6335      31     2.5    3266      31    6335      31     2.5
all-interval 400 4     0  157.40    7899      71   14928      71     2.6    7899      71   14928      71     2.6
all-interval 400 4     0   83.32    4092      40    8052      40     2.6    4092      40    8052      40     2.6
all-interval 400 4     0   62.03    3288      34    6654      34     2.5    3288      34    6654      34     2.5
all-interval 400 4     0  101.01    4521      36    8085      36     2.7    4521      36    8085      36     2.7
all-interval 400 4     0  396.15   16748     134   30014     134     2.6   16748     134   30014     134     2.6
all-interval 400 4     0  302.55   15489     145   29844     145     3.3   15489     145   29844     145     3.3
all-interval 400 4     0   84.57    3092      24    5468      24     2.7    3092      24    5468      24     2.7
all-interval 400 4     0  114.56    4326      32    7494      32     3.0    4326      32    7494      32     3.0
all-interval 400 4     0  303.00   14359     123   26536     123     2.5   14359     123   26536     123     2.5
all-interval 400 4     0  164.39    7563      66   14097      66     3.3    7563      66   14097      66     3.3
all-interval 400 4     0  101.51    4983      40    8943      40     2.5    4983      40    8943      40     2.5
all-interval 400 4     0  182.78   10226      97   19829      97     2.7   10226      97   19829      97     2.7
all-interval 400 4     0  352.40   19255     179   36976     179     2.9   19255     179   36976     179     2.9
all-interval 400 4     0  231.56    9348      78   17070      78     2.2    9348      78   17070      78     2.2
all-interval 400 4     0   46.67    1195       5    1690       5     1.0    1195       5    1690       5     1.0
all-interval 400 4     0   90.76    3772      30    6742      30     2.1    3772      30    6742      30     2.1
all-interval 400 4     0   41.83    1846      15    3331      15     2.7    1846      15    3331      15     2.7
all-interval 400 4     0   23.96     539       2     737       2     1.3     539       2     737       2     1.3
all-interval 400 4     0  182.66    8505      80   16425      80     2.8    8505      80   16425      80     2.8
all-interval 400 4     0   58.78    2213      20    4193      20     3.9    2213      20    4193      20     3.9
all-interval 400 4     0  515.54   21833     177   39356     177     2.7   21833     177   39356     177     2.7
all-interval 400 4     0  181.32    6980      63   13217      63     3.2    6980      63   13217      63     3.2
all-interval 400 4     0  171.26    6979      55   12424      55     2.2    6979      55   12424      55     2.2
all-interval 400 4     0  271.59   13044     112   24132     112     2.7   13044     112   24132     112     2.7
all-interval 400 4     0  105.21    5278      42    9436      42     2.0    5278      42    9436      42     2.0
all-interval 400 4     0  104.05    2622      11    3711      11     1.1    2622      11    3711      11     1.1
all-interval 400 4     0  133.24    5994      47   10647      47     2.3    5994      47   10647      47     2.3
all-interval 400 4     0  131.43    4734      39    8595      39     2.2    4734      39    8595      39     2.2
all-interval 400 4     0   93.87    5265      51   10314      51     2.5    5265      51   10314      51     2.5
all-interval 400 4     0  292.82   14967     139   28728     139     2.7   14967     139   28728     139     2.7
all-interval 400 4     0  196.56    8678      81   16697      81     2.8    8678      81   16697      81     2.8
all-interval 400 4     0   59.15    2319      17    4002      17     1.9    2319      17    4002      17     1.9
all-interval 400 4     0  105.31    6197      61   12236      61     3.4    6197      61   12236      61     3.4
all-interval 400 4     0   46.07    1662      11    2751      11     1.8    1662      11    2751      11     1.8
all-interval 400 4     0   87.00    4003      39    7864      39     2.6    4003      39    7864      39     2.6
all-interval 400 4     0  453.68   25015     252   49963     252     3.2   25015     252   49963     252     3.2
all-interval 400 4     0  351.64   16323     141   30282     141     2.6   16323     141   30282     141     2.6
all-interval 400 4     0  107.81    4307      34    7673      34     2.0    4307      34    7673      34     2.0
all-interval 400 4     0  124.73    4672      36    8236      36     1.4    4672      36    8236      36     1.4
all-interval 400 4     0   76.72    3652      29    6523      29     2.5    3652      29    6523      29     2.5
all-interval 400 4     0  349.06   15575     133   28742     133     2.7   15575     133   28742     133     2.7
all-interval 400 4     0  375.14   22003     205   42298     205     2.6   22003     205   42298     205     2.6
all-interval 400 4     0   23.66     524       2     722       2     0.1     524       2     722       2     0.1
