all-interval 400 8     0   35.40    1620      15    3105      15     2.6    1620      15    3105      15     2.6
all-interval 400 8     0  108.03    6112      71   13141      71     3.5    6112      71   13141      71     3.5
all-interval 400 8     0   91.85    4936      44    9292      44     2.5    4936      44    9292      44     2.5
all-interval 400 8     0   25.28     805      13    2092      13     4.5     805      13    2092      13     4.5
all-interval 400 8     0   21.85     392       0     392       0     0.0     392       0     392       0     0.0
all-interval 400 8     0   38.46    1327      10    2317      10     3.2    1327      10    2317      10     3.2
all-interval 400 8     0  120.00    5993      45   10448      45     2.2    5993      45   10448      45     2.2
all-interval 400 8     0  185.16   10132      94   19438      94     2.9   10132      94   19438      94     2.9
all-interval 400 8     0   43.40    1675      12    2863      12     1.7    1675      12    2863      12     1.7
all-interval 400 8     0   43.43    1972      19    3853      19     2.3    1972      19    3853      19     2.3
all-interval 400 8     0   21.90     393       0     393       0     0.0     393       0     393       0     0.0
all-interval 400 8     0  123.40    6902      64   13238      64     3.1    6902      64   13238      64     3.1
all-interval 400 8     0   57.49    2281      18    4063      18     2.3    2281      18    4063      18     2.3
all-interval 400 8     0   31.85     951       4    1347       4     0.7     951       4    1347       4     0.7
all-interval 400 8     0   60.30    1742       8    2534       8     1.2    1742       8    2534       8     1.2
all-interval 400 8     0   54.90    1602       7    2295       7     0.9    1602       7    2295       7     0.9
all-interval 400 8     0   43.39    1525       9    2416       9     1.0    1525       9    2416       9     1.0
all-interval 400 8     0   57.46    3008      26    5582      26     2.5    3008      26    5582      26     2.5
all-interval 400 8     0   94.46    3581      22    5759      22     2.3    3581      22    5759      22     2.3
all-interval 400 8     0   88.14    3458      31    6527      31     2.4    3458      31    6527      31     2.4
all-interval 400 8     0   29.67    1062       9    1953       9     3.1    1062       9    1953       9     3.1
all-interval 400 8     0   81.66    2592      23    4869      23     2.8    2592      23    4869      23     2.8
all-interval 400 8     0   81.43    3823      38    7585      38     2.8    3823      38    7585      38     2.8
all-interval 400 8     0  211.60   10747      89   19558      89     2.7   10747      89   19558      89     2.7
all-interval 400 8     0   46.28    2057      17    3740      17     2.4    2057      17    3740      17     2.4
all-interval 400 8     0   66.30    2263      15    3748      15     2.5    2263      15    3748      15     2.5
all-interval 400 8     0   24.36     542       2     740       2     0.4     542       2     740       2     0.4
all-interval 400 8     0  151.91    7026      59   12867      59     2.5    7026      59   12867      59     2.5
all-interval 400 8     0   30.40     860       4    1256       4     1.2     860       4    1256       4     1.2
all-interval 400 8     0   79.96    3924      34    7290      34     2.6    3924      34    7290      34     2.6
all-interval 400 8     0  124.34    5987      65   12422      65     3.1    5987      65   12422      65     3.1
all-interval 400 8     0  116.74    6292      60   12232      60     3.2    6292      60   12232      60     3.2
all-interval 400 8     0  182.28   10864     107   21457     107     3.1   10864     107   21457     107     3.1
all-interval 400 8     0  121.52    7261      70   14191      70     2.7    7261      70   14191      70     2.7
all-interval 400 8     0   22.16     396       0     396       0     0.0     396       0     396       0     0.0
all-interval 400 8     0  101.30    3452      20    5432      20     1.5    3452      20    5432      20     1.5
all-interval 400 8     0   73.62    3440      30    6410      30     2.8    3440      30    6410      30     2.8
all-interval 400 8     0   21.65     391       0     391       0     0.0     391       0     391       0     0.0
all-interval 400 8     0  155.56    7515      73   14742      73     2.3    7515      73   14742      73     2.3
all-interval 400 8     0   35.93    1392       8    2184       8     3.0    1392       8    2184       8     3.0
all-interval 400 8     0   67.89    2136      11    3225      11     1.1    2136      11    3225      11     1.1
all-interval 400 8     0  164.14    8864      84   17180      84     3.4    8864      84   17180      84     3.4
all-interval 400 8     0   38.64    1355       7    2048       7     1.4    1355       7    2048       7     1.4
all-interval 400 8     0  236.47   12180     114   23466     114     2.8   12180     114   23466     114     2.8
all-interval 400 8     0   45.07    1991      21    4070      21     3.0    1991      21    4070      21     3.0
all-interval 400 8     0   22.17     396       0     396       0     0.0     396       0     396       0     0.0
all-interval 400 8     0   42.47    1922      14    3308      14     2.5    1922      14    3308      14     2.5
all-interval 400 8     0   61.34    2480      15    3965      15     1.7    2480      15    3965      15     1.7
all-interval 400 8     0   43.04    1696      10    2686      10     1.6    1696      10    2686      10     1.6
all-interval 400 8     0   52.94    2595      22    4773      22     2.0    2595      22    4773      22     2.0
