all-interval 400 2     0  177.28    8348      76   15872      76     2.6    8348      76   15872      76     2.6
all-interval 400 2     0  416.98   23566     228   46138     228     3.1   23566     228   46138     228     3.1
all-interval 400 2     0  738.29   37513     339   71074     339     2.7   37513     339   71074     339     2.7
all-interval 400 2     0  327.69   15305     135   28670     135     2.7   15305     135   28670     135     2.7
all-interval 400 2     0  349.60   19688     194   38894     194     3.0   19688     194   38894     194     3.0
all-interval 400 2     0   68.95    3644      35    7109      35     2.5    3644      35    7109      35     2.5
all-interval 400 2     0   25.13     640       3     937       3     1.6     640       3     937       3     1.6
all-interval 400 2     0   55.12    1721       9    2612       9     1.3    1721       9    2612       9     1.3
all-interval 400 2     0  585.65   30972     296   60276     296     2.7   30972     296   60276     296     2.7
all-interval 400 2     0  436.12   21209     191   40118     191     2.8   21209     191   40118     191     2.8
all-interval 400 2     0  112.98    4944      40    8904      40     3.0    4944      40    8904      40     3.0
all-interval 400 2     0  317.84   14883     130   27753     130     2.6   14883     130   27753     130     2.6
all-interval 400 2     0  174.16    8862      82   16980      82     2.9    8862      82   16980      82     2.9
all-interval 400 2     0  143.21    6525      61   12564      61     3.2    6525      61   12564      61     3.2
all-interval 400 2     0  318.80   12300      97   21903      97     2.3   12300      97   21903      97     2.3
all-interval 400 2     0  155.36    7308      65   13743      65     2.4    7308      65   13743      65     2.4
all-interval 400 2     0  768.31   39293     360   74933     360     2.8   39293     360   74933     360     2.8
all-interval 400 2     0  143.57    7531      75   14956      75     3.3    7531      75   14956      75     3.3
all-interval 400 2     0  693.55   35276     316   66560     316     2.7   35276     316   66560     316     2.7
all-interval 400 2     0  181.17   10541     110   21431     110     3.1   10541     110   21431     110     3.1
all-interval 400 2     0  818.90   43797     409   84288     409     2.8   43797     409   84288     409     2.8
all-interval 400 2     0  500.74   26864     252   51812     252     2.9   26864     252   51812     252     2.9
all-interval 400 2     0  146.94    9417     106   19911     106     3.1    9417     106   19911     106     3.1
all-interval 400 2     0  258.58   13022     113   24209     113     2.5   13022     113   24209     113     2.5
all-interval 400 2     0  205.47   10212      93   19419      93     2.7   10212      93   19419      93     2.7
all-interval 400 2     0  172.61    9690      89   18501      89     3.1    9690      89   18501      89     3.1
all-interval 400 2     0  207.44    9536      91   18545      91     2.6    9536      91   18545      91     2.6
all-interval 400 2     0  408.55   23378     240   47138     240     3.0   23378     240   47138     240     3.0
all-interval 400 2     0  668.50   33141     288   61653     288     2.7   33141     288   61653     288     2.7
all-interval 400 2     0  346.79   16619     155   31964     155     2.9   16619     155   31964     155     2.9
all-interval 400 2     0  127.64    5443      44    9799      44     2.5    5443      44    9799      44     2.5
all-interval 400 2     0  846.90   44901     433   87768     433     3.0   44901     433   87768     433     3.0
all-interval 400 2     0  177.28    8348      76   15872      76     2.6    8348      76   15872      76     2.6
all-interval 400 2     0  301.23   14659     124   26935     124     2.2   14659     124   26935     124     2.2
all-interval 400 2     0   99.11    4189      27    6862      27     2.0    4189      27    6862      27     2.0
all-interval 400 2     0  119.60    5841      53   11088      53     2.4    5841      53   11088      53     2.4
all-interval 400 2     0  170.08    8359      76   15883      76     2.6    8359      76   15883      76     2.6
all-interval 400 2     0  675.62   37054     344   71110     344     2.9   37054     344   71110     344     2.9
all-interval 400 2     0  136.06    8932      96   18436      96     3.1    8932      96   18436      96     3.1
all-interval 400 2     0   32.89    1111       6    1705       6     1.9    1111       6    1705       6     1.9
all-interval 400 2     0  181.78    9255      82   17373      82     2.3    9255      82   17373      82     2.3
all-interval 400 2     0  252.53   12521     121   24500     121     3.1   12521     121   24500     121     3.1
all-interval 400 2     0  420.91   18921     170   35751     170     2.6   18921     170   35751     170     2.6
all-interval 400 2     0  272.48   12311     100   22211     100     2.8   12311     100   22211     100     2.8
all-interval 400 2     0   80.04    3713      28    6485      28     2.5    3713      28    6485      28     2.5
all-interval 400 2     0  604.58   30383     271   57212     271     2.7   30383     271   57212     271     2.7
all-interval 400 2     0  376.32   16372     134   29638     134     2.1   16372     134   29638     134     2.1
all-interval 400 2     0  182.27   10864     107   21457     107     3.1   10864     107   21457     107     3.1
all-interval 400 2     0   59.41    1688       6    2282       6     2.2    1688       6    2282       6     2.2
all-interval 400 2     0  177.09   10562     105   20957     105     3.3   10562     105   20957     105     3.3
