all-interval 500 2     0  194.66    3447      23    6299      23     2.9    3447      23    6299      23     2.9
all-interval 500 2     0  235.01    5832      42   11040      42     2.5    5832      42   11040      42     2.5
all-interval 500 2     0  330.06   11314     103   24086     103     3.9   11314     103   24086     103     3.9
all-interval 500 2     0  438.28   13608     111   27372     111     3.3   13608     111   27372     111     3.3
all-interval 500 2     0  693.01   21218     163   41430     163     2.9   21218     163   41430     163     2.9
all-interval 500 2     0 1179.40   37119     288   72831     288     2.8   37119     288   72831     288     2.8
all-interval 500 2     0 -4294371.57   16776     129   32772     129     2.6   16776     129   32772     129     2.6
all-interval 500 2     0  280.22    9506      88   20418      88     3.4    9506      88   20418      88     3.4
all-interval 500 2     0 1059.04   36685     302   74133     302     2.9   36685     302   74133     302     2.9
all-interval 500 2     0  281.46    6062      38   10774      38     2.0    6062      38   10774      38     2.0
all-interval 500 2     0  797.38   25933     218   52965     218     3.4   25933     218   52965     218     3.4
all-interval 500 2     0 1312.55   39764     297   76592     297     2.9   39764     297   76592     297     2.9
all-interval 500 2     0  978.74   28776     234   57792     234     2.9   28776     234   57792     234     2.9
all-interval 500 2     0  728.15   15124     104   28020     104     2.8   15124     104   28020     104     2.8
all-interval 500 2     0  206.99    6018      48   11970      48     3.3    6018      48   11970      48     3.3
all-interval 500 2     0  591.40   16417     129   32413     129     2.9   16417     129   32413     129     2.9
all-interval 500 2     0  687.03   20141     159   39857     159     2.8   20141     159   39857     159     2.8
all-interval 500 2     0  314.47    8096      60   15536      60     3.3    8096      60   15536      60     3.3
all-interval 500 2     0   71.10     818       1     942       1     0.0     818       1     942       1     0.0
all-interval 500 2     0  862.68   23320     178   45392     178     2.7   23320     178   45392     178     2.7
all-interval 500 2     0  381.71    8249      48   14201      48     2.4    8249      48   14201      48     2.4
all-interval 500 2     0 1037.46   27718     228   55990     228     3.3   27718     228   55990     228     3.3
all-interval 500 2     0  501.46   13973     105   26993     105     2.7   13973     105   26993     105     2.7
all-interval 500 2     0  956.01   28301     228   56573     228     3.1   28301     228   56573     228     3.1
all-interval 500 2     0  234.83    5578      38   10290      38     2.9    5578      38   10290      38     2.9
all-interval 500 2     0   85.10    2430      24    5406      24     4.3    2430      24    5406      24     4.3
all-interval 500 2     0  575.28   17138     137   34126     137     3.3   17138     137   34126     137     3.3
all-interval 500 2     0 1225.31   37309     299   74385     299     2.9   37309     299   74385     299     2.9
all-interval 500 2     0  378.44   11177      87   21965      87     2.9   11177      87   21965      87     2.9
all-interval 500 2     0  117.07    3241      21    5845      21     3.2    3241      21    5845      21     3.2
all-interval 500 2     0 1505.28   42756     304   80452     304     2.6   42756     304   80452     304     2.6
all-interval 500 2     0  462.68   11040      83   21332      83     2.7   11040      83   21332      83     2.7
all-interval 500 2     0   52.24     495       0     495       0     0.0     495       0     495       0     0.0
all-interval 500 2     0  335.99   11247      97   23275      97     3.4   11247      97   23275      97     3.4
all-interval 500 2     0  248.10    4965      38    9677      38     3.1    4965      38    9677      38     3.1
all-interval 500 2     0  874.04   23809     163   44021     163     2.5   23809     163   44021     163     2.5
all-interval 500 2     0  356.41   12113      99   24389      99     2.7   12113      99   24389      99     2.7
all-interval 500 2     0  558.87   14526     103   27298     103     2.4   14526     103   27298     103     2.4
all-interval 500 2     0  483.12   12619      96   24523      96     3.2   12619      96   24523      96     3.2
all-interval 500 2     0  960.38   24867     181   47311     181     2.8   24867     181   47311     181     2.8
all-interval 500 2     0  375.52   10634      79   20430      79     2.9   10634      79   20430      79     2.9
all-interval 500 2     0 1441.96   34360     246   64864     246     2.6   34360     246   64864     246     2.6
all-interval 500 2     0 1209.70   34846     276   69070     276     3.0   34846     276   69070     276     3.0
all-interval 500 2     0 1402.78   38729     287   74317     287     2.8   38729     287   74317     287     2.8
all-interval 500 2     0   95.65    2068      13    3680      13     2.8    2068      13    3680      13     2.8
all-interval 500 2     0  435.30   10588      74   19764      74     2.5   10588      74   19764      74     2.5
all-interval 500 2     0  139.29    2889      17    4997      17     2.9    2889      17    4997      17     2.9
all-interval 500 2     0  166.74    3511      21    6115      21     2.1    3511      21    6115      21     2.1
all-interval 500 2     0 1983.87   52484     378   99356     378     2.6   52484     378   99356     378     2.6
all-interval 500 2     0  404.84   14472     118   29104     118     3.1   14472     118   29104     118     3.1
