alpha 0 1     0    0.17   18548   12354    8718    1262     1.9   18548   12354    8718    1262     1.9
alpha 0 1     0    0.28   29743   20021   13924    2101     2.0   29743   20021   13924    2101     2.0
alpha 0 1     0    0.23   24816   16853   11499    1768     1.9   24816   16853   11499    1768     1.9
alpha 0 1     0    0.18   19485   13122    9095    1366     1.9   19485   13122    9095    1366     1.9
alpha 0 1     0    0.22   23579   15881   11010    1656     1.9   23579   15881   11010    1656     1.9
alpha 0 1     0    0.20   21470   14599    9895    1512     1.9   21470   14599    9895    1512     1.9
alpha 0 1     0    0.28   30622   20504   14408    2145     2.0   30622   20504   14408    2145     2.0
alpha 0 1     0    0.14   14849   10025    6918    1047     2.0   14849   10025    6918    1047     2.0
alpha 0 1     0    0.03    3571    2452    1643     262     2.0    3571    2452    1643     262     2.0
alpha 0 1     0    0.05    5367    3619    2486     369     1.9    5367    3619    2486     369     1.9
alpha 0 1     0    0.02    2206    1488    1024     153     2.0    2206    1488    1024     153     2.0
alpha 0 1     0    0.02    2290    1580    1058     174     2.2    2290    1580    1058     174     2.2
alpha 0 1     0    0.05    5278    3546    2460     364     1.9    5278    3546    2460     364     1.9
alpha 0 1     0    0.03    3314    2221    1545     226     1.7    3314    2221    1545     226     1.7
alpha 0 1     0    0.07    7045    4746    3251     476     1.9    7045    4746    3251     476     1.9
alpha 0 1     0    0.04    3930    2617    1801     244     2.1    3930    2617    1801     244     2.1
alpha 0 1     0    0.11   11320    7731    5221     816     2.0   11320    7731    5221     816     2.0
alpha 0 1     0    0.34   36103   24450   16843    2595     2.0   36103   24450   16843    2595     2.0
alpha 0 1     0    0.06    6571    4523    3016     484     1.9    6571    4523    3016     484     1.9
alpha 0 1     0    0.08    8194    5600    3796     601     1.9    8194    5600    3796     601     1.9
alpha 0 1     0    0.20   21439   14499    9964    1512     2.0   21439   14499    9964    1512     2.0
alpha 0 1     0    0.02    2278    1539    1067     164     1.8    2278    1539    1067     164     1.8
alpha 0 1     0    0.17   18551   12575    8674    1349     1.9   18551   12575    8674    1349     1.9
alpha 0 1     0    0.10   10307    6944    4801     719     1.9   10307    6944    4801     719     1.9
alpha 0 1     0    0.10   10964    7411    5085     766     2.1   10964    7411    5085     766     2.1
alpha 0 1     0    0.04    4660    3115    2233     344     2.0    4660    3115    2233     344     2.0
alpha 0 1     0    0.18   18965   12903    8760    1349     2.0   18965   12903    8760    1349     2.0
alpha 0 1     0    0.04    3717    2546    1731     280     2.0    3717    2546    1731     280     2.0
alpha 0 1     0    0.02    1694    1131     789     113     1.9    1694    1131     789     113     1.9
alpha 0 1     0    0.04    4119    2734    1937     276     1.9    4119    2734    1937     276     1.9
alpha 0 2     0    0.02    1914    1276     878     120     1.9    1914    1276     878     120     1.9
alpha 0 2     0    0.13   13826    9397    6393     982     2.0   13826    9397    6393     982     2.0
alpha 0 2     0    0.01     796     526     382      56     2.0     796     526     382      56     2.0
alpha 0 2     0    0.02    1955    1313     900     129     1.9    1955    1313     900     129     1.9
alpha 0 2     0    0.15   16309   11041    7586    1159     2.3   16309   11041    7586    1159     2.3
alpha 0 2     0    0.01    1164     788     530      77     2.1    1164     788     530      77     2.1
alpha 0 2     0    0.07    7581    5084    3555     529     1.9    7581    5084    3555     529     1.9
alpha 0 2     0    0.03    2652    1778    1220     173     2.1    2652    1778    1220     173     2.1
alpha 0 2     0    0.02    1513     995     732     107     1.8    1513     995     732     107     1.8
alpha 0 2     0    0.03    2521    1748    1169     198     2.0    2521    1748    1169     198     2.0
alpha 0 2     0    0.09    9362    6237    4387     631     2.0    9362    6237    4387     631     2.0
alpha 0 2     0    0.06    5842    4021    2669     424     1.8    5842    4021    2669     424     1.8
alpha 0 2     0    0.01    1303     896     603      98     1.9    1303     896     603      98     1.9
alpha 0 2     0    0.04    4094    2761    1905     286     2.0    4094    2761    1905     286     2.0
alpha 0 2     0    0.10   10491    7118    4887     757     2.1   10491    7118    4887     757     2.1
alpha 0 2     0    0.12   12769    8691    5920     921     1.9   12769    8691    5920     921     1.9
alpha 0 2     0    0.06    6137    4214    2827     452     2.0    6137    4214    2827     452     2.0
alpha 0 2     0    0.03    3019    2034    1421     218     2.1    3019    2034    1421     218     2.1
alpha 0 2     0    0.01     563     357     274      34     1.8     563     357     274      34     1.8
alpha 0 2     0    0.02    2130    1458     974     151     1.7    2130    1458     974     151     1.7
alpha 0 2     0    0.06    6558    4423    3085     475     1.9    6558    4423    3085     475     1.9
alpha 0 2     0    0.06    5641    3778    2663     400     2.0    5641    3778    2663     400     2.0
alpha 0 2     0    0.00     150      80      86       8     2.4     150      80      86       8     2.4
alpha 0 2     0    0.07    6792    4538    3172     459     1.9    6792    4538    3172     459     1.9
alpha 0 2     0    0.03    2556    1686    1214     172     1.9    2556    1686    1214     172     1.9
alpha 0 2     0    0.04    4205    2766    1971     266     2.0    4205    2766    1971     266     2.0
alpha 0 2     0    0.07    7015    4633    3344     481     2.0    7015    4633    3344     481     2.0
alpha 0 2     0    0.11   11715    7907    5488     840     1.9   11715    7907    5488     840     1.9
alpha 0 2     0    0.04    4560    3041    2137     309     1.9    4560    3041    2137     309     1.9
alpha 0 2     0    0.05    5143    3488    2391     368     1.9    5143    3488    2391     368     1.9
alpha 0 4     0    0.03    2155    1429    1020     147     1.9    2155    1429    1020     147     1.9
alpha 0 4     0    0.01     755     489     360      47     1.7     755     489     360      47     1.7
alpha 0 4     0    0.05    4417    3040    2031     327     1.9    4417    3040    2031     327     1.9
alpha 0 4     0    0.14   14407    9683    6784    1030     2.1   14407    9683    6784    1030     2.1
alpha 0 4     0    0.04    3241    2154    1521     217     1.8    3241    2154    1521     217     1.8
alpha 0 4     0    0.02    1176     792     554      85     2.1    1176     792     554      85     2.1
alpha 0 4     0    0.09    9426    6383    4413     685     2.0    9426    6383    4413     685     2.0
alpha 0 4     0    0.01     729     479     346      48     2.6     729     479     346      48     2.6
alpha 0 4     0    0.06    6255    4241    2942     464     2.0    6255    4241    2942     464     2.0
alpha 0 4     0    0.05    5034    3366    2354     343     1.9    5034    3366    2354     343     1.9
alpha 0 4     0    0.03    2730    1782    1290     171     1.8    2730    1782    1290     171     1.8
alpha 0 4     0    0.05    4988    3365    2291     334     1.9    4988    3365    2291     334     1.9
alpha 0 4     0    0.01     994     666     460      66     1.7     994     666     460      66     1.7
alpha 0 4     0    0.02    1304     883     615      97     1.9    1304     883     615      97     1.9
alpha 0 4     0    0.03    2796    1915    1291     205     2.1    2796    1915    1291     205     2.1
alpha 0 4     0    0.02    1928    1310     884     133     2.4    1928    1310     884     133     2.4
alpha 0 4     0    0.04    4368    2942    2038     306     2.1    4368    2942    2038     306     2.1
alpha 0 4     0    0.02    1466     945     699      89     2.0    1466     945     699      89     2.0
alpha 0 4     0    0.03    2325    1528    1127     165     1.9    2325    1528    1127     165     1.9
alpha 0 4     0    0.04    3217    2149    1520     226     1.9    3217    2149    1520     226     1.9
alpha 0 4     0    0.06    5402    3572    2562     366     2.0    5402    3572    2562     366     2.0
alpha 0 4     0    0.04    3970    2688    1874     296     2.1    3970    2688    1874     296     2.1
alpha 0 4     0    0.06    5335    3524    2547     368     1.9    5335    3524    2547     368     1.9
alpha 0 4     0    0.03    2251    1551    1034     167     1.8    2251    1551    1034     167     1.8
alpha 0 4     0    0.03    2340    1620    1078     179     1.8    2340    1620    1078     179     1.8
alpha 0 4     0    0.05    4941    3320    2313     346     1.9    4941    3320    2313     346     1.9
alpha 0 4     0    0.04    3140    2109    1465     217     2.0    3140    2109    1465     217     2.0
alpha 0 4     0    0.02    1276     865     593      91     1.9    1276     865     593      91     1.9
alpha 0 4     0    0.06    5348    3642    2488     391     1.9    5348    3642    2488     391     1.9
alpha 0 4     0    0.01     806     507     389      45     2.2     806     507     389      45     2.2
alpha 0 8     0    0.03    2434    1657    1125     174     2.0    2434    1657    1125     174     2.0
alpha 0 8     0    0.06    5576    3747    2641     406     1.9    5576    3747    2641     406     1.9
alpha 0 8     0    0.03    2302    1521    1095     157     2.1    2302    1521    1095     157     2.1
alpha 0 8     0    0.02     960     635     443      59     1.9     960     635     443      59     1.9
alpha 0 8     0    0.02     830     510     412      46     1.5     830     510     412      46     1.5
alpha 0 8     0    0.04    2952    1962    1392     201     2.1    2952    1962    1392     201     2.1
alpha 0 8     0    0.05    4557    3064    2129     318     2.0    4557    3064    2129     318     2.0
alpha 0 8     0    0.03    1682    1126     790     117     2.2    1682    1126     790     117     2.2
alpha 0 8     0    0.02     657     426     315      42     1.9     657     426     315      42     1.9
alpha 0 8     0    0.02    1406     961     651     103     2.1    1406     961     651     103     2.1
alpha 0 8     0    0.01     399     245     196      21     1.8     399     245     196      21     1.8
alpha 0 8     0    0.04    3583    2443    1680     270     2.0    3583    2443    1680     270     2.0
alpha 0 8     0    0.02    1024     665     483      62     1.6    1024     665     483      62     1.6
alpha 0 8     0    0.03    2156    1431    1009     142     2.1    2156    1431    1009     142     2.1
alpha 0 8     0    0.01     499     314     229      22     1.8     499     314     229      22     1.8
alpha 0 8     0    0.01     463     295     222      27     1.6     463     295     222      27     1.6
alpha 0 8     0    0.04    3133    2062    1481     205     1.9    3133    2062    1481     205     1.9
alpha 0 8     0    0.04    2802    1838    1348     192     2.0    2802    1838    1348     192     2.0
alpha 0 8     0    0.02    1436     949     657      85     1.9    1436     949     657      85     1.9
alpha 0 8     0    0.03    2139    1481     962     152     1.7    2139    1481     962     152     1.7
alpha 0 8     0    0.07    6929    4634    3247     476     2.1    6929    4634    3247     476     2.1
alpha 0 8     0    0.03    2051    1378     957     142     2.2    2051    1378     957     142     2.2
alpha 0 8     0    0.03    2066    1364    1012     155     2.0    2066    1364    1012     155     2.0
alpha 0 8     0    0.02    1213     808     577      86     2.6    1213     808     577      86     2.6
alpha 0 8     0    0.02     780     519     361      50     1.8     780     519     361      50     1.8
alpha 0 8     0    0.03    1895    1270     911     143     2.1    1895    1270     911     143     2.1
alpha 0 8     0    0.03    1719    1162     783     113     2.0    1719    1162     783     113     2.0
alpha 0 8     0    0.02    1158     765     563      85     1.9    1158     765     563      85     1.9
alpha 0 8     0    0.04    2734    1795    1307     184     2.0    2734    1795    1307     184     2.0
alpha 0 8     0    0.02     842     552     406      58     1.8     842     552     406      58     1.8
alpha 0 16     0    0.04    1307     871     620      92     1.9    1307     871     620      92     1.9
alpha 0 16     0    0.04    1673    1093     792     106     1.8    1673    1093     792     106     1.8
alpha 0 16     0    0.03     986     659     457      65     1.7     986     659     457      65     1.7
alpha 0 16     0    0.02     483     316     227      30     1.8     483     316     227      30     1.8
alpha 0 16     0    0.03     696     450     332      43     2.0     696     450     332      43     2.0
alpha 0 16     0    0.04    1985    1332     923     135     1.8    1985    1332     923     135     1.8
alpha 0 16     0    0.03     699     439     324      32     2.0     699     439     324      32     2.0
alpha 0 16     0    0.03     805     524     387      53     2.0     805     524     387      53     2.0
alpha 0 16     0    0.03    1013     654     493      67     2.0    1013     654     493      67     2.0
alpha 0 16     0    0.03    1237     819     580      81     1.8    1237     819     580      81     1.8
alpha 0 16     0    0.03    1335     914     607      93     1.9    1335     914     607      93     1.9
alpha 0 16     0    0.02     244     135     127       9     1.6     244     135     127       9     1.6
alpha 0 16     0    0.03     607     397     292      41     2.0     607     397     292      41     2.0
alpha 0 16     0    0.03     672     418     330      38     1.9     672     418     330      38     1.9
alpha 0 16     0    0.03     764     482     386      52     1.9     764     482     386      52     1.9
alpha 0 16     0    0.04    2217    1480    1045     154     1.8    2217    1480    1045     154     1.8
alpha 0 16     0    0.03    1247     849     588      95     1.8    1247     849     588      95     1.8
alpha 0 16     0    0.03     872     572     410      55     1.8     872     572     410      55     1.8
alpha 0 16     0    0.03     665     418     321      37     1.9     665     418     321      37     1.9
alpha 0 16     0    0.03     696     443     325      36     1.6     696     443     325      36     1.6
alpha 0 16     0    0.03    1354     926     634     103     1.9    1354     926     634     103     1.9
alpha 0 16     0    0.03     744     488     344      44     1.9     744     488     344      44     1.9
alpha 0 16     0    0.03    1584    1071     725     106     1.9    1584    1071     725     106     1.9
alpha 0 16     0    0.04    1741    1204     797     130     1.7    1741    1204     797     130     1.7
alpha 0 16     0    0.04    2523    1703    1184     182     2.0    2523    1703    1184     182     2.0
alpha 0 16     0    0.03     569     383     258      36     1.9     569     383     258      36     1.9
alpha 0 16     0    0.03    1407     934     659      93     2.1    1407     934     659      93     2.1
alpha 0 16     0    0.04    2514    1691    1159     168     2.0    2514    1691    1159     168     2.0
alpha 0 16     0    0.03     567     367     268      34     1.8     567     367     268      34     1.8
alpha 0 16     0    0.04    1585    1052     749     108     1.9    1585    1052     749     108     1.9
