alpha 0 4     0    0.06    5310    3630    2488     404     2.0    5310    3630    2488     404     2.0
alpha 0 4     0    0.02    1168     762     548      71     2.0    1168     762     548      71     2.0
alpha 0 4     0    0.04    3529    2344    1669     242     2.0    3529    2344    1669     242     2.0
alpha 0 4     0    0.01     957     627     460      65     1.9     957     627     460      65     1.9
alpha 0 4     0    0.03    2146    1424    1022     150     1.7    2146    1424    1022     150     1.7
alpha 0 4     0    0.04    3889    2615    1814     270     1.9    3889    2615    1814     270     1.9
alpha 0 4     0    0.10    9766    6547    4557     669     1.9    9766    6547    4557     669     1.9
alpha 0 4     0    0.03    2529    1717    1190     189     2.3    2529    1717    1190     189     2.3
alpha 0 4     0    0.01     928     610     436      59     1.7     928     610     436      59     1.7
alpha 0 4     0    0.02    1244     806     588      75     1.8    1244     806     588      75     1.8
alpha 0 4     0    0.05    4624    3037    2207     310     2.0    4624    3037    2207     310     2.0
alpha 0 4     0    0.02    1053     683     508      69     2.2    1053     683     508      69     2.2
alpha 0 4     0    0.08    8510    5735    3951     588     2.0    8510    5735    3951     588     2.0
alpha 0 4     0    0.04    3903    2636    1825     279     1.9    3903    2636    1825     279     1.9
alpha 0 4     0    0.01     392     255     183      23     2.7     392     255     183      23     2.7
alpha 0 4     0    0.02    1620    1165     737     141     1.9    1620    1165     737     141     1.9
alpha 0 4     0    0.01     950     630     430      55     1.7     950     630     430      55     1.7
alpha 0 4     0    0.02    1879    1290     885     148     1.9    1879    1290     885     148     1.9
alpha 0 4     0    0.05    4608    3146    2114     326     2.1    4608    3146    2114     326     2.1
alpha 0 4     0    0.02    1341     892     631      91     1.7    1341     892     631      91     1.7
alpha 0 4     0    0.06    6070    4078    2826     417     2.0    6070    4078    2826     417     2.0
alpha 0 4     0    0.05    5256    3524    2476     372     2.1    5256    3524    2476     372     2.1
alpha 0 4     0    0.03    2221    1508    1025     156     1.8    2221    1508    1025     156     1.8
alpha 0 4     0    0.02    1390     921     629      80     1.7    1390     921     629      80     1.7
alpha 0 4     0    0.01     451     277     222      24     1.9     451     277     222      24     1.9
alpha 0 4     0    0.04    3218    2197    1499     239     1.7    3218    2197    1499     239     1.7
alpha 0 4     0    0.02    1309     864     615      85     1.9    1309     864     615      85     1.9
alpha 0 4     0    0.02    2047    1391     956     150     1.9    2047    1391     956     150     1.9
alpha 0 4     0    0.03    2183    1488    1031     168     2.5    2183    1488    1031     168     2.5
alpha 0 4     0    0.01      96      49      53       3     2.0      96      49      53       3     2.0
alpha 0 8     0    0.03    2122    1419     993     145     1.7    2122    1419     993     145     1.7
alpha 0 8     0    0.03    1634    1098     762     113     2.0    1634    1098     762     113     2.0
alpha 0 8     0    0.02    1097     747     504      77     1.7    1097     747     504      77     1.7
alpha 0 8     0    0.03    1732    1157     831     128     1.8    1732    1157     831     128     1.8
alpha 0 8     0    0.02    1449     962     673      93     2.1    1449     962     673      93     2.1
alpha 0 8     0    0.03    1734    1124     840     115     1.7    1734    1124     840     115     1.7
alpha 0 8     0    0.03    2433    1636    1117     160     1.9    2433    1636    1117     160     1.9
alpha 0 8     0    0.01     451     293     218      30     1.8     451     293     218      30     1.8
alpha 0 8     0    0.02     929     623     412      53     1.9     929     623     412      53     1.9
alpha 0 8     0    0.03    1980    1296     948     132     2.0    1980    1296     948     132     2.0
alpha 0 8     0    0.01     135      72      71       4     1.6     135      72      71       4     1.6
alpha 0 8     0    0.02    1130     722     552      72     2.1    1130     722     552      72     2.1
alpha 0 8     0    0.02    1156     747     557      74     1.9    1156     747     557      74     1.9
alpha 0 8     0    0.01     481     294     239      26     1.5     481     294     239      26     1.5
alpha 0 8     0    0.01     553     360     259      33     1.5     553     360     259      33     1.5
alpha 0 8     0    0.03    2373    1603    1132     181     2.0    2373    1603    1132     181     2.0
alpha 0 8     0    0.02    1001     669     470      69     1.9    1001     669     470      69     1.9
alpha 0 8     0    0.02    1219     818     573      86     2.0    1219     818     573      86     2.0
alpha 0 8     0    0.03    2164    1450    1002     144     1.9    2164    1450    1002     144     1.9
alpha 0 8     0    0.01     322     203     149      15     1.7     322     203     149      15     1.7
alpha 0 8     0    0.03    2029    1327     942     120     2.2    2029    1327     942     120     2.2
alpha 0 8     0    0.02     962     648     442      64     1.8     962     648     442      64     1.8
alpha 0 8     0    0.03    1675    1097     780     101     1.9    1675    1097     780     101     1.9
alpha 0 8     0    0.03    1631    1097     766     116     2.1    1631    1097     766     116     2.1
alpha 0 8     0    0.02    1425     959     672     103     2.0    1425     959     672     103     2.0
alpha 0 8     0    0.02    1057     695     496      67     1.7    1057     695     496      67     1.7
alpha 0 8     0    0.02    1451     981     690     110     2.0    1451     981     690     110     2.0
alpha 0 8     0    0.03    2183    1488    1031     168     2.5    2183    1488    1031     168     2.5
alpha 0 8     0    0.03    1867    1281     858     136     2.1    1867    1281     858     136     2.1
alpha 0 8     0    0.02    1175     800     551      88     2.0    1175     800     551      88     2.0
alpha 0 16     0    0.04    1672    1125     777     115     1.8    1672    1125     777     115     1.8
alpha 0 16     0    0.04    2060    1407     941     144     2.0    2060    1407     941     144     2.0
alpha 0 16     0    0.03    1418     953     665     100     2.4    1418     953     665     100     2.4
alpha 0 16     0    0.03    1060     688     514      71     1.9    1060     688     514      71     1.9
alpha 0 16     0    0.03    1053     684     513      72     2.3    1053     684     513      72     2.3
alpha 0 16     0    0.03     769     514     359      52     1.5     769     514     359      52     1.5
alpha 0 16     0    0.03     921     615     436      65     2.0     921     615     436      65     2.0
alpha 0 16     0    0.03     708     446     342      40     1.8     708     446     342      40     1.8
alpha 0 16     0    0.03    1290     837     623      85     1.8    1290     837     623      85     1.8
alpha 0 16     0    0.03    1173     789     562      89     1.8    1173     789     562      89     1.8
alpha 0 16     0    0.03     667     429     330      46     2.3     667     429     330      46     2.3
alpha 0 16     0    0.04    2366    1588    1102     162     1.9    2366    1588    1102     162     1.9
alpha 0 16     0    0.02     363     227     182      23     1.6     363     227     182      23     1.6
alpha 0 16     0    0.02     513     334     245      33     2.1     513     334     245      33     2.1
alpha 0 16     0    0.02     211     128      97       7     1.7     211     128      97       7     1.7
alpha 0 16     0    0.04    2096    1389     997     145     1.8    2096    1389     997     145     1.8
alpha 0 16     0    0.02     190     111     101      11     2.2     190     111     101      11     2.2
alpha 0 16     0    0.04    2625    1731    1236     171     1.8    2625    1731    1236     171     1.8
alpha 0 16     0    0.04    1559    1033     740     107     1.8    1559    1033     740     107     1.8
alpha 0 16     0    0.03    1522    1033     711     111     2.2    1522    1033     711     111     2.2
alpha 0 16     0    0.03     959     615     444      50     1.8     959     615     444      50     1.8
alpha 0 16     0    0.03     799     531     370      51     1.9     799     531     370      51     1.9
alpha 0 16     0    0.04    2381    1606    1111     168     1.8    2381    1606    1111     168     1.8
alpha 0 16     0    0.04    2130    1413    1009     146     1.7    2130    1413    1009     146     1.7
alpha 0 16     0    0.05    3615    2387    1736     254     2.1    3615    2387    1736     254     2.1
alpha 0 16     0    0.05    3668    2499    1705     268     2.0    3668    2499    1705     268     2.0
alpha 0 16     0    0.03     506     333     239      33     1.8     506     333     239      33     1.8
alpha 0 16     0    0.03     961     609     476      62     2.0     961     609     476      62     2.0
alpha 0 16     0    0.03    1006     658     490      71     1.8    1006     658     490      71     1.8
alpha 0 16     0    0.03     618     407     291      40     1.9     618     407     291      40     1.9
