langford 80 4     0    0.59    2759      91    2668       0    15.1    2759      91    2668       0    15.1
langford 80 4     0    0.50    2384      79    2305       0    22.6    2384      79    2305       0    22.6
langford 80 4     0    0.84    4017     158    3856       0    13.9    4017     158    3856       0    13.9
langford 80 4     0    0.79    3795     135    3660       0    11.5    3795     135    3660       0    11.5
langford 80 4     0    2.84   13664     586   13076       1     7.5   13664     586   13076       1     7.5
langford 80 4     0    0.41    1973      63    1909       0    16.6    1973      63    1909       0    16.6
langford 80 4     0    0.34    1629      61    1570       1    23.9    1629      61    1570       1    23.9
langford 80 4     0    0.75    3590     146    3442       0    16.4    3590     146    3442       0    16.4
langford 80 4     0    0.69    3276     127    3148       0    20.0    3276     127    3148       0    20.0
langford 80 4     0    1.18    5663     233    5430       0     8.9    5663     233    5430       0     8.9
langford 80 4     0    0.54    2577      89    2488       0    18.3    2577      89    2488       0    18.3
langford 80 4     0    0.75    3589     139    3450       0    14.3    3589     139    3450       0    14.3
langford 80 4     0    1.82    8734     318    8415       0     6.1    8734     318    8415       0     6.1
langford 80 4     0    0.39    1847      75    1771       0    22.8    1847      75    1771       0    22.8
langford 80 4     0    0.77    3672     144    3528       0    15.7    3672     144    3528       0    15.7
langford 80 4     0    1.04    4983     187    4795       0    11.6    4983     187    4795       0    11.6
langford 80 4     0    1.43    6875     269    6607       1    12.1    6875     269    6607       1    12.1
langford 80 4     0    1.09    5237     197    5039       0    11.4    5237     197    5039       0    11.4
langford 80 4     0    0.46    2166      77    2087       0    22.6    2166      77    2087       0    22.6
langford 80 4     0    0.91    4362     183    4179       0    13.0    4362     183    4179       0    13.0
langford 80 4     0    0.45    2125      71    2051       0    20.5    2125      71    2051       0    20.5
langford 80 4     0    0.78    3721     138    3582       0    12.0    3721     138    3582       0    12.0
langford 80 4     0    0.70    3356     139    3217       0    17.5    3356     139    3217       0    17.5
langford 80 4     0    0.38    1808      75    1735       1    20.4    1808      75    1735       1    20.4
langford 80 4     0    0.44    2093      80    2013       0    20.1    2093      80    2013       0    20.1
langford 80 4     0    0.81    3851     138    3713       0    12.7    3851     138    3713       0    12.7
langford 80 4     0    0.35    1653      59    1594       0    21.7    1653      59    1594       0    21.7
langford 80 4     0    0.46    2164      81    2083       0    17.3    2164      81    2083       0    17.3
langford 80 4     0    1.90    9095     340    8755       1     8.1    9095     340    8755       1     8.1
langford 80 4     0    0.76    3632     129    3502       0    14.5    3632     129    3502       0    14.5
langford 80 8     0    0.38    1757      63    1696       1    27.7    1757      63    1696       1    27.7
langford 80 8     0    0.66    3114     126    2988       0    14.1    3114     126    2988       0    14.1
langford 80 8     0    0.59    2802     109    2693       0    21.2    2802     109    2693       0    21.2
langford 80 8     0    0.74    3496     139    3356       0    16.6    3496     139    3356       0    16.6
langford 80 8     0    0.43    2032      75    1957       0    16.3    2032      75    1957       0    16.3
langford 80 8     0    0.30    1403      61    1344       1    31.0    1403      61    1344       1    31.0
langford 80 8     0    0.46    2188      86    2102       0    21.5    2188      86    2102       0    21.5
langford 80 8     0    0.38    1780      85    1695       0    22.0    1780      85    1695       0    22.0
langford 80 8     0    1.03    4906     199    4708       1    12.4    4906     199    4708       1    12.4
langford 80 8     0    0.77    3674     144    3529       0    23.5    3674     144    3529       0    23.5
langford 80 8     0    1.02    4852     176    4676       0    10.4    4852     176    4676       0    10.4
langford 80 8     0    0.50    2345      89    2255       0    25.4    2345      89    2255       0    25.4
langford 80 8     0    0.42    1973      66    1906       0    21.4    1973      66    1906       0    21.4
langford 80 8     0    0.42    1972      74    1897       0    21.6    1972      74    1897       0    21.6
langford 80 8     0    0.48    2288      85    2202       0    19.3    2288      85    2202       0    19.3
langford 80 8     0    0.62    2931     109    2824       1    11.6    2931     109    2824       1    11.6
langford 80 8     0    0.75    3580     164    3418       1    15.6    3580     164    3418       1    15.6
langford 80 8     0    0.38    1795      61    1734       0    26.5    1795      61    1734       0    26.5
langford 80 8     0    0.48    2269      76    2195       1    16.2    2269      76    2195       1    16.2
langford 80 8     0    0.42    2002      57    1945       0    24.6    2002      57    1945       0    24.6
langford 80 8     0    0.42    1989      71    1918       0    24.3    1989      71    1918       0    24.3
langford 80 8     0    0.45    2124      83    2040       0    26.0    2124      83    2040       0    26.0
langford 80 8     0    0.44    2073      72    2001       0    24.6    2073      72    2001       0    24.6
langford 80 8     0    0.67    3174     120    3056       1    22.8    3174     120    3056       1    22.8
langford 80 8     0    0.61    2874      95    2779       0    12.6    2874      95    2779       0    12.6
langford 80 8     0    0.37    1740      45    1695       0    21.6    1740      45    1695       0    21.6
langford 80 8     0    0.35    1628      58    1570       0    29.7    1628      58    1570       0    29.7
langford 80 8     0    1.06    5082     211    4870       0    11.7    5082     211    4870       0    11.7
langford 80 8     0    0.34    1613      58    1555       0    25.9    1613      58    1555       0    25.9
langford 80 8     0    0.46    2145      91    2050       0    18.3    2145      91    2050       0    18.3
langford 80 16     0    0.39    1758      57    1701       0    22.2    1758      57    1701       0    22.2
langford 80 16     0    0.48    2228      89    2141       1    20.3    2228      89    2141       1    20.3
langford 80 16     0    0.59    2737     127    2610       0    12.1    2737     127    2610       0    12.1
langford 80 16     0    0.47    2169      76    2095       1    22.7    2169      76    2095       1    22.7
langford 80 16     0    0.63    2935     137    2798       0    17.9    2935     137    2798       0    17.9
langford 80 16     0    0.25    1101      34    1067       0    24.2    1101      34    1067       0    24.2
langford 80 16     0    0.61    2833      95    2738       0    16.4    2833      95    2738       0    16.4
langford 80 16     0    0.56    2619      99    2520       0    15.5    2619      99    2520       0    15.5
langford 80 16     0    0.56    2605     107    2498       0    19.5    2605     107    2498       0    19.5
langford 80 16     0    0.44    2040      88    1952       0    22.5    2040      88    1952       0    22.5
langford 80 16     0    0.40    1813      52    1761       0    26.8    1813      52    1761       0    26.8
langford 80 16     0    0.46    2148      71    2077       0    18.7    2148      71    2077       0    18.7
langford 80 16     0    0.52    2419      83    2336       0    16.6    2419      83    2336       0    16.6
langford 80 16     0    0.34    1536      51    1485       0    23.8    1536      51    1485       0    23.8
langford 80 16     0    0.59    2724      95    2627       0    22.3    2724      95    2627       0    22.3
langford 80 16     0    0.38    1685      78    1607       0    23.4    1685      78    1607       0    23.4
langford 80 16     0    0.38    1729      71    1657       0    26.0    1729      71    1657       0    26.0
langford 80 16     0    0.60    2796     102    2694       0    14.7    2796     102    2694       0    14.7
langford 80 16     0    0.55    2534      93    2441       0    25.5    2534      93    2441       0    25.5
langford 80 16     0    0.32    1462      62    1400       0    19.4    1462      62    1400       0    19.4
langford 80 16     0    0.59    2757     117    2640       0    12.8    2757     117    2640       0    12.8
langford 80 16     0    0.43    1966      83    1883       0    14.5    1966      83    1883       0    14.5
langford 80 16     0    0.29    1298      51    1247       0    20.4    1298      51    1247       0    20.4
langford 80 16     0    0.26    1169      48    1121       0    29.6    1169      48    1121       0    29.6
langford 80 16     0    0.43    1956      77    1879       0    13.6    1956      77    1879       0    13.6
langford 80 16     0    0.47    2134      87    2046       0    13.7    2134      87    2046       0    13.7
langford 80 16     0    0.33    1503      59    1444       0    19.6    1503      59    1444       0    19.6
langford 80 16     0    0.41    1871      78    1793       0    23.8    1871      78    1793       0    23.8
langford 80 16     0    0.46    2109      61    2047       0    21.4    2109      61    2047       0    21.4
langford 80 16     0    0.42    1915      69    1846       1    23.1    1915      69    1846       1    23.1
langford 100 4     0    1.55    4871     173    4695       0    14.5    4871     173    4695       0    14.5
langford 100 4     0    0.79    2476      97    2379       0    25.9    2476      97    2379       0    25.9
langford 100 4     0    0.72    2264      90    2174       0    22.5    2264      90    2174       0    22.5
langford 100 4     0    5.48   17279     651   16624       0     7.5   17279     651   16624       0     7.5
langford 100 4     0    0.82    2568      93    2475       0    20.1    2568      93    2475       0    20.1
langford 100 4     0    1.62    5099     182    4919       1    19.4    5099     182    4919       1    19.4
langford 100 4     0    1.72    5394     192    5202       0    16.9    5394     192    5202       0    16.9
langford 100 4     0    2.61    8214     332    7886       2    13.1    8214     332    7886       2    13.1
langford 100 4     0    1.57    4931     194    4739       1    19.2    4931     194    4739       1    19.2
langford 100 4     0    1.22    3837     167    3672       1    14.1    3837     167    3672       1    14.1
langford 100 4     0    1.60    5029     176    4853       0    13.0    5029     176    4853       0    13.0
langford 100 4     0    4.86   15314     535   14779       1     9.8   15314     535   14779       1     9.8
langford 100 4     0    1.75    5504     190    5314       0    16.1    5504     190    5314       0    16.1
langford 100 4     0    2.56    8057     310    7749       1    14.0    8057     310    7749       1    14.0
langford 100 4     0    2.65    8354     319    8034       0    10.8    8354     319    8034       0    10.8
langford 100 4     0    1.04    3263     129    3134       0    21.5    3263     129    3134       0    21.5
langford 100 4     0    1.58    4980     161    4818       0    23.3    4980     161    4818       0    23.3
langford 100 4     0    0.63    1983      79    1904       0    27.9    1983      79    1904       0    27.9
langford 100 4     0    2.99    9424     330    9095       1    17.6    9424     330    9095       1    17.6
langford 100 4     0    4.03   12680     468   12216       2     9.6   12680     468   12216       2     9.6
langford 100 4     0    0.70    2188      89    2099       0    32.9    2188      89    2099       0    32.9
langford 100 4     0    1.14    3567     139    3428       0    21.4    3567     139    3428       0    21.4
langford 100 4     0    1.38    4340     170    4170       0    13.6    4340     170    4170       0    13.6
langford 100 4     0    1.26    3969     134    3835       0    21.9    3969     134    3835       0    21.9
langford 100 4     0    1.29    4066     147    3918       0    15.7    4066     147    3918       0    15.7
langford 100 4     0    1.72    5412     217    5195       0    15.1    5412     217    5195       0    15.1
langford 100 4     0    1.12    3523     128    3395       0    26.5    3523     128    3395       0    26.5
langford 100 4     0    1.46    4597     170    4427       0    16.3    4597     170    4427       0    16.3
langford 100 4     0    1.25    3930     166    3766       1    24.3    3930     166    3766       1    24.3
langford 100 4     0    1.77    5564     217    5347       0    11.2    5564     217    5347       0    11.2
langford 100 8     0    1.89    5943     239    5704       0    18.3    5943     239    5704       0    18.3
langford 100 8     0    1.49    4654     188    4466       0    12.1    4654     188    4466       0    12.1
langford 100 8     0    1.27    3981     165    3816       0    17.5    3981     165    3816       0    17.5
langford 100 8     0    1.73    5430     224    5209       2    14.7    5430     224    5209       2    14.7
langford 100 8     0    3.12    9820     371    9449       1     8.9    9820     371    9449       1     8.9
langford 100 8     0    1.81    5677     201    5478       1    21.6    5677     201    5478       1    21.6
langford 100 8     0    0.90    2800     107    2693       0    18.3    2800     107    2693       0    18.3
langford 100 8     0    1.12    3518     147    3366       0    17.2    3518     147    3366       0    17.2
langford 100 8     0    0.94    2943     118    2825       0    25.5    2943     118    2825       0    25.5
langford 100 8     0    0.63    1949      67    1882       0    32.1    1949      67    1882       0    32.1
langford 100 8     0    1.98    6230     246    5983       0    14.5    6230     246    5983       0    14.5
langford 100 8     0    1.04    3247     119    3127       0    19.2    3247     119    3127       0    19.2
langford 100 8     0    1.65    5161     174    4986       0    17.6    5161     174    4986       0    17.6
langford 100 8     0    0.74    2306      93    2213       0    36.4    2306      93    2213       0    36.4
langford 100 8     0    1.83    5755     210    5544       0    14.6    5755     210    5544       0    14.6
langford 100 8     0    0.77    2401      94    2307       0    20.4    2401      94    2307       0    20.4
langford 100 8     0    1.97    6171     257    5914       0    14.6    6171     257    5914       0    14.6
langford 100 8     0    1.95    6119     244    5873       0    17.4    6119     244    5873       0    17.4
langford 100 8     0    2.76    8673     355    8318       0     8.0    8673     355    8318       0     8.0
langford 100 8     0    0.82    2545     108    2435       0    27.6    2545     108    2435       0    27.6
langford 100 8     0    1.00    3114     125    2989       0    24.9    3114     125    2989       0    24.9
langford 100 8     0    1.45    4526     173    4353       0    13.6    4526     173    4353       0    13.6
langford 100 8     0    0.82    2548      95    2451       0    31.2    2548      95    2451       0    31.2
langford 100 8     0    1.04    3245     138    3107       0    26.0    3245     138    3107       0    26.0
langford 100 8     0    0.73    2271     111    2162       1    23.7    2271     111    2162       1    23.7
langford 100 8     0    1.65    5175     189    4985       0    20.9    5175     189    4985       0    20.9
langford 100 8     0    0.89    2783      81    2702       0    21.4    2783      81    2702       0    21.4
langford 100 8     0    1.51    4743     191    4552       0    26.0    4743     191    4552       0    26.0
langford 100 8     0    1.94    6077     221    5855       0    11.6    6077     221    5855       0    11.6
langford 100 8     0    1.23    3848     147    3700       0    19.5    3848     147    3700       0    19.5
langford 100 16     0    1.05    3243     119    3122       0    21.5    3243     119    3122       0    21.5
langford 100 16     0    1.67    5213     185    5028       0    15.4    5213     185    5028       0    15.4
langford 100 16     0    1.11    3453     155    3298       0    15.9    3453     155    3298       0    15.9
langford 100 16     0    0.48    1454      56    1398       0    28.7    1454      56    1398       0    28.7
langford 100 16     0    1.32    4100     130    3972       1    16.8    4100     130    3972       1    16.8
langford 100 16     0    0.99    3060     126    2934       0    24.9    3060     126    2934       0    24.9
langford 100 16     0    1.07    3309     124    3185       0    18.2    3309     124    3185       0    18.2
langford 100 16     0    1.01    3117     123    2994       0    21.7    3117     123    2994       0    21.7
langford 100 16     0    0.92    2840     100    2742       1    20.3    2840     100    2742       1    20.3
langford 100 16     0    2.03    6335     238    6098       1    19.3    6335     238    6098       1    19.3
langford 100 16     0    0.86    2663     104    2561       1    21.4    2663     104    2561       1    21.4
langford 100 16     0    0.80    2466      91    2375       0    30.1    2466      91    2375       0    30.1
langford 100 16     0    1.12    3459     111    3348       0    19.0    3459     111    3348       0    19.0
langford 100 16     0    1.37    4254     155    4103       2    23.8    4254     155    4103       2    23.8
langford 100 16     0    0.96    2964     109    2853       0    23.0    2964     109    2853       0    23.0
langford 100 16     0    0.81    2476     110    2366       0    31.6    2476     110    2366       0    31.6
langford 100 16     0    0.71    2187      82    2104       0    25.2    2187      82    2104       0    25.2
langford 100 16     0    0.67    2060      84    1976       0    17.2    2060      84    1976       0    17.2
langford 100 16     0    0.58    1779      55    1724       0    25.6    1779      55    1724       0    25.6
langford 100 16     0    1.11    3457     126    3331       0    20.4    3457     126    3331       0    20.4
langford 100 16     0    1.14    3531     120    3410       0    17.8    3531     120    3410       0    17.8
langford 100 16     0    1.40    4362     163    4197       0    22.1    4362     163    4197       0    22.1
langford 100 16     0    1.58    4917     166    4751       0    15.0    4917     166    4751       0    15.0
langford 100 16     0    0.58    1770      62    1708       0    27.5    1770      62    1708       0    27.5
langford 100 16     0    1.24    3848     168    3680       0    19.1    3848     168    3680       0    19.1
langford 100 16     0    1.28    3975     177    3798       0    17.1    3975     177    3798       0    17.1
langford 100 16     0    0.37    1117      41    1076       0    42.5    1117      41    1076       0    42.5
langford 100 16     0    1.18    3662     131    3531       0    14.8    3662     131    3531       0    14.8
langford 100 16     0    0.61    1854      70    1784       0    24.8    1854      70    1784       0    24.8
langford 100 16     0    0.50    1519      46    1473       0    23.5    1519      46    1473       0    23.5
langford 120 4     0    2.32    5145     209    4936       0    18.3    5145     209    4936       0    18.3
langford 120 4     0    1.45    3211     128    3085       1    33.1    3211     128    3085       1    33.1
langford 120 4     0    5.23   11625     460   11163       0    11.2   11625     460   11163       0    11.2
langford 120 4     0    6.81   15149     602   14547       0     7.1   15149     602   14547       0     7.1
langford 120 4     0    1.24    2749     104    2645       0    30.6    2749     104    2645       0    30.6
langford 120 4     0    3.31    7354     246    7109       1    26.7    7354     246    7109       1    26.7
langford 120 4     0    4.68   10412     410    9990       0    11.2   10412     410    9990       0    11.2
langford 120 4     0    2.29    5079     201    4878       0    19.2    5079     201    4878       0    19.2
langford 120 4     0    1.41    3123     110    3013       0    25.4    3123     110    3013       0    25.4
langford 120 4     0    1.42    3152     116    3033       0    29.1    3152     116    3033       0    29.1
langford 120 4     0    6.32   14063     519   13542       0    15.0   14063     519   13542       0    15.0
langford 120 4     0    2.17    4830     187    4643       0    20.7    4830     187    4643       0    20.7
langford 120 4     0    8.80   19569     763   18805       0    10.7   19569     763   18805       0    10.7
langford 120 4     0   15.34   34135    1343   32782       3     7.8   34135    1343   32782       3     7.8
langford 120 4     0    2.84    6306     241    6063       0    22.2    6306     241    6063       0    22.2
langford 120 4     0    2.28    5067     182    4884       0    27.2    5067     182    4884       0    27.2
langford 120 4     0    2.86    6355     230    6125       0    12.3    6355     230    6125       0    12.3
langford 120 4     0    4.16    9236     344    8892       0    15.3    9236     344    8892       0    15.3
langford 120 4     0    1.53    3402     147    3255       0    28.7    3402     147    3255       0    28.7
langford 120 4     0    4.39    9761     414    9349       2    17.6    9761     414    9349       2    17.6
langford 120 4     0    3.10    6900     267    6635       1    17.4    6900     267    6635       1    17.4
langford 120 4     0    1.87    4143     150    3993       0    16.5    4143     150    3993       0    16.5
langford 120 4     0    3.16    7025     298    6726       0    20.1    7025     298    6726       0    20.1
langford 120 4     0    2.99    6636     253    6385       1    17.5    6636     253    6385       1    17.5
langford 120 4     0    3.00    6657     247    6410       0    21.5    6657     247    6410       0    21.5
langford 120 4     0    2.24    4978     180    4798       0    31.9    4978     180    4798       0    31.9
langford 120 4     0    6.24   13878     506   13372       0    13.3   13878     506   13372       0    13.3
langford 120 4     0    2.64    5870     234    5636       0    17.8    5870     234    5636       0    17.8
langford 120 4     0   13.48   29993    1187   28803       0     6.5   29993    1187   28803       0     6.5
langford 120 4     0    1.72    3827     135    3692       0    18.9    3827     135    3692       0    18.9
langford 120 8     0    2.27    5043     191    4852       0    21.2    5043     191    4852       0    21.2
langford 120 8     0    2.33    5170     189    4981       0    18.7    5170     189    4981       0    18.7
langford 120 8     0    3.71    8247     339    7905       0    15.5    8247     339    7905       0    15.5
langford 120 8     0    3.31    7352     293    7058       0    21.2    7352     293    7058       0    21.2
langford 120 8     0    1.87    4142     175    3967       0    26.1    4142     175    3967       0    26.1
langford 120 8     0    3.34    7412     285    7127       0    13.1    7412     285    7127       0    13.1
langford 120 8     0    2.74    6075     231    5845       1    24.7    6075     231    5845       1    24.7
langford 120 8     0    2.32    5137     177    4958       0    18.3    5137     177    4958       0    18.3
langford 120 8     0    2.67    5928     232    5695       0    20.5    5928     232    5695       0    20.5
langford 120 8     0    1.15    2546      99    2446       0    39.2    2546      99    2446       0    39.2
langford 120 8     0    1.95    4323     160    4164       1    26.5    4323     160    4164       1    26.5
langford 120 8     0    1.23    2707      90    2616       0    37.4    2707      90    2616       0    37.4
langford 120 8     0    3.36    7453     278    7174       0    16.7    7453     278    7174       0    16.7
langford 120 8     0    1.65    3647     124    3523       0    30.5    3647     124    3523       0    30.5
langford 120 8     0    5.05   11231     452   10777       0    11.8   11231     452   10777       0    11.8
langford 120 8     0    2.71    6016     245    5770       0    22.4    6016     245    5770       0    22.4
langford 120 8     0    3.15    6993     280    6710       0    10.4    6993     280    6710       0    10.4
langford 120 8     0    2.00    4430     174    4256       0    23.7    4430     174    4256       0    23.7
langford 120 8     0    2.54    5634     220    5414       0    15.9    5634     220    5414       0    15.9
langford 120 8     0    1.79    3955     143    3812       0    21.1    3955     143    3812       0    21.1
langford 120 8     0    3.02    6706     274    6432       0    19.5    6706     274    6432       0    19.5
langford 120 8     0    2.47    5471     204    5267       0    19.7    5471     204    5267       0    19.7
langford 120 8     0    4.19    9296     367    8929       0    16.6    9296     367    8929       0    16.6
langford 120 8     0    2.59    5754     251    5504       1    15.4    5754     251    5504       1    15.4
langford 120 8     0    1.94    4301     139    4160       0    22.9    4301     139    4160       0    22.9
langford 120 8     0    1.49    3297     114    3182       0    19.5    3297     114    3182       0    19.5
langford 120 8     0    2.55    5643     217    5425       0    19.6    5643     217    5425       0    19.6
langford 120 8     0    1.85    4100     144    3956       0    27.0    4100     144    3956       0    27.0
langford 120 8     0    2.41    5347     205    5142       0    19.9    5347     205    5142       0    19.9
langford 120 8     0    1.60    3541     126    3415       0    24.3    3541     126    3415       0    24.3
langford 120 16     0    1.47    3225     130    3097       1    28.1    3225     130    3097       1    28.1
langford 120 16     0    1.52    3342     125    3217       0    24.6    3342     125    3217       0    24.6
langford 120 16     0    1.88    4132     149    3983       0    22.0    4132     149    3983       0    22.0
langford 120 16     0    1.69    3719     152    3566       0    27.1    3719     152    3566       0    27.1
langford 120 16     0    1.82    4012     150    3862       0    22.3    4012     150    3862       0    22.3
langford 120 16     0    1.69    3710     132    3578       0    22.0    3710     132    3578       0    22.0
langford 120 16     0    1.46    3205     126    3079       0    23.4    3205     126    3079       0    23.4
langford 120 16     0    2.67    5911     220    5690       1    22.0    5911     220    5690       1    22.0
langford 120 16     0    3.47    7677     288    7391       1    18.2    7677     288    7391       1    18.2
langford 120 16     0    1.57    3443     125    3318       0    26.9    3443     125    3318       0    26.9
langford 120 16     0    3.06    6775     292    6483       0    20.5    6775     292    6483       0    20.5
langford 120 16     0    1.76    3878     138    3740       0    24.0    3878     138    3740       0    24.0
langford 120 16     0    3.29    7269     269    7000       0    15.6    7269     269    7000       0    15.6
langford 120 16     0    3.44    7607     310    7297       0    13.1    7607     310    7297       0    13.1
langford 120 16     0    2.29    5055     199    4856       0    27.8    5055     199    4856       0    27.8
langford 120 16     0    3.64    8063     339    7726       1    15.0    8063     339    7726       1    15.0
langford 120 16     0    3.06    6771     256    6517       1    19.7    6771     256    6517       1    19.7
langford 120 16     0    2.89    6389     253    6135       0    22.7    6389     253    6135       0    22.7
langford 120 16     0    2.96    6554     265    6289       0    20.7    6554     265    6289       0    20.7
langford 120 16     0    2.17    4786     214    4569       0    23.0    4786     214    4569       0    23.0
langford 120 16     0    1.42    3107      87    3020       0    30.0    3107      87    3020       0    30.0
langford 120 16     0    4.07    9022     339    8681       0    17.6    9022     339    8681       0    17.6
langford 120 16     0    1.44    3166     121    3043       0    25.4    3166     121    3043       0    25.4
langford 120 16     0    1.83    4030     154    3876       0    27.6    4030     154    3876       0    27.6
langford 120 16     0    1.93    4244     171    4075       1    21.8    4244     171    4075       1    21.8
langford 120 16     0    1.40    3072      99    2973       0    33.1    3072      99    2973       0    33.1
langford 120 16     0    1.20    2630      89    2540       0    36.9    2630      89    2540       0    36.9
langford 120 16     0    2.17    4783     176    4607       0    21.2    4783     176    4607       0    21.2
langford 120 16     0    2.89    6393     241    6152       0    16.4    6393     241    6152       0    16.4
langford 120 16     0    2.13    4701     160    4540       0    17.7    4701     160    4540       0    17.7
langford 140 4     0    5.23    8636     316    8320       0    17.7    8636     316    8320       0    17.7
langford 140 4     0    3.73    6158     250    5908       0    22.5    6158     250    5908       0    22.5
langford 140 4     0    5.29    8738     353    8384       0    20.9    8738     353    8384       0    20.9
langford 140 4     0    7.33   12126     493   11634       1    17.5   12126     493   11634       1    17.5
langford 140 4     0    4.08    6745     258    6486       0    22.2    6745     258    6486       0    22.2
langford 140 4     0    8.19   13532     535   12997       0    16.8   13532     535   12997       0    16.8
langford 140 4     0    7.50   12403     518   11886       1    16.7   12403     518   11886       1    16.7
langford 140 4     0    9.49   15694     596   15096       0    13.8   15694     596   15096       0    13.8
langford 140 4     0    1.89    3124     104    3020       0    31.0    3124     104    3020       0    31.0
langford 140 4     0    4.16    6867     257    6609       0    23.8    6867     257    6609       0    23.8
langford 140 4     0    5.13    8475     314    8161       0    20.3    8475     314    8161       0    20.3
langford 140 4     0    4.83    7975     296    7675       0    17.4    7975     296    7675       0    17.4
langford 140 4     0    4.67    7716     301    7415       0    24.3    7716     301    7415       0    24.3
langford 140 4     0    3.80    6272     244    6028       0    22.6    6272     244    6028       0    22.6
langford 140 4     0    5.09    8409     339    8070       1    15.8    8409     339    8070       1    15.8
langford 140 4     0    3.15    5197     187    5009       0    23.4    5197     187    5009       0    23.4
langford 140 4     0    5.07    8368     325    8040       0    14.4    8368     325    8040       0    14.4
langford 140 4     0    4.60    7598     284    7313       0    18.9    7598     284    7313       0    18.9
langford 140 4     0    7.93   13109     535   12575       1    15.0   13109     535   12575       1    15.0
langford 140 4     0    7.82   12922     540   12381       0    15.5   12922     540   12381       0    15.5
langford 140 4     0    2.88    4762     160    4602       0    25.5    4762     160    4602       0    25.5
langford 140 4     0    3.30    5456     207    5249       0    24.4    5456     207    5249       0    24.4
langford 140 4     0    3.55    5861     214    5647       0    29.2    5861     214    5647       0    29.2
langford 140 4     0    8.69   14367     550   13818       1    14.4   14367     550   13818       1    14.4
langford 140 4     0    4.60    7599     294    7302       0    16.8    7599     294    7302       0    16.8
langford 140 4     0    7.03   11619     465   11154       1    16.4   11619     465   11154       1    16.4
langford 140 4     0    2.62    4317     144    4173       0    27.9    4317     144    4173       0    27.9
langford 140 4     0    5.13    8472     330    8142       0    23.0    8472     330    8142       0    23.0
langford 140 4     0    7.69   12706     471   12234       1    19.2   12706     471   12234       1    19.2
langford 140 4     0    6.07   10027     379    9646       0    14.6   10027     379    9646       0    14.6
langford 140 8     0    5.19    8570     353    8219       1    25.6    8570     353    8219       1    25.6
langford 140 8     0    8.11   13403     501   12900       1    14.8   13403     501   12900       1    14.8
langford 140 8     0    3.64    6006     236    5772       1    24.7    6006     236    5772       1    24.7
langford 140 8     0    2.34    3861     140    3721       0    25.6    3861     140    3721       0    25.6
langford 140 8     0    6.01    9928     371    9557       0    19.7    9928     371    9557       0    19.7
langford 140 8     0    5.16    8513     350    8163       1    20.0    8513     350    8163       1    20.0
langford 140 8     0    4.74    7821     306    7515       0    20.0    7821     306    7515       0    20.0
langford 140 8     0    5.28    8718     296    8421       0    24.1    8718     296    8421       0    24.1
langford 140 8     0    4.78    7882     319    7564       1    20.6    7882     319    7564       1    20.6
langford 140 8     0    3.74    6175     202    5973       0    18.4    6175     202    5973       0    18.4
langford 140 8     0    5.72    9450     381    9069       0    14.9    9450     381    9069       0    14.9
langford 140 8     0    3.94    6496     255    6241       0    24.6    6496     255    6241       0    24.6
langford 140 8     0    2.98    4920     174    4746       0    31.0    4920     174    4746       0    31.0
langford 140 8     0    6.96   11490     454   11035       0    17.3   11490     454   11035       0    17.3
langford 140 8     0    2.63    4340     155    4185       0    27.3    4340     155    4185       0    27.3
langford 140 8     0    7.45   12303     498   11804       0    14.6   12303     498   11804       0    14.6
langford 140 8     0    3.04    5009     171    4837       0    30.1    5009     171    4837       0    30.1
langford 140 8     0    4.99    8241     301    7940       0    22.2    8241     301    7940       0    22.2
langford 140 8     0    7.98   13184     500   12681       0    16.6   13184     500   12681       0    16.6
langford 140 8     0    3.71    6119     228    5893       1    23.0    6119     228    5893       1    23.0
langford 140 8     0    2.09    3444     131    3313       0    46.0    3444     131    3313       0    46.0
langford 140 8     0    1.40    2302      86    2215       0    38.6    2302      86    2215       0    38.6
langford 140 8     0    6.70   11059     433   10624       0    12.4   11059     433   10624       0    12.4
langford 140 8     0    3.66    6045     232    5813       0    21.8    6045     232    5813       0    21.8
langford 140 8     0    5.63    9298     354    8947       2    27.8    9298     354    8947       2    27.8
langford 140 8     0    5.13    8464     347    8117       0    17.1    8464     347    8117       0    17.1
langford 140 8     0   10.65   17606     692   16913       0    12.4   17606     692   16913       0    12.4
langford 140 8     0    3.22    5317     196    5121       0    29.2    5317     196    5121       0    29.2
langford 140 8     0    2.84    4689     157    4532       0    24.4    4689     157    4532       0    24.4
langford 140 8     0    2.34    3857     147    3710       0    33.4    3857     147    3710       0    33.4
langford 140 16     0    3.75    6179     232    5947       0    24.2    6179     232    5947       0    24.2
langford 140 16     0    4.99    8218     317    7900       0    25.2    8218     317    7900       0    25.2
langford 140 16     0    4.48    7377     282    7094       0    20.6    7377     282    7094       0    20.6
langford 140 16     0    3.37    5539     205    5331       0    29.9    5539     205    5331       0    29.9
langford 140 16     0    2.94    4822     159    4663       0    25.4    4822     159    4663       0    25.4
langford 140 16     0    3.69    6077     270    5807       0    20.5    6077     270    5807       0    20.5
langford 140 16     0    3.68    6063     233    5830       0    22.0    6063     233    5830       0    22.0
langford 140 16     0    3.96    6515     248    6269       1    23.2    6515     248    6269       1    23.2
langford 140 16     0    3.33    5478     194    5284       0    28.4    5478     194    5284       0    28.4
langford 140 16     0    4.52    7443     313    7131       1    22.0    7443     313    7131       1    22.0
langford 140 16     0    3.20    5265     188    5077       0    29.0    5265     188    5077       0    29.0
langford 140 16     0    3.89    6405     272    6133       0    29.7    6405     272    6133       0    29.7
langford 140 16     0    3.37    5547     209    5335       0    20.9    5547     209    5335       0    20.9
langford 140 16     0    3.03    4977     195    4782       0    19.4    4977     195    4782       0    19.4
langford 140 16     0    2.57    4226     166    4060       0    26.5    4226     166    4060       0    26.5
langford 140 16     0    3.11    5110     184    4926       1    30.8    5110     184    4926       1    30.8
langford 140 16     0    4.91    8091     304    7786       0    20.3    8091     304    7786       0    20.3
langford 140 16     0    3.15    5177     203    4974       0    24.8    5177     203    4974       0    24.8
langford 140 16     0    2.87    4711     207    4506       1    31.6    4711     207    4506       1    31.6
langford 140 16     0    3.65    6000     207    5793       0    28.4    6000     207    5793       0    28.4
langford 140 16     0    2.13    3499     120    3379       0    31.1    3499     120    3379       0    31.1
langford 140 16     0    4.84    7975     305    7670       0    16.3    7975     305    7670       0    16.3
langford 140 16     0    2.85    4677     180    4497       0    27.1    4677     180    4497       0    27.1
langford 140 16     0    3.05    5005     192    4811       0    25.0    5005     192    4811       0    25.0
langford 140 16     0    3.67    6034     236    5798       0    29.5    6034     236    5798       0    29.5
langford 140 16     0    2.20    3603     132    3471       0    28.0    3603     132    3471       0    28.0
langford 140 16     0    3.28    5395     208    5184       0    21.1    5395     208    5184       0    21.1
langford 140 16     0    3.37    5545     204    5340       1    35.8    5545     204    5340       1    35.8
langford 140 16     0    5.01    8259     323    7934       0    20.7    8259     323    7934       0    20.7
langford 140 16     0    1.42    2324      89    2235       0    41.1    2324      89    2235       0    41.1
langford 160 4     0    5.83    7439     285    7156       1    28.2    7439     285    7156       1    28.2
langford 160 4     0   10.88   13896     547   13353       2    22.1   13896     547   13353       2    22.1
langford 160 4     0    2.70    3441     125    3316       0    33.0    3441     125    3316       0    33.0
langford 160 4     0   17.55   22415     864   21549       0    12.7   22415     864   21549       0    12.7
langford 160 4     0    9.72   12407     489   11917       0    19.9   12407     489   11917       0    19.9
langford 160 4     0    9.65   12323     449   11869       1    24.6   12323     449   11869       1    24.6
langford 160 4     0    3.41    4354     162    4192       0    48.0    4354     162    4192       0    48.0
langford 160 4     0   15.44   19718     762   18956       0    13.8   19718     762   18956       0    13.8
langford 160 4     0   12.91   16484     630   15857       2    18.4   16484     630   15857       2    18.4
langford 160 4     0    5.69    7264     274    6989       0    22.3    7264     274    6989       0    22.3
langford 160 4     0   17.75   22663     899   21765       1    10.2   22663     899   21765       1    10.2
langford 160 4     0   13.54   17286     675   16612       1    16.1   17286     675   16612       1    16.1
langford 160 4     0    7.53    9606     360    9246       0    24.7    9606     360    9246       0    24.7
langford 160 4     0    4.19    5350     207    5143       0    27.5    5350     207    5143       0    27.5
langford 160 4     0    7.87   10044     430    9612       0    24.0   10044     430    9612       0    24.0
langford 160 4     0   13.59   17358     629   16728       2    21.5   17358     629   16728       2    21.5
langford 160 4     0    4.62    5891     215    5678       1    31.4    5891     215    5678       1    31.4
langford 160 4     0    4.68    5966     240    5726       0    37.3    5966     240    5726       0    37.3
langford 160 4     0   16.36   20890     816   20075       1    15.7   20890     816   20075       1    15.7
langford 160 4     0    8.92   11394     401   10993       0    11.1   11394     401   10993       0    11.1
langford 160 4     0    5.33    6799     247    6552       0    26.5    6799     247    6552       0    26.5
langford 160 4     0    6.64    8481     348    8132       0    23.6    8481     348    8132       0    23.6
langford 160 4     0    6.54    8350     345    8007       1    23.6    8350     345    8007       1    23.6
langford 160 4     0    6.54    8349     343    8005       0    30.2    8349     343    8005       0    30.2
langford 160 4     0   24.63   31456    1296   30161       2    11.3   31456    1296   30161       2    11.3
langford 160 4     0    6.91    8814     361    8455       1    18.5    8814     361    8455       1    18.5
langford 160 4     0   11.45   14622     570   14049       0    17.6   14622     570   14049       0    17.6
langford 160 4     0    8.38   10697     409   10292       2    26.8   10697     409   10292       2    26.8
langford 160 4     0    9.02   11511     477   11034       0    13.7   11511     477   11034       0    13.7
langford 160 4     0    3.88    4946     175    4771       0    28.3    4946     175    4771       0    28.3
langford 160 8     0    9.87   12597     470   12125       0    14.8   12597     470   12125       0    14.8
langford 160 8     0    8.86   11309     407   10904       1    16.0   11309     407   10904       1    16.0
langford 160 8     0    7.04    8980     334    8645       0    22.8    8980     334    8645       0    22.8
langford 160 8     0    5.54    7066     256    6810       0    27.4    7066     256    6810       0    27.4
langford 160 8     0    7.13    9097     336    8761       0    23.0    9097     336    8761       0    23.0
langford 160 8     0    9.30   11869     456   11416       2    19.4   11869     456   11416       2    19.4
langford 160 8     0    8.44   10764     411   10353       0    20.6   10764     411   10353       0    20.6
langford 160 8     0    6.01    7667     282    7383       0    21.8    7667     282    7383       0    21.8
langford 160 8     0   15.81   20180     801   19380       1    13.8   20180     801   19380       1    13.8
langford 160 8     0    3.75    4777     197    4581       1    29.8    4777     197    4581       1    29.8
langford 160 8     0    9.36   11938     464   11477       2    28.7   11938     464   11477       2    28.7
langford 160 8     0    3.54    4516     154    4362       0    31.2    4516     154    4362       0    31.2
langford 160 8     0    4.82    6142     231    5911       0    25.0    6142     231    5911       0    25.0
langford 160 8     0    6.43    8205     343    7862       0    28.0    8205     343    7862       0    28.0
langford 160 8     0    7.33    9347     394    8953       0    21.0    9347     394    8953       0    21.0
langford 160 8     0    4.24    5403     182    5221       0    27.8    5403     182    5221       0    27.8
langford 160 8     0    4.87    6208     250    5958       0    30.1    6208     250    5958       0    30.1
langford 160 8     0    9.61   12259     460   11801       1    19.5   12259     460   11801       1    19.5
langford 160 8     0    4.56    5808     217    5588       0    25.7    5808     217    5588       0    25.7
langford 160 8     0   11.36   14494     581   13914       2    14.4   14494     581   13914       2    14.4
langford 160 8     0   14.77   18849     763   18086       1    14.1   18849     763   18086       1    14.1
langford 160 8     0    4.37    5566     195    5371       0    38.0    5566     195    5371       0    38.0
langford 160 8     0    5.60    7141     269    6866       0    16.3    7141     269    6866       0    16.3
langford 160 8     0    5.60    7143     303    6840       0    32.3    7143     303    6840       0    32.3
langford 160 8     0    7.02    8958     343    8614       0    19.7    8958     343    8614       0    19.7
langford 160 8     0   10.29   13137     514   12625       2    17.4   13137     514   12625       2    17.4
langford 160 8     0    9.90   12627     471   12155       0    19.9   12627     471   12155       0    19.9
langford 160 8     0   12.43   15866     590   15276       1    14.1   15866     590   15276       1    14.1
langford 160 8     0    5.07    6458     233    6225       0    31.6    6458     233    6225       0    31.6
langford 160 8     0    6.45    8226     308    7919       1    21.2    8226     308    7919       1    21.2
langford 160 16     0    3.36    4269     163    4105       0    35.7    4269     163    4105       0    35.7
langford 160 16     0    6.41    8165     298    7867       0    18.9    8165     298    7867       0    18.9
langford 160 16     0    3.97    5046     201    4844       0    24.3    5046     201    4844       0    24.3
langford 160 16     0    3.23    4097     143    3954       0    38.8    4097     143    3954       0    38.8
langford 160 16     0    5.97    7606     295    7311       0    20.8    7606     295    7311       0    20.8
langford 160 16     0    5.78    7361     268    7093       0    20.1    7361     268    7093       0    20.1
langford 160 16     0    4.99    6344     237    6107       0    28.4    6344     237    6107       0    28.4
langford 160 16     0    3.70    4700     148    4552       0    42.1    4700     148    4552       0    42.1
langford 160 16     0    5.00    6362     263    6098       0    30.0    6362     263    6098       0    30.0
langford 160 16     0    7.79    9923     367    9556       0    19.0    9923     367    9556       0    19.0
langford 160 16     0    3.11    3943     153    3792       1    39.8    3943     153    3792       1    39.8
langford 160 16     0    7.76    9893     408    9489       2    22.6    9893     408    9489       2    22.6
langford 160 16     0    4.50    5718     200    5518       0    31.9    5718     200    5518       0    31.9
langford 160 16     0    4.29    5457     226    5231       0    30.4    5457     226    5231       0    30.4
langford 160 16     0    4.68    5954     245    5711       1    33.3    5954     245    5711       1    33.3
langford 160 16     0    7.24    9223     334    8891       1    25.7    9223     334    8891       1    25.7
langford 160 16     0    5.55    7071     248    6822       0    30.5    7071     248    6822       0    30.5
langford 160 16     0    3.72    4731     184    4549       1    41.1    4731     184    4549       1    41.1
langford 160 16     0    5.22    6644     242    6402       0    27.1    6644     242    6402       0    27.1
langford 160 16     0    6.02    7665     292    7373       0    22.0    7665     292    7373       0    22.0
langford 160 16     0    4.62    5873     229    5644       0    34.6    5873     229    5644       0    34.6
langford 160 16     0    6.87    8757     343    8414       0    18.2    8757     343    8414       0    18.2
langford 160 16     0    8.86   11287     434   10853       0    26.7   11287     434   10853       0    26.7
langford 160 16     0    6.50    8278     338    7942       1    29.4    8278     338    7942       1    29.4
langford 160 16     0    3.87    4913     202    4711       0    39.6    4913     202    4711       0    39.6
langford 160 16     0    6.76    8608     336    8270       0    21.0    8608     336    8270       0    21.0
langford 160 16     0    6.48    8260     332    7926       1    25.8    8260     332    7926       1    25.8
langford 160 16     0    4.88    6215     248    5967       0    39.7    6215     248    5967       0    39.7
langford 160 16     0    2.52    3194     127    3067       0    43.1    3194     127    3067       0    43.1
langford 160 16     0    9.59   12229     488   11736       0    14.1   12229     488   11736       0    14.1
