langford 80 1     0    1.42    6821     270    6549       0     8.7    6821     270    6549       0     8.7
langford 80 1     0    0.41    1973      85    1888       0    14.8    1973      85    1888       0    14.8
langford 80 1     0    0.47    2282      71    2211       0    13.2    2282      71    2211       0    13.2
langford 80 1     0    1.08    5190     209    4978       0     8.7    5190     209    4978       0     8.7
langford 80 1     0    3.47   16675     651   16024       0     6.5   16675     651   16024       0     6.5
langford 80 1     0    0.57    2728     105    2623       0    15.8    2728     105    2623       0    15.8
langford 80 1     0    0.43    2052      74    1977       0    19.6    2052      74    1977       0    19.6
langford 80 1     0    0.34    1628      57    1571       0    20.5    1628      57    1571       0    20.5
langford 80 1     0    2.09   10066     402    9661       0     6.6   10066     402    9661       0     6.6
langford 80 1     0    1.36    6554     256    6294       1     8.8    6554     256    6294       1     8.8
langford 80 1     0    0.60    2902     112    2790       0    14.7    2902     112    2790       0    14.7
langford 80 1     0    0.70    3354     109    3244       0    15.7    3354     109    3244       0    15.7
langford 80 1     0    1.14    5472     225    5244       0    13.1    5472     225    5244       0    13.1
langford 80 1     0    1.22    5840     221    5622       2    10.4    5840     221    5622       2    10.4
langford 80 1     0    0.98    4706     178    4527       0    11.7    4706     178    4527       0    11.7
langford 80 1     0    0.89    4290     182    4110       1    18.5    4290     182    4110       1    18.5
langford 80 1     0    2.46   11849     457   11392       0     7.1   11849     457   11392       0     7.1
langford 80 1     0    0.56    2689     100    2589       0    13.8    2689     100    2589       0    13.8
langford 80 1     0    0.59    2818     100    2717       0    14.9    2818     100    2717       0    14.9
langford 80 1     0    2.25   10827     414   10413       0     7.2   10827     414   10413       0     7.2
langford 80 1     0    5.51   26516    1089   25417       1     5.1   26516    1089   25417       1     5.1
langford 80 1     0    1.45    6964     254    6710       1    15.6    6964     254    6710       1    15.6
langford 80 1     0    1.89    9085     338    8750       2    13.4    9085     338    8750       2    13.4
langford 80 1     0    4.26   20491     804   19684       0     6.4   20491     804   19684       0     6.4
langford 80 1     0    0.55    2628     100    2528       0    18.8    2628     100    2528       0    18.8
langford 80 1     0    1.14    5457     212    5245       0     9.9    5457     212    5245       0     9.9
langford 80 1     0    3.22   15488     624   14861       0     6.6   15488     624   14861       0     6.6
langford 80 1     0    0.31    1477      50    1427       0    24.7    1477      50    1427       0    24.7
langford 80 1     0    1.11    5357     213    5143       0    10.7    5357     213    5143       0    10.7
langford 80 1     0    1.22    5879     263    5622       3     8.2    5879     263    5622       3     8.2
langford 80 2     0    2.23   10736     446   10288       1    11.1   10736     446   10288       1    11.1
langford 80 2     0    1.72    8261     324    7937       0     9.8    8261     324    7937       0     9.8
langford 80 2     0    0.42    2010      72    1938       0    15.3    2010      72    1938       0    15.3
langford 80 2     0    0.73    3524     139    3384       0    10.7    3524     139    3384       0    10.7
langford 80 2     0    5.12   24613     990   23617       1     6.6   24613     990   23617       1     6.6
langford 80 2     0    0.56    2705      91    2614       0    18.0    2705      91    2614       0    18.0
langford 80 2     0    2.67   12827     517   12310       1     9.9   12827     517   12310       1     9.9
langford 80 2     0    1.15    5528     197    5326       0    12.4    5528     197    5326       0    12.4
langford 80 2     0    0.72    3429     152    3279       1    21.7    3429     152    3279       1    21.7
langford 80 2     0    1.36    6539     257    6280       0     8.6    6539     257    6280       0     8.6
langford 80 2     0    0.66    3148     121    3027       0    12.8    3148     121    3027       0    12.8
langford 80 2     0    0.50    2379      68    2311       0    31.3    2379      68    2311       0    31.3
langford 80 2     0    0.94    4536     184    4353       1    12.3    4536     184    4353       1    12.3
langford 80 2     0    1.81    8696     322    8373       0    10.5    8696     322    8373       0    10.5
langford 80 2     0    4.09   19689     742   18941       1     6.4   19689     742   18941       1     6.4
langford 80 2     0    0.78    3735     147    3590       1    19.6    3735     147    3590       1    19.6
langford 80 2     0    0.49    2341      95    2246       0    16.3    2341      95    2246       0    16.3
langford 80 2     0    0.41    1985      94    1891       0    16.3    1985      94    1891       0    16.3
langford 80 2     0    1.18    5671     209    5458       0     9.8    5671     209    5458       0     9.8
langford 80 2     0    4.43   21327     862   20460       4     9.7   21327     862   20460       4     9.7
langford 80 2     0    0.59    2812     104    2707       0    16.7    2812     104    2707       0    16.7
langford 80 2     0    0.63    3028     102    2926       0    11.9    3028     102    2926       0    11.9
langford 80 2     0    0.82    3947     167    3780       0    15.9    3947     167    3780       0    15.9
langford 80 2     0    3.81   18320     719   17599       1     6.5   18320     719   17599       1     6.5
langford 80 2     0    1.54    7377     311    7068       1    10.5    7377     311    7068       1    10.5
langford 80 2     0    2.81   13524     576   12955       4     9.2   13524     576   12955       4     9.2
langford 80 2     0    1.82    8756     356    8397       0     9.8    8756     356    8397       0     9.8
langford 80 2     0    0.67    3208     121    3085       0    20.1    3208     121    3085       0    20.1
langford 80 2     0    0.81    3865     156    3707       0    13.8    3865     156    3707       0    13.8
langford 80 2     0    1.04    5009     196    4811       0    12.8    5009     196    4811       0    12.8
langford 80 4     0    0.53    2507      92    2417       1    17.4    2507      92    2417       1    17.4
langford 80 4     0    0.79    3782     136    3646       0    14.3    3782     136    3646       0    14.3
langford 80 4     0    1.13    5409     200    5209       0     9.2    5409     200    5209       0     9.2
langford 80 4     0    0.67    3193     122    3069       0    20.2    3193     122    3069       0    20.2
langford 80 4     0    1.51    7224     291    6931       0     6.7    7224     291    6931       0     6.7
langford 80 4     0    1.04    4969     211    4757       1    12.2    4969     211    4757       1    12.2
langford 80 4     0    0.93    4451     182    4271       1    16.7    4451     182    4271       1    16.7
langford 80 4     0    0.34    1595      59    1535       0    21.0    1595      59    1535       0    21.0
langford 80 4     0    0.70    3360     131    3231       1    17.6    3360     131    3231       1    17.6
langford 80 4     0    1.00    4788     185    4604       1    18.4    4788     185    4604       1    18.4
langford 80 4     0    0.44    2109      80    2027       0    25.7    2109      80    2027       0    25.7
langford 80 4     0    0.71    3391     144    3249       1    18.5    3391     144    3249       1    18.5
langford 80 4     0    0.61    2921     122    2799       1    17.4    2921     122    2799       1    17.4
langford 80 4     0    0.65    3102     118    2983       0    21.6    3102     118    2983       0    21.6
langford 80 4     0    0.91    4367     168    4198       0    15.4    4367     168    4198       0    15.4
langford 80 4     0    0.53    2523      91    2432       0    14.8    2523      91    2432       0    14.8
langford 80 4     0    0.36    1704      69    1635       0    15.7    1704      69    1635       0    15.7
langford 80 4     0    0.82    3927     162    3767       1    18.3    3927     162    3767       1    18.3
langford 80 4     0    0.62    2945     113    2829       0    12.9    2945     113    2829       0    12.9
langford 80 4     0    1.15    5533     225    5308       0    11.8    5533     225    5308       0    11.8
langford 80 4     0    0.61    2904     112    2792       0    18.5    2904     112    2792       0    18.5
langford 80 4     0    0.80    3834     129    3705       0    14.9    3834     129    3705       0    14.9
langford 80 4     0    1.56    7510     295    7219       2    14.4    7510     295    7219       2    14.4
langford 80 4     0    0.62    2940     104    2835       0    13.9    2940     104    2835       0    13.9
langford 80 4     0    0.49    2339      92    2247       0    20.4    2339      92    2247       0    20.4
langford 80 4     0    1.02    4888     191    4695       0    10.7    4888     191    4695       0    10.7
langford 80 4     0    0.68    3248     124    3123       0    17.2    3248     124    3123       0    17.2
langford 80 4     0    0.98    4681     168    4511       0     9.1    4681     168    4511       0     9.1
langford 80 4     0    0.61    2911     125    2786       0    15.5    2911     125    2786       0    15.5
langford 80 4     0    1.39    6641     274    6367       0     8.6    6641     274    6367       0     8.6
langford 80 8     0    0.56    2629     107    2522       0    14.7    2629     107    2522       0    14.7
langford 80 8     0    1.00    4770     168    4601       0     7.9    4770     168    4601       0     7.9
langford 80 8     0    0.54    2547     114    2432       0    21.6    2547     114    2432       0    21.6
langford 80 8     0    1.22    5836     221    5612       0    11.1    5836     221    5612       0    11.1
langford 80 8     0    0.76    3630     150    3480       0    20.4    3630     150    3480       0    20.4
langford 80 8     0    0.69    3273     130    3143       0    16.6    3273     130    3143       0    16.6
langford 80 8     0    0.92    4391     179    4212       0    13.4    4391     179    4212       0    13.4
langford 80 8     0    0.72    3403     129    3274       0    12.4    3403     129    3274       0    12.4
langford 80 8     0    0.33    1547      62    1485       0    27.0    1547      62    1485       0    27.0
langford 80 8     0    0.49    2292      96    2194       0    19.2    2292      96    2194       0    19.2
langford 80 8     0    0.43    2016      66    1950       0    15.5    2016      66    1950       0    15.5
langford 80 8     0    0.70    3342     141    3201       0    17.6    3342     141    3201       0    17.6
langford 80 8     0    0.47    2237      85    2151       0    18.5    2237      85    2151       0    18.5
langford 80 8     0    0.39    1843      81    1758       0    20.6    1843      81    1758       0    20.6
langford 80 8     0    1.25    5969     250    5718       0    10.9    5969     250    5718       0    10.9
langford 80 8     0    0.40    1885      81    1804       0    21.0    1885      81    1804       0    21.0
langford 80 8     0    0.49    2307      77    2229       0    15.3    2307      77    2229       0    15.3
langford 80 8     0    0.58    2766     106    2658       0    20.0    2766     106    2658       0    20.0
langford 80 8     0    0.46    2167      86    2080       0    23.6    2167      86    2080       0    23.6
langford 80 8     0    0.56    2647     107    2540       0    22.4    2647     107    2540       0    22.4
langford 80 8     0    0.72    3403     149    3256       1    14.9    3403     149    3256       1    14.9
langford 80 8     0    0.36    1665      45    1620       0    19.4    1665      45    1620       0    19.4
langford 80 8     0    0.83    3954     188    3766       0    13.3    3954     188    3766       0    13.3
langford 80 8     0    0.80    3809     146    3663       0    11.8    3809     146    3663       0    11.8
langford 80 8     0    0.65    3070     106    2966       1    19.4    3070     106    2966       1    19.4
langford 80 8     0    0.69    3255     105    3150       0    15.2    3255     105    3150       0    15.2
langford 80 8     0    0.53    2486     100    2386       0    13.3    2486     100    2386       0    13.3
langford 80 8     0    0.46    2177      76    2101       0    12.8    2177      76    2101       0    12.8
langford 80 8     0    0.86    4117     155    3962       0    14.2    4117     155    3962       0    14.2
langford 80 8     0    0.46    2169      91    2078       0    24.1    2169      91    2078       0    24.1
langford 80 16     0    0.25    1099      44    1055       0    28.5    1099      44    1055       0    28.5
langford 80 16     0    0.52    2382      83    2299       0    16.4    2382      83    2299       0    16.4
langford 80 16     0    0.62    2868     101    2767       0    15.7    2868     101    2767       0    15.7
langford 80 16     0    0.33    1471      57    1416       1    20.8    1471      57    1416       1    20.8
langford 80 16     0    0.28    1273      46    1226       0    22.3    1273      46    1226       0    22.3
langford 80 16     0    0.88    4139     147    3990       0    13.7    4139     147    3990       0    13.7
langford 80 16     0    0.46    2108      84    2027       2    27.3    2108      84    2027       2    27.3
langford 80 16     0    0.38    1734      59    1674       0    18.7    1734      59    1674       0    18.7
langford 80 16     0    0.45    2095      92    2002       0    25.8    2095      92    2002       0    25.8
langford 80 16     0    0.41    1855      69    1788       1    27.3    1855      69    1788       1    27.3
langford 80 16     0    0.63    2932     106    2826       0    13.9    2932     106    2826       0    13.9
langford 80 16     0    0.60    2792     113    2676       0    10.7    2792     113    2676       0    10.7
langford 80 16     0    0.81    3816     145    3673       1    12.3    3816     145    3673       1    12.3
langford 80 16     0    0.51    2343      74    2269       0    14.5    2343      74    2269       0    14.5
langford 80 16     0    0.37    1665      62    1605       1    20.6    1665      62    1605       1    20.6
langford 80 16     0    0.45    2075      73    2000       0    19.1    2075      73    2000       0    19.1
langford 80 16     0    0.40    1811      60    1751       0    20.4    1811      60    1751       0    20.4
langford 80 16     0    0.46    2093      87    2006       0    19.8    2093      87    2006       0    19.8
langford 80 16     0    0.47    2180      82    2098       0    23.1    2180      82    2098       0    23.1
langford 80 16     0    0.48    2212      71    2137       0    18.4    2212      71    2137       0    18.4
langford 80 16     0    0.28    1233      40    1193       0    24.1    1233      40    1193       0    24.1
langford 80 16     0    0.40    1845      72    1773       0    17.7    1845      72    1773       0    17.7
langford 80 16     0    0.34    1554      59    1495       0    22.2    1554      59    1495       0    22.2
langford 80 16     0    0.38    1715      63    1652       0    26.3    1715      63    1652       0    26.3
langford 80 16     0    0.49    2267      75    2191       0    19.1    2267      75    2191       0    19.1
langford 80 16     0    0.49    2287     111    2176       0    17.3    2287     111    2176       0    17.3
langford 80 16     0    0.64    2960     126    2834       0    20.9    2960     126    2834       0    20.9
langford 80 16     0    0.28    1233      40    1193       0    24.1    1233      40    1193       0    24.1
langford 80 16     0    0.78    3636     156    3480       0    10.8    3636     156    3480       0    10.8
langford 80 16     0    1.04    4929     204    4725       0    14.2    4929     204    4725       0    14.2
langford 100 1     0    1.01    3181     111    3069       0    22.1    3181     111    3069       0    22.1
langford 100 1     0    3.53   11128     432   10693       0    10.5   11128     432   10693       0    10.5
langford 100 1     0    5.84   18419     727   17689       1     8.5   18419     727   17689       1     8.5
langford 100 1     0   10.67   33644    1320   32322       1     6.3   33644    1320   32322       1     6.3
langford 100 1     0    0.76    2386      79    2306       0    22.9    2386      79    2306       0    22.9
langford 100 1     0    1.51    4746     194    4550       0    16.7    4746     194    4550       0    16.7
langford 100 1     0    1.05    3314     113    3201       0    17.1    3314     113    3201       0    17.1
langford 100 1     0    1.82    5742     223    5519       0    11.9    5742     223    5519       0    11.9
langford 100 1     0    0.82    2578      92    2486       0    18.1    2578      92    2486       0    18.1
langford 100 1     0    7.92   24969    1027   23932       0     7.2   24969    1027   23932       0     7.2
langford 100 1     0    5.04   15886     618   15268       0     7.8   15886     618   15268       0     7.8
langford 100 1     0    4.09   12911     535   12370       0     7.1   12911     535   12370       0     7.1
langford 100 1     0    3.12    9846     404    9443       1     9.8    9846     404    9443       1     9.8
langford 100 1     0    1.02    3200     143    3057       0    18.9    3200     143    3057       0    18.9
langford 100 1     0   10.12   31903    1271   30626       2     7.0   31903    1271   30626       2     7.0
langford 100 1     0    1.49    4684     166    4517       0    18.9    4684     166    4517       0    18.9
langford 100 1     0    6.27   19771     784   18985       0     8.3   19771     784   18985       0     8.3
langford 100 1     0    7.21   22720     872   21847       0     5.9   22720     872   21847       0     5.9
langford 100 1     0    5.62   17734     707   17022       0     8.9   17734     707   17022       0     8.9
langford 100 1     0    5.58   17594     698   16898       1     9.0   17594     698   16898       1     9.0
langford 100 1     0    2.98    9391     385    9006       0    11.3    9391     385    9006       0    11.3
langford 100 1     0    4.76   15016     559   14454       0     7.8   15016     559   14454       0     7.8
langford 100 1     0    2.85    8998     353    8641       0    10.9    8998     353    8641       0    10.9
langford 100 1     0    1.87    5896     229    5667       0    17.4    5896     229    5667       0    17.4
langford 100 1     0    1.93    6077     244    5829       0    21.6    6077     244    5829       0    21.6
langford 100 1     0    6.73   21210     865   20342       1     7.1   21210     865   20342       1     7.1
langford 100 1     0    6.28   19805     813   18986       1     8.9   19805     813   18986       1     8.9
langford 100 1     0    0.95    3006     136    2870       0    22.5    3006     136    2870       0    22.5
langford 100 1     0    1.04    3262     128    3134       0    18.4    3262     128    3134       0    18.4
langford 100 1     0    1.29    4073     166    3907       0    16.3    4073     166    3907       0    16.3
langford 100 2     0    2.38    7513     278    7233       0    14.5    7513     278    7233       0    14.5
langford 100 2     0    1.46    4603     177    4426       0    19.0    4603     177    4426       0    19.0
langford 100 2     0    2.24    7064     297    6766       0    12.5    7064     297    6766       0    12.5
langford 100 2     0    1.88    5915     220    5695       0    13.4    5915     220    5695       0    13.4
langford 100 2     0    1.92    6058     240    5818       0    14.2    6058     240    5818       0    14.2
langford 100 2     0    1.66    5216     199    5013       0    19.0    5216     199    5013       0    19.0
langford 100 2     0    1.13    3549     129    3420       0    18.7    3549     129    3420       0    18.7
langford 100 2     0    1.58    4982     218    4763       0    17.3    4982     218    4763       0    17.3
langford 100 2     0    1.73    5456     248    5208       0    10.7    5456     248    5208       0    10.7
langford 100 2     0   11.37   35865    1417   34447       1     8.0   35865    1417   34447       1     8.0
langford 100 2     0    1.57    4960     165    4795       0    14.1    4960     165    4795       0    14.1
langford 100 2     0    4.54   14324     567   13757       1     8.3   14324     567   13757       1     8.3
langford 100 2     0    2.24    7046     280    6765       0    12.8    7046     280    6765       0    12.8
langford 100 2     0    0.97    3061     112    2948       0    16.6    3061     112    2948       0    16.6
langford 100 2     0    0.80    2499      95    2406       1    27.4    2499      95    2406       1    27.4
langford 100 2     0    6.63   20909     827   20086       2     9.3   20909     827   20086       2     9.3
langford 100 2     0    2.72    8584     366    8217       1    14.1    8584     366    8217       1    14.1
langford 100 2     0    2.30    7256     277    6978       1    10.7    7256     277    6978       1    10.7
langford 100 2     0    0.89    2781      99    2682       0    23.8    2781      99    2682       0    23.8
langford 100 2     0    2.96    9315     381    8933       0    10.6    9315     381    8933       0    10.6
langford 100 2     0    1.06    3335     122    3213       0    20.6    3335     122    3213       0    20.6
langford 100 2     0    1.61    5081     190    4889       1    15.9    5081     190    4889       1    15.9
langford 100 2     0    1.56    4907     185    4722       0    18.6    4907     185    4722       0    18.6
langford 100 2     0    4.77   15035     594   14445       2    12.7   15035     594   14445       2    12.7
langford 100 2     0    1.66    5218     216    5001       1    20.7    5218     216    5001       1    20.7
langford 100 2     0    9.30   29335    1131   28192       1     6.8   29335    1131   28192       1     6.8
langford 100 2     0    7.23   22794     929   21872       4     8.7   22794     929   21872       4     8.7
langford 100 2     0    5.22   16455     680   15776       1    12.4   16455     680   15776       1    12.4
langford 100 2     0    5.04   15890     655   15238       4    13.4   15890     655   15238       4    13.4
langford 100 2     0    3.17    9999     404    9594       0     8.2    9999     404    9594       0     8.2
langford 100 4     0    2.16    6802     255    6544       0     9.9    6802     255    6544       0     9.9
langford 100 4     0    1.04    3272     113    3159       0    16.1    3272     113    3159       0    16.1
langford 100 4     0    0.89    2797      88    2708       0    16.0    2797      88    2708       0    16.0
langford 100 4     0    2.08    6557     274    6278       0    13.3    6557     274    6278       0    13.3
langford 100 4     0    2.56    8062     304    7758       0    14.6    8062     304    7758       0    14.6
langford 100 4     0    1.48    4649     176    4473       0    18.5    4649     176    4473       0    18.5
langford 100 4     0    0.72    2270      80    2189       0    23.4    2270      80    2189       0    23.4
langford 100 4     0    2.47    7773     303    7469       1    11.6    7773     303    7469       1    11.6
langford 100 4     0    2.27    7146     243    6903       0    15.7    7146     243    6903       0    15.7
langford 100 4     0    0.99    3110     132    2978       0    26.3    3110     132    2978       0    26.3
langford 100 4     0    0.94    2953     101    2852       0    31.4    2953     101    2852       0    31.4
langford 100 4     0    2.19    6885     281    6599       0    19.3    6885     281    6599       0    19.3
langford 100 4     0    1.41    4437     166    4271       0    23.9    4437     166    4271       0    23.9
langford 100 4     0    1.06    3329     122    3207       0    21.8    3329     122    3207       0    21.8
langford 100 4     0    3.70   11657     481   11176       1    12.1   11657     481   11176       1    12.1
langford 100 4     0    0.66    2074      58    2016       0    23.8    2074      58    2016       0    23.8
langford 100 4     0    1.97    6208     274    5932       0    14.3    6208     274    5932       0    14.3
langford 100 4     0    0.79    2478      85    2393       0    25.8    2478      85    2393       0    25.8
langford 100 4     0    1.88    5911     229    5681       1    12.3    5911     229    5681       1    12.3
langford 100 4     0    2.17    6829     254    6573       0    14.2    6829     254    6573       0    14.2
langford 100 4     0    4.10   12919     466   12453       0    10.0   12919     466   12453       0    10.0
langford 100 4     0    1.67    5244     201    5044       1    14.0    5244     201    5044       1    14.0
langford 100 4     0    0.95    2968     105    2863       0    20.3    2968     105    2863       0    20.3
langford 100 4     0    1.51    4763     177    4585       0    13.8    4763     177    4585       0    13.8
langford 100 4     0    2.46    7758     287    7472       1    14.0    7758     287    7472       1    14.0
langford 100 4     0    3.27   10286     365    9921       0     8.1   10286     365    9921       0     8.1
langford 100 4     0    2.07    6507     256    6251       0    12.0    6507     256    6251       0    12.0
langford 100 4     0    1.73    5431     204    5227       0    11.8    5431     204    5227       0    11.8
langford 100 4     0    1.43    4480     160    4320       0    18.3    4480     160    4320       0    18.3
langford 100 4     0    1.85    5834     257    5577       0    18.8    5834     257    5577       0    18.8
langford 100 8     0    1.46    4576     170    4404       0    18.4    4576     170    4404       0    18.4
langford 100 8     0    0.97    3037     126    2910       0    26.3    3037     126    2910       0    26.3
langford 100 8     0    0.81    2537      94    2443       0    22.5    2537      94    2443       0    22.5
langford 100 8     0    2.31    7267     279    6988       0    10.9    7267     279    6988       0    10.9
langford 100 8     0    1.80    5652     225    5426       0    13.7    5652     225    5426       0    13.7
langford 100 8     0    1.74    5454     209    5244       0    18.2    5454     209    5244       0    18.2
langford 100 8     0    1.18    3684     135    3548       0    13.2    3684     135    3548       0    13.2
langford 100 8     0    1.50    4698     167    4530       0    14.7    4698     167    4530       0    14.7
langford 100 8     0    1.26    3935     160    3775       0    19.7    3935     160    3775       0    19.7
langford 100 8     0    2.23    6995     273    6722       0    12.5    6995     273    6722       0    12.5
langford 100 8     0    2.70    8484     323    8158       0    14.8    8484     323    8158       0    14.8
langford 100 8     0    0.81    2510      86    2426       1    22.6    2510      86    2426       1    22.6
langford 100 8     0    0.50    1547      57    1490       0    24.1    1547      57    1490       0    24.1
langford 100 8     0    0.99    3105     113    2992       0    26.1    3105     113    2992       0    26.1
langford 100 8     0    1.42    4451     153    4298       0    21.6    4451     153    4298       0    21.6
langford 100 8     0    1.26    3954     152    3802       0    20.5    3954     152    3802       0    20.5
langford 100 8     0    0.53    1644      62    1582       0    31.1    1644      62    1582       0    31.1
langford 100 8     0    1.08    3371     110    3261       0    19.3    3371     110    3261       0    19.3
langford 100 8     0    0.79    2449      79    2370       0    26.7    2449      79    2370       0    26.7
langford 100 8     0    0.87    2713     108    2605       0    30.3    2713     108    2605       0    30.3
langford 100 8     0    0.93    2912     103    2808       0    25.2    2912     103    2808       0    25.2
langford 100 8     0    1.72    5381     211    5170       0    17.9    5381     211    5170       0    17.9
langford 100 8     0    1.60    5007     203    4804       0    13.8    5007     203    4804       0    13.8
langford 100 8     0    1.17    3655     150    3504       0    20.8    3655     150    3504       0    20.8
langford 100 8     0    1.75    5488     185    5302       0    18.7    5488     185    5302       0    18.7
langford 100 8     0    1.45    4536     180    4356       0    16.0    4536     180    4356       0    16.0
langford 100 8     0    1.26    3939     166    3773       0    21.3    3939     166    3773       0    21.3
langford 100 8     0    1.02    3173     125    3048       0    29.9    3173     125    3048       0    29.9
langford 100 8     0    1.18    3690     137    3555       1    16.5    3690     137    3555       1    16.5
langford 100 8     0    1.62    5066     195    4871       0    15.7    5066     195    4871       0    15.7
langford 100 16     0    0.89    2757      90    2667       0    24.9    2757      90    2667       0    24.9
langford 100 16     0    1.83    5716     196    5520       1    19.6    5716     196    5520       1    19.6
langford 100 16     0    0.66    2016      82    1934       0    26.8    2016      82    1934       0    26.8
langford 100 16     0    0.93    2880      98    2782       0    18.5    2880      98    2782       0    18.5
langford 100 16     0    0.91    2801     115    2686       0    19.7    2801     115    2686       0    19.7
langford 100 16     0    0.87    2683      84    2598       0    19.7    2683      84    2598       0    19.7
langford 100 16     0    0.97    2988     129    2859       0    21.2    2988     129    2859       0    21.2
langford 100 16     0    0.83    2546      80    2466       0    26.5    2546      80    2466       0    26.5
langford 100 16     0    0.78    2385      73    2312       0    21.3    2385      73    2312       0    21.3
langford 100 16     0    0.93    2869     103    2765       0    27.8    2869     103    2765       0    27.8
langford 100 16     0    0.94    2896     105    2791       0    22.7    2896     105    2791       0    22.7
langford 100 16     0    1.03    3177     132    3044       0    27.1    3177     132    3044       0    27.1
langford 100 16     0    0.80    2445      95    2350       0    21.2    2445      95    2350       0    21.2
langford 100 16     0    0.71    2168      84    2084       0    35.6    2168      84    2084       0    35.6
langford 100 16     0    1.09    3388     136    3250       0    16.8    3388     136    3250       0    16.8
langford 100 16     0    1.67    5217     214    5002       0    14.3    5217     214    5002       0    14.3
langford 100 16     0    1.20    3713     134    3579       0    21.6    3713     134    3579       0    21.6
langford 100 16     0    0.83    2545      88    2457       0    13.1    2545      88    2457       0    13.1
langford 100 16     0    0.79    2431     111    2318       0    22.8    2431     111    2318       0    22.8
langford 100 16     0    1.30    4039     161    3878       0    21.6    4039     161    3878       0    21.6
langford 100 16     0    1.14    3539     143    3396       0    24.0    3539     143    3396       0    24.0
langford 100 16     0    1.31    4058     141    3917       0    22.7    4058     141    3917       0    22.7
langford 100 16     0    1.08    3336     119    3217       0    21.0    3336     119    3217       0    21.0
langford 100 16     0    1.05    3235     111    3124       0    21.8    3235     111    3124       0    21.8
langford 100 16     0    1.88    5866     215    5651       0    10.6    5866     215    5651       0    10.6
langford 100 16     0    0.89    2750      91    2658       0    22.9    2750      91    2658       0    22.9
langford 100 16     0    1.10    3409     122    3286       0    14.3    3409     122    3286       0    14.3
langford 100 16     0    0.81    2494     105    2388       0    26.1    2494     105    2388       0    26.1
langford 100 16     0    0.61    1852      61    1791       0    26.0    1852      61    1791       0    26.0
langford 100 16     0    1.27    3930     143    3786       0    18.5    3930     143    3786       0    18.5
langford 120 1     0   11.53   25651    1004   24648       2     9.4   25651    1004   24648       2     9.4
langford 120 1     0   10.57   23513     932   22579       2     9.8   23513     932   22579       2     9.8
langford 120 1     0   16.05   35715    1433   34288       5    11.4   35715    1433   34288       5    11.4
langford 120 1     0    1.71    3797     153    3643       0    24.0    3797     153    3643       0    24.0
langford 120 1     0    3.15    7002     287    6714       0    17.2    7002     287    6714       0    17.2
langford 120 1     0   14.63   32546    1319   31224       1     7.0   32546    1319   31224       1     7.0
langford 120 1     0    5.93   13190     503   12684       0    12.9   13190     503   12684       0    12.9
langford 120 1     0    8.88   19752     805   18944       0     8.4   19752     805   18944       0     8.4
langford 120 1     0    3.76    8367     331    8033       1    17.0    8367     331    8033       1    17.0
langford 120 1     0    4.20    9346     349    8994       0     9.2    9346     349    8994       0     9.2
langford 120 1     0    6.26   13935     545   13389       0    13.3   13935     545   13389       0    13.3
langford 120 1     0    3.83    8517     329    8185       0    16.5    8517     329    8185       0    16.5
langford 120 1     0    1.56    3472     122    3350       0    28.9    3472     122    3350       0    28.9
langford 120 1     0   32.36   72020    2911   69102       6     8.7   72020    2911   69102       6     8.7
langford 120 1     0    6.87   15285     617   14665       0    10.2   15285     617   14665       0    10.2
langford 120 1     0    7.75   17235     682   16558       3    13.4   17235     682   16558       3    13.4
langford 120 1     0    4.93   10973     420   10555       1    10.9   10973     420   10555       1    10.9
langford 120 1     0   15.17   33760    1410   32349       4     8.7   33760    1410   32349       4     8.7
langford 120 1     0    6.87   15278     601   14677       0    12.0   15278     601   14677       0    12.0
langford 120 1     0   23.73   52821    2093   50731       6    10.2   52821    2093   50731       6    10.2
langford 120 1     0    8.83   19649     777   18877       3    11.2   19649     777   18877       3    11.2
langford 120 1     0    8.81   19604     738   18868       2    12.0   19604     738   18868       2    12.0
langford 120 1     0    2.51    5579     223    5357       1    24.3    5579     223    5357       1    24.3
langford 120 1     0    2.89    6432     262    6170       0    15.2    6432     262    6170       0    15.2
langford 120 1     0    6.77   15067     549   14518       1    13.8   15067     549   14518       1    13.8
langford 120 1     0    5.50   12241     468   11769       1    10.5   12241     468   11769       1    10.5
langford 120 1     0   24.53   54594    2253   52333       6    10.8   54594    2253   52333       6    10.8
langford 120 1     0    4.20    9354     324    9027       0    23.4    9354     324    9027       0    23.4
langford 120 1     0   13.54   30127    1221   28904       1     9.3   30127    1221   28904       1     9.3
langford 120 1     0    6.70   14906     622   14283       1    12.1   14906     622   14283       1    12.1
langford 120 2     0    3.41    7591     270    7323       1    23.7    7591     270    7323       1    23.7
langford 120 2     0    5.64   12554     524   12030       0    10.5   12554     524   12030       0    10.5
langford 120 2     0    5.29   11755     402   11352       0    11.9   11755     402   11352       0    11.9
langford 120 2     0    3.87    8605     330    8268       0    16.4    8605     330    8268       0    16.4
langford 120 2     0    5.90   13116     531   12583       0    11.4   13116     531   12583       0    11.4
langford 120 2     0    3.21    7148     299    6848       0    19.4    7148     299    6848       0    19.4
langford 120 2     0    2.26    5015     194    4823       1    23.0    5015     194    4823       1    23.0
langford 120 2     0    3.64    8089     332    7757       0    12.4    8089     332    7757       0    12.4
langford 120 2     0    5.04   11210     443   10767       0    11.7   11210     443   10767       0    11.7
langford 120 2     0    2.56    5693     201    5492       0    21.2    5693     201    5492       0    21.2
langford 120 2     0   10.10   22476     861   21614       2    10.6   22476     861   21614       2    10.6
langford 120 2     0    7.53   16755     708   16045       0    10.2   16755     708   16045       0    10.2
langford 120 2     0    5.95   13244     559   12685       0    11.8   13244     559   12685       0    11.8
langford 120 2     0    7.45   16566     592   15973       0     9.3   16566     592   15973       0     9.3
langford 120 2     0    4.87   10824     418   10405       0    12.1   10824     418   10405       0    12.1
langford 120 2     0   10.35   23029     960   22067       1     7.5   23029     960   22067       1     7.5
langford 120 2     0    4.92   10944     429   10521       3    22.8   10944     429   10521       3    22.8
langford 120 2     0    9.84   21885     879   21009       2    11.8   21885     879   21009       2    11.8
langford 120 2     0    5.71   12711     499   12214       1    10.4   12711     499   12214       1    10.4
langford 120 2     0    3.48    7742     283    7459       0    20.9    7742     283    7459       0    20.9
langford 120 2     0    3.28    7290     250    7040       0    20.7    7290     250    7040       0    20.7
langford 120 2     0    3.98    8845     359    8484       0    12.1    8845     359    8484       0    12.1
langford 120 2     0    7.32   16276     665   15612       1    14.3   16276     665   15612       1    14.3
langford 120 2     0    4.68   10411     399   10014       1    18.3   10411     399   10014       1    18.3
langford 120 2     0    2.06    4581     174    4405       0    19.8    4581     174    4405       0    19.8
langford 120 2     0    9.07   20175     782   19395       2    17.9   20175     782   19395       2    17.9
langford 120 2     0    8.02   17833     721   17104       0    10.0   17833     721   17104       0    10.0
langford 120 2     0    7.75   17252     627   16628       2    10.9   17252     627   16628       2    10.9
langford 120 2     0    2.43    5397     213    5183       0    19.3    5397     213    5183       0    19.3
langford 120 2     0    0.93    2062      66    1996       0    42.0    2062      66    1996       0    42.0
langford 120 4     0    4.88   10853     402   10453       1    13.0   10853     402   10453       1    13.0
langford 120 4     0    2.97    6595     264    6331       0    17.2    6595     264    6331       0    17.2
langford 120 4     0    2.39    5305     180    5123       0    21.5    5305     180    5123       0    21.5
langford 120 4     0    4.72   10492     413   10080       1    17.5   10492     413   10080       1    17.5
langford 120 4     0    2.32    5147     188    4959       0    24.9    5147     188    4959       0    24.9
langford 120 4     0    3.55    7886     297    7590       1    16.9    7886     297    7590       1    16.9
langford 120 4     0    2.51    5574     222    5351       0    17.2    5574     222    5351       0    17.2
langford 120 4     0    4.41    9798     376    9424       1    14.3    9798     376    9424       1    14.3
langford 120 4     0    3.79    8417     321    8098       1    14.7    8417     321    8098       1    14.7
langford 120 4     0    1.82    4042     131    3911       0    20.0    4042     131    3911       0    20.0
langford 120 4     0    1.28    2838      99    2739       0    26.9    2838      99    2739       0    26.9
langford 120 4     0    6.07   13494     549   12948       2    13.7   13494     549   12948       2    13.7
langford 120 4     0    3.44    7655     305    7350       1    17.7    7655     305    7350       1    17.7
langford 120 4     0    2.55    5667     214    5451       0    20.1    5667     214    5451       0    20.1
langford 120 4     0    4.52   10056     365    9691       0    15.5   10056     365    9691       0    15.5
langford 120 4     0    4.79   10652     433   10218       0    14.3   10652     433   10218       0    14.3
langford 120 4     0    3.52    7828     286    7535       0    12.7    7828     286    7535       0    12.7
langford 120 4     0   11.19   24893     961   23932       0     8.2   24893     961   23932       0     8.2
langford 120 4     0    3.28    7281     283    6995       0    13.2    7281     283    6995       0    13.2
langford 120 4     0    1.74    3857     135    3722       0    24.3    3857     135    3722       0    24.3
langford 120 4     0    1.47    3265     120    3145       0    26.8    3265     120    3145       0    26.8
langford 120 4     0    4.15    9218     358    8857       0    18.5    9218     358    8857       0    18.5
langford 120 4     0    3.56    7904     288    7616       0    16.3    7904     288    7616       0    16.3
langford 120 4     0    3.87    8594     338    8255       0    14.4    8594     338    8255       0    14.4
langford 120 4     0    2.02    4483     176    4305       0    26.0    4483     176    4305       0    26.0
langford 120 4     0    3.84    8533     359    8172       0    17.9    8533     359    8172       0    17.9
langford 120 4     0    3.85    8549     366    8185       1    13.2    8549     366    8185       1    13.2
langford 120 4     0    2.80    6215     235    5980       0    23.1    6215     235    5980       0    23.1
langford 120 4     0    9.16   20377     768   19613       2    11.7   20377     768   19613       2    11.7
langford 120 4     0    4.23    9407     341    9065       0    17.8    9407     341    9065       0    17.8
langford 120 8     0    2.81    6232     211    6020       0    25.2    6232     211    6020       0    25.2
langford 120 8     0    2.40    5318     206    5109       0    23.8    5318     206    5109       0    23.8
langford 120 8     0    2.62    5809     248    5561       0    21.0    5809     248    5561       0    21.0
langford 120 8     0    1.73    3825     144    3680       0    28.2    3825     144    3680       0    28.2
langford 120 8     0    4.39    9757     401    9352       0    17.2    9757     401    9352       0    17.2
langford 120 8     0    2.40    5322     202    5122       1    21.1    5322     202    5122       1    21.1
langford 120 8     0    2.25    4996     185    4810       0    27.7    4996     185    4810       0    27.7
langford 120 8     0    4.59   10186     405    9780       1    13.7   10186     405    9780       1    13.7
langford 120 8     0    2.01    4446     174    4271       0    17.8    4446     174    4271       0    17.8
langford 120 8     0    2.10    4651     204    4447       0    17.9    4651     204    4447       0    17.9
langford 120 8     0    2.12    4688     187    4501       0    19.3    4688     187    4501       0    19.3
langford 120 8     0    1.52    3351     127    3226       1    23.2    3351     127    3226       1    23.2
langford 120 8     0    4.39    9751     369    9384       2    19.8    9751     369    9384       2    19.8
langford 120 8     0    1.76    3905     140    3765       0    18.7    3905     140    3765       0    18.7
langford 120 8     0    2.25    4981     196    4785       0    17.7    4981     196    4785       0    17.7
langford 120 8     0    2.42    5370     227    5140       0    20.3    5370     227    5140       0    20.3
langford 120 8     0    1.32    2920     105    2815       0    24.7    2920     105    2815       0    24.7
langford 120 8     0    2.12    4700     153    4547       0    31.6    4700     153    4547       0    31.6
langford 120 8     0    3.10    6883     267    6615       0    16.7    6883     267    6615       0    16.7
langford 120 8     0    3.66    8124     310    7813       0    13.8    8124     310    7813       0    13.8
langford 120 8     0    2.33    5174     182    4992       1    17.3    5174     182    4992       1    17.3
langford 120 8     0    2.63    5844     233    5608       0    17.6    5844     233    5608       0    17.6
langford 120 8     0    4.65   10324     410    9913       0    13.8   10324     410    9913       0    13.8
langford 120 8     0    1.12    2476      92    2383       0    23.8    2476      92    2383       0    23.8
langford 120 8     0    2.52    5589     191    5400       1    20.4    5589     191    5400       1    20.4
langford 120 8     0    1.45    3194     120    3074       0    23.8    3194     120    3074       0    23.8
langford 120 8     0    1.76    3890     152    3738       0    22.2    3890     152    3738       0    22.2
langford 120 8     0    7.80   17339     667   16663       2     9.9   17339     667   16663       2     9.9
langford 120 8     0    1.09    2411      78    2333       0    39.9    2411      78    2333       0    39.9
langford 120 8     0    2.88    6397     258    6139       0    14.5    6397     258    6139       0    14.5
langford 120 16     0    1.83    4027     148    3879       0    23.1    4027     148    3879       0    23.1
langford 120 16     0    1.23    2682      99    2583       0    26.9    2682      99    2583       0    26.9
langford 120 16     0    1.40    3064     113    2951       0    30.9    3064     113    2951       0    30.9
langford 120 16     0    3.53    7810     314    7494       0    19.0    7810     314    7494       0    19.0
langford 120 16     0    2.25    4955     170    4787       1    19.1    4955     170    4787       1    19.1
langford 120 16     0    1.78    3927     127    3800       0    29.4    3927     127    3800       0    29.4
langford 120 16     0    1.50    3297     139    3158       0    25.9    3297     139    3158       0    25.9
langford 120 16     0    2.40    5309     195    5114       0    21.1    5309     195    5114       0    21.1
langford 120 16     0    1.41    3081     123    2955       0    27.7    3081     123    2955       0    27.7
langford 120 16     0    1.92    4222     152    4070       0    20.0    4222     152    4070       0    20.0
langford 120 16     0    2.60    5744     239    5505       0    17.4    5744     239    5505       0    17.4
langford 120 16     0    1.09    2388      88    2300       0    31.7    2388      88    2300       0    31.7
langford 120 16     0    3.18    7031     300    6729       0    19.9    7031     300    6729       0    19.9
langford 120 16     0    2.25    4970     191    4777       0    17.7    4970     191    4777       0    17.7
langford 120 16     0    2.30    5073     202    4869       0    20.9    5073     202    4869       0    20.9
langford 120 16     0    2.09    4604     170    4435       1    18.3    4604     170    4435       1    18.3
langford 120 16     0    1.69    3716     130    3588       1    21.6    3716     130    3588       1    21.6
langford 120 16     0    2.13    4700     172    4526       0    26.3    4700     172    4526       0    26.3
langford 120 16     0    1.75    3854     158    3696       0    33.7    3854     158    3696       0    33.7
langford 120 16     0    1.90    4188     173    4013       0    23.2    4188     173    4013       0    23.2
langford 120 16     0    1.84    4064     161    3902       0    21.6    4064     161    3902       0    21.6
langford 120 16     0    1.96    4305     176    4129       0    27.7    4305     176    4129       0    27.7
langford 120 16     0    2.67    5893     233    5660       0    18.8    5893     233    5660       0    18.8
langford 120 16     0    2.23    4920     202    4716       0    22.0    4920     202    4716       0    22.0
langford 120 16     0    1.71    3768     154    3612       0    21.4    3768     154    3612       0    21.4
langford 120 16     0    2.63    5799     191    5607       0    21.1    5799     191    5607       0    21.1
langford 120 16     0    1.60    3513     126    3386       0    26.2    3513     126    3386       0    26.2
langford 120 16     0    1.67    3666     152    3511       0    28.3    3666     152    3511       0    28.3
langford 120 16     0    1.64    3609     137    3472       0    31.2    3609     137    3472       0    31.2
langford 120 16     0    1.92    4220     140    4079       0    25.8    4220     140    4079       0    25.8
langford 140 1     0    4.70    7764     300    7461       0    22.4    7764     300    7461       0    22.4
langford 140 1     0   11.45   18937     722   18210       1    15.8   18937     722   18210       1    15.8
langford 140 1     0    9.66   15974     608   15372       4    14.6   15974     608   15372       4    14.6
langford 140 1     0    9.43   15586     598   14983       0    12.0   15586     598   14983       0    12.0
langford 140 1     0    7.43   12283     464   11819       1    15.7   12283     464   11819       1    15.7
langford 140 1     0    4.77    7881     299    7579       0    17.3    7881     299    7579       0    17.3
langford 140 1     0   23.77   39323    1576   37753       4    12.5   39323    1576   37753       4    12.5
langford 140 1     0   29.44   48695    1913   46785       4     9.8   48695    1913   46785       4     9.8
langford 140 1     0   10.34   17104     670   16433       0    15.4   17104     670   16433       0    15.4
langford 140 1     0    4.79    7918     292    7626       0    17.2    7918     292    7626       0    17.2
langford 140 1     0   24.10   39853    1614   38241       2     6.0   39853    1614   38241       2     6.0
langford 140 1     0   13.69   22634     959   21677       1    10.9   22634     959   21677       1    10.9
langford 140 1     0    6.94   11482     450   11027       0    16.8   11482     450   11027       0    16.8
langford 140 1     0   13.87   22929     908   22024       2    11.6   22929     908   22024       2    11.6
langford 140 1     0    3.70    6123     220    5904       1    31.9    6123     220    5904       1    31.9
langford 140 1     0    9.07   15002     582   14418       0    15.0   15002     582   14418       0    15.0
langford 140 1     0   13.89   22968     890   22075       3    15.5   22968     890   22075       3    15.5
langford 140 1     0    8.03   13274     522   12752       1    17.9   13274     522   12752       1    17.9
langford 140 1     0   13.79   22808     886   21914       0     7.1   22808     886   21914       0     7.1
langford 140 1     0    9.59   15867     637   15222       1    15.1   15867     637   15222       1    15.1
langford 140 1     0   64.46  106620    4274  102346      10     7.8  106620    4274  102346      10     7.8
langford 140 1     0   28.35   46887    1862   45031       5     8.0   46887    1862   45031       5     8.0
langford 140 1     0   17.74   29339    1152   28191       2     9.9   29339    1152   28191       2     9.9
langford 140 1     0   14.87   24594     988   23598       0    11.6   24594     988   23598       0    11.6
langford 140 1     0    3.77    6233     232    6000       0    16.5    6233     232    6000       0    16.5
langford 140 1     0    3.72    6152     250    5902       0    31.3    6152     250    5902       0    31.3
langford 140 1     0   15.31   25320    1039   24283       2    10.0   25320    1039   24283       2    10.0
langford 140 1     0    6.73   11133     429   10703       1    18.6   11133     429   10703       1    18.6
langford 140 1     0    7.38   12201     466   11736       1    15.1   12201     466   11736       1    15.1
langford 140 1     0   40.42   66858    2695   64163       4     7.2   66858    2695   64163       4     7.2
langford 140 2     0   15.11   24988     966   24027       4    15.4   24988     966   24027       4    15.4
langford 140 2     0    8.93   14758     588   14170       0    11.0   14758     588   14170       0    11.0
langford 140 2     0    8.85   14630     554   14078       1    15.7   14630     554   14078       1    15.7
langford 140 2     0    4.43    7328     266    7061       1    23.6    7328     266    7061       1    23.6
langford 140 2     0   11.22   18560     725   17837       1    12.1   18560     725   17837       1    12.1
langford 140 2     0   19.91   32926    1275   31647       2    10.3   32926    1275   31647       2    10.3
langford 140 2     0   22.79   37692    1435   36261       4    10.2   37692    1435   36261       4    10.2
langford 140 2     0    6.41   10600     369   10228       0    17.7   10600     369   10228       0    17.7
langford 140 2     0   21.60   35721    1401   34323       2     9.5   35721    1401   34323       2     9.5
langford 140 2     0   14.16   23420     960   22458       1    16.9   23420     960   22458       1    16.9
langford 140 2     0   12.47   20619     824   19796       2    13.5   20619     824   19796       2    13.5
langford 140 2     0    4.07    6722     229    6497       2    23.3    6722     229    6497       2    23.3
langford 140 2     0    4.21    6962     264    6697       0    26.4    6962     264    6697       0    26.4
langford 140 2     0    6.61   10926     400   10529       2    21.0   10926     400   10529       2    21.0
langford 140 2     0   10.93   18080     689   17391       0    12.1   18080     689   17391       0    12.1
langford 140 2     0    4.80    7933     297    7636       0    20.5    7933     297    7636       0    20.5
langford 140 2     0    7.80   12895     501   12396       1    16.7   12895     501   12396       1    16.7
langford 140 2     0    9.92   16405     635   15772       1    13.1   16405     635   15772       1    13.1
langford 140 2     0   10.27   16978     643   16334       1    11.8   16978     643   16334       1    11.8
langford 140 2     0    3.69    6095     206    5893       2    20.4    6095     206    5893       2    20.4
langford 140 2     0    3.81    6300     235    6065       0    29.4    6300     235    6065       0    29.4
langford 140 2     0    5.24    8667     325    8342       0    22.2    8667     325    8342       0    22.2
langford 140 2     0    4.45    7360     299    7065       2    21.1    7360     299    7065       2    21.1
langford 140 2     0    2.56    4234     161    4073       0    26.6    4234     161    4073       0    26.6
langford 140 2     0    9.21   15226     605   14622       1    17.6   15226     605   14622       1    17.6
langford 140 2     0    5.70    9414     371    9043       0    15.6    9414     371    9043       0    15.6
langford 140 2     0    9.23   15271     654   14617       0    14.3   15271     654   14617       0    14.3
langford 140 2     0    4.64    7679     286    7393       0    21.0    7679     286    7393       0    21.0
langford 140 2     0    6.49   10725     419   10305       0    18.8   10725     419   10305       0    18.8
langford 140 2     0    5.14    8491     337    8153       0    22.6    8491     337    8153       0    22.6
langford 140 4     0    7.54   12458     499   11959       0    14.9   12458     499   11959       0    14.9
langford 140 4     0    2.84    4685     174    4511       0    32.4    4685     174    4511       0    32.4
langford 140 4     0    4.53    7486     287    7198       0    18.7    7486     287    7198       0    18.7
langford 140 4     0    7.75   12815     486   12329       0    16.8   12815     486   12329       0    16.8
langford 140 4     0    3.64    6007     224    5782       0    27.8    6007     224    5782       0    27.8
langford 140 4     0    2.94    4857     178    4679       0    24.7    4857     178    4679       0    24.7
langford 140 4     0    6.92   11433     485   10946       0    13.7   11433     485   10946       0    13.7
langford 140 4     0    9.18   15182     618   14562       2    12.6   15182     618   14562       2    12.6
langford 140 4     0    4.96    8187     293    7897       3    20.3    8187     293    7897       3    20.3
langford 140 4     0    7.06   11671     461   11209       0    17.2   11671     461   11209       0    17.2
langford 140 4     0   18.54   30650    1151   29497       1    10.3   30650    1151   29497       1    10.3
langford 140 4     0   11.17   18468     766   17703       2    10.7   18468     766   17703       2    10.7
langford 140 4     0    3.79    6264     234    6030       0    22.5    6264     234    6030       0    22.5
langford 140 4     0    7.02   11596     408   11190       1    19.9   11596     408   11190       1    19.9
langford 140 4     0   12.35   20413     818   19598       2    15.6   20413     818   19598       2    15.6
langford 140 4     0    8.24   13616     543   13077       2    18.3   13616     543   13077       2    18.3
langford 140 4     0    5.35    8834     385    8453       2    15.6    8834     385    8453       2    15.6
langford 140 4     0    7.08   11711     424   11288       1    22.1   11711     424   11288       1    22.1
langford 140 4     0    8.14   13449     520   12930       2    19.0   13449     520   12930       2    19.0
langford 140 4     0    6.92   11440     448   10991       0    16.9   11440     448   10991       0    16.9
langford 140 4     0    6.02    9945     373    9572       0    16.4    9945     373    9572       0    16.4
langford 140 4     0    7.74   12799     480   12319       0    11.6   12799     480   12319       0    11.6
langford 140 4     0   13.19   21808     842   20963       1    11.6   21808     842   20963       1    11.6
langford 140 4     0    5.72    9459     334    9124       1    14.1    9459     334    9124       1    14.1
langford 140 4     0    7.24   11965     447   11522       2    17.1   11965     447   11522       2    17.1
langford 140 4     0    3.16    5217     213    5004       0    25.2    5217     213    5004       0    25.2
langford 140 4     0    3.26    5390     225    5165       0    26.5    5390     225    5165       0    26.5
langford 140 4     0    2.94    4846     183    4663       0    28.2    4846     183    4663       0    28.2
langford 140 4     0    7.16   11830     425   11403       0    14.6   11830     425   11403       0    14.6
langford 140 4     0    5.39    8914     335    8576       0    16.9    8914     335    8576       0    16.9
langford 140 8     0    2.84    4688     176    4511       0    28.8    4688     176    4511       0    28.8
langford 140 8     0    3.44    5670     232    5438       0    27.5    5670     232    5438       0    27.5
langford 140 8     0    3.63    5992     233    5757       0    25.3    5992     233    5757       0    25.3
langford 140 8     0    2.79    4600     178    4422       0    26.0    4600     178    4422       0    26.0
langford 140 8     0    7.11   11749     442   11307       0    15.0   11749     442   11307       0    15.0
langford 140 8     0    1.48    2430      80    2349       0    44.2    2430      80    2349       0    44.2
langford 140 8     0    5.24    8653     301    8350       0    18.8    8653     301    8350       0    18.8
langford 140 8     0    4.31    7108     278    6830       0    17.5    7108     278    6830       0    17.5
langford 140 8     0    7.93   13098     520   12572       0    11.4   13098     520   12572       0    11.4
langford 140 8     0    3.26    5374     176    5198       0    29.5    5374     176    5198       0    29.5
langford 140 8     0    3.43    5664     219    5445       0    28.5    5664     219    5445       0    28.5
langford 140 8     0   10.08   16655     625   16031       1    13.8   16655     625   16031       1    13.8
langford 140 8     0    2.96    4877     174    4702       0    32.2    4877     174    4702       0    32.2
langford 140 8     0    5.60    9252     361    8890       0    22.0    9252     361    8890       0    22.0
langford 140 8     0    3.54    5846     237    5605       0    25.7    5846     237    5605       0    25.7
langford 140 8     0    5.15    8507     317    8189       0    24.1    8507     317    8189       0    24.1
langford 140 8     0    2.44    4026     154    3872       0    30.8    4026     154    3872       0    30.8
langford 140 8     0    3.71    6127     246    5881       0    19.7    6127     246    5881       0    19.7
langford 140 8     0    5.23    8634     325    8309       0    30.9    8634     325    8309       0    30.9
langford 140 8     0    5.02    8289     303    7985       0    23.9    8289     303    7985       0    23.9
langford 140 8     0    6.38   10538     366   10170       1    17.4   10538     366   10170       1    17.4
langford 140 8     0    3.87    6381     246    6134       0    19.7    6381     246    6134       0    19.7
langford 140 8     0    3.49    5750     199    5551       0    24.6    5750     199    5551       0    24.6
langford 140 8     0    3.71    6119     223    5896       0    25.7    6119     223    5896       0    25.7
langford 140 8     0    2.78    4587     172    4415       0    21.0    4587     172    4415       0    21.0
langford 140 8     0    3.32    5474     216    5260       1    24.3    5474     216    5260       1    24.3
langford 140 8     0    3.67    6058     209    5851       1    26.7    6058     209    5851       1    26.7
langford 140 8     0    3.42    5644     224    5423       2    30.4    5644     224    5423       2    30.4
langford 140 8     0    4.39    7244     291    6953       0    18.3    7244     291    6953       0    18.3
langford 140 8     0    6.36   10497     391   10106       0    16.0   10497     391   10106       0    16.0
langford 140 16     0    3.34    5488     202    5288       1    24.1    5488     202    5288       1    24.1
langford 140 16     0    3.53    5802     222    5580       0    26.3    5802     222    5580       0    26.3
langford 140 16     0    3.07    5039     190    4849       0    32.5    5039     190    4849       0    32.5
langford 140 16     0    4.14    6815     284    6533       1    20.7    6815     284    6533       1    20.7
langford 140 16     0    2.24    3668     157    3509       0    25.4    3668     157    3509       0    25.4
langford 140 16     0   10.12   16712     645   16069       1    16.0   16712     645   16069       1    16.0
langford 140 16     0    2.54    4160     143    4017       0    25.3    4160     143    4017       0    25.3
langford 140 16     0    2.30    3770     147    3623       0    27.0    3770     147    3623       0    27.0
langford 140 16     0    6.96   11470     470   11000       0    13.8   11470     470   11000       0    13.8
langford 140 16     0    4.10    6751     280    6469       0    18.2    6751     280    6469       0    18.2
langford 140 16     0    1.74    2838     117    2723       1    31.7    2838     117    2723       1    31.7
langford 140 16     0    3.83    6296     256    6040       0    20.9    6296     256    6040       0    20.9
langford 140 16     0    4.70    7739     320    7419       0    22.4    7739     320    7419       0    22.4
langford 140 16     0    3.16    5191     217    4972       1    30.2    5191     217    4972       1    30.2
langford 140 16     0    2.69    4422     178    4244       0    29.5    4422     178    4244       0    29.5
langford 140 16     0    3.17    5200     204    4997       1    26.5    5200     204    4997       1    26.5
langford 140 16     0    2.37    3876     168    3708       0    35.5    3876     168    3708       0    35.5
langford 140 16     0    2.88    4735     193    4542       0    32.3    4735     193    4542       0    32.3
langford 140 16     0    4.70    7732     321    7407       0    17.6    7732     321    7407       0    17.6
langford 140 16     0    4.17    6856     259    6597       0    18.6    6856     259    6597       0    18.6
langford 140 16     0    4.04    6646     250    6395       0    23.0    6646     250    6395       0    23.0
langford 140 16     0    3.40    5590     239    5351       0    31.7    5590     239    5351       0    31.7
langford 140 16     0    2.56    4207     140    4066       0    41.0    4207     140    4066       0    41.0
langford 140 16     0    3.26    5353     192    5161       0    30.4    5353     192    5161       0    30.4
langford 140 16     0    4.09    6731     277    6456       1    24.7    6731     277    6456       1    24.7
langford 140 16     0    3.17    5217     213    5004       0    25.2    5217     213    5004       0    25.2
langford 140 16     0    4.57    7530     284    7246       0    26.5    7530     284    7246       0    26.5
langford 140 16     0    2.89    4744     182    4561       0    23.4    4744     182    4561       0    23.4
langford 140 16     0    2.35    3851     153    3700       1    29.6    3851     153    3700       1    29.6
langford 140 16     0    3.84    6327     251    6076       0    23.2    6327     251    6076       0    23.2
langford 160 1     0   51.97   66373    2542   63832       2     8.0   66373    2542   63832       2     8.0
langford 160 1     0    8.30   10601     381   10219       0    22.3   10601     381   10219       0    22.3
langford 160 1     0   64.47   82350    3298   79056       5     8.6   82350    3298   79056       5     8.6
langford 160 1     0   29.62   37838    1569   36277       5    14.6   37838    1569   36277       5    14.6
langford 160 1     0    6.70    8550     335    8217       1    29.3    8550     335    8217       1    29.3
langford 160 1     0   18.41   23515     975   22536       0    13.9   23515     975   22536       0    13.9
langford 160 1     0   24.96   31887    1267   30618       2    12.9   31887    1267   30618       2    12.9
langford 160 1     0   21.89   27955    1042   26913       0    12.8   27955    1042   26913       0    12.8
langford 160 1     0   16.11   20581     822   19760       1    13.2   20581     822   19760       1    13.2
langford 160 1     0    8.21   10486     428   10058       0    19.1   10486     428   10058       0    19.1
langford 160 1     0   60.14   76821    3087   73735       6    11.2   76821    3087   73735       6    11.2
langford 160 1     0   39.10   49951    1908   48052       5    17.2   49951    1908   48052       5    17.2
langford 160 1     0   24.66   31496    1259   30236       0    10.1   31496    1259   30236       0    10.1
langford 160 1     0   35.80   45726    1828   43899       3    10.7   45726    1828   43899       3    10.7
langford 160 1     0   27.86   35578    1464   34113       0     7.9   35578    1464   34113       0     7.9
langford 160 1     0   32.00   40878    1577   39301       3    12.4   40878    1577   39301       3    12.4
langford 160 1     0   22.98   29351    1145   28203       0     9.1   29351    1145   28203       0     9.1
langford 160 1     0   41.71   53279    2140   51138       2    12.0   53279    2140   51138       2    12.0
langford 160 1     0   29.33   37465    1480   35988       2    13.1   37465    1480   35988       2    13.1
langford 160 1     0   32.57   41596    1523   40072       0     8.6   41596    1523   40072       0     8.6
langford 160 1     0    8.35   10663     386   10277       0    24.1   10663     386   10277       0    24.1
langford 160 1     0   93.90  119951    4842  115122       7     8.8  119951    4842  115122       7     8.8
langford 160 1     0   37.37   47727    1954   45777       3    10.6   47727    1954   45777       3    10.6
langford 160 1     0    5.68    7252     281    6973       2    25.5    7252     281    6973       2    25.5
langford 160 1     0   13.21   16871     614   16254       0    18.2   16871     614   16254       0    18.2
langford 160 1     0   71.99   91961    3649   88322       7    10.4   91961    3649   88322       7    10.4
langford 160 1     0    7.22    9213     390    8823       0    21.5    9213     390    8823       0    21.5
langford 160 1     0   10.22   13057     499   12559       1    22.5   13057     499   12559       1    22.5
langford 160 1     0   64.52   82412    3250   79158       5    10.2   82412    3250   79158       5    10.2
langford 160 1     0   32.58   41614    1636   39976       3    11.1   41614    1636   39976       3    11.1
langford 160 2     0    9.32   11896     451   11438       0    17.0   11896     451   11438       0    17.0
langford 160 2     0   15.66   20004     742   19260       0    12.2   20004     742   19260       0    12.2
langford 160 2     0   30.83   39378    1568   37810       5    14.5   39378    1568   37810       5    14.5
langford 160 2     0   22.94   29301    1154   28147       2    13.1   29301    1154   28147       2    13.1
langford 160 2     0    9.56   12204     496   11710       1    21.2   12204     496   11710       1    21.2
langford 160 2     0    7.61    9716     386    9328       0    20.0    9716     386    9328       0    20.0
langford 160 2     0   21.39   27313    1078   26238       3    14.8   27313    1078   26238       3    14.8
langford 160 2     0   12.37   15791     628   15164       1    19.3   15791     628   15164       1    19.3
langford 160 2     0    6.19    7901     316    7584       0    27.6    7901     316    7584       0    27.6
langford 160 2     0    4.11    5249     167    5082       0    31.5    5249     167    5082       0    31.5
langford 160 2     0    8.37   10681     411   10266       0    15.7   10681     411   10266       0    15.7
langford 160 2     0   20.18   25780    1047   24727       0    11.0   25780    1047   24727       0    11.0
langford 160 2     0   10.37   13240     535   12701       0    14.9   13240     535   12701       0    14.9
langford 160 2     0   17.51   22361     824   21536       1    18.9   22361     824   21536       1    18.9
langford 160 2     0   16.04   20479     768   19710       1    12.5   20479     768   19710       1    12.5
langford 160 2     0   11.47   14653     550   14101       0    16.5   14653     550   14101       0    16.5
langford 160 2     0   23.69   30254    1208   29047       1     9.9   30254    1208   29047       1     9.9
langford 160 2     0    8.91   11382     471   10907       0    19.2   11382     471   10907       0    19.2
langford 160 2     0   10.86   13871     535   13335       1    20.2   13871     535   13335       1    20.2
langford 160 2     0   13.82   17656     731   16929       4    15.7   17656     731   16929       4    15.7
langford 160 2     0   12.50   15965     656   15306       0    15.2   15965     656   15306       0    15.2
langford 160 2     0    7.10    9061     349    8709       0    25.2    9061     349    8709       0    25.2
langford 160 2     0   17.61   22483     918   21561       0    11.4   22483     918   21561       0    11.4
langford 160 2     0    8.01   10226     365    9862       1    19.3   10226     365    9862       1    19.3
langford 160 2     0    9.20   11753     478   11273       0    23.7   11753     478   11273       0    23.7
langford 160 2     0   16.48   21047     803   20243       1    18.5   21047     803   20243       1    18.5
langford 160 2     0   23.20   29630    1163   28470       3    17.0   29630    1163   28470       3    17.0
langford 160 2     0    6.12    7819     305    7516       1    22.8    7819     305    7516       1    22.8
langford 160 2     0   36.88   47112    1848   45269       4    10.2   47112    1848   45269       4    10.2
langford 160 2     0    8.56   10926     409   10515       0    25.3   10926     409   10515       0    25.3
langford 160 4     0    7.43    9481     374    9107       0    21.9    9481     374    9107       0    21.9
langford 160 4     0    5.34    6816     247    6569       0    25.4    6816     247    6569       0    25.4
langford 160 4     0    7.65    9767     363    9406       1    24.2    9767     363    9406       1    24.2
langford 160 4     0    7.42    9464     365    9099       0    22.9    9464     365    9099       0    22.9
langford 160 4     0    5.13    6546     244    6304       1    31.0    6546     244    6304       1    31.0
langford 160 4     0    6.93    8851     308    8543       0    23.7    8851     308    8543       0    23.7
langford 160 4     0   15.32   19566     753   18812       1    12.3   19566     753   18812       1    12.3
langford 160 4     0    5.92    7556     285    7270       0    28.5    7556     285    7270       0    28.5
langford 160 4     0   20.01   25557     993   24570       4    15.8   25557     993   24570       4    15.8
langford 160 4     0    3.50    4467     174    4292       0    42.5    4467     174    4292       0    42.5
langford 160 4     0    8.09   10329     366    9964       1    30.9   10329     366    9964       1    30.9
langford 160 4     0   20.20   25790     989   24797       0    13.1   25790     989   24797       0    13.1
langford 160 4     0   16.30   20805     827   19982       2    13.4   20805     827   19982       2    13.4
langford 160 4     0    3.54    4506     152    4354       0    36.9    4506     152    4354       0    36.9
langford 160 4     0   29.52   37696    1567   36128       2    12.3   37696    1567   36128       2    12.3
langford 160 4     0   12.29   15699     617   15080       0    17.8   15699     617   15080       0    17.8
langford 160 4     0   16.16   20638     853   19788       2    18.1   20638     853   19788       2    18.1
langford 160 4     0    8.20   10462     401   10059       0    22.0   10462     401   10059       0    22.0
langford 160 4     0    6.30    8040     319    7721       0    18.5    8040     319    7721       0    18.5
langford 160 4     0    7.04    8989     364    8624       0    21.2    8989     364    8624       0    21.2
langford 160 4     0   17.54   22393     871   21522       0    14.0   22393     871   21522       0    14.0
langford 160 4     0    4.74    6052     237    5814       1    36.3    6052     237    5814       1    36.3
langford 160 4     0    5.02    6402     226    6175       0    31.5    6402     226    6175       0    31.5
langford 160 4     0    8.98   11460     446   11013       1    19.1   11460     446   11013       1    19.1
langford 160 4     0   19.26   24591     999   23593       2    15.7   24591     999   23593       2    15.7
langford 160 4     0    8.89   11351     416   10935       0    17.5   11351     416   10935       0    17.5
langford 160 4     0    8.72   11132     435   10697       1    20.8   11132     435   10697       1    20.8
langford 160 4     0    8.19   10454     438   10015       0    19.0   10454     438   10015       0    19.0
langford 160 4     0   15.74   20103     808   19288       1    17.4   20103     808   19288       1    17.4
langford 160 4     0   10.27   13112     505   12606       0    14.3   13112     505   12606       0    14.3
langford 160 8     0    7.22    9217     344    8873       0    24.8    9217     344    8873       0    24.8
langford 160 8     0    8.03   10250     405    9843       0    21.3   10250     405    9843       0    21.3
langford 160 8     0    7.14    9106     353    8752       0    25.4    9106     353    8752       0    25.4
langford 160 8     0    4.35    5541     200    5340       0    22.8    5541     200    5340       0    22.8
langford 160 8     0    8.88   11323     425   10896       0    18.7   11323     425   10896       0    18.7
langford 160 8     0    7.20    9183     328    8855       0    23.3    9183     328    8855       0    23.3
langford 160 8     0    7.70    9821     373    9444       0    20.1    9821     373    9444       0    20.1
langford 160 8     0    5.75    7329     277    7054       1    25.4    7329     277    7054       1    25.4
langford 160 8     0    4.59    5849     215    5634       0    27.2    5849     215    5634       0    27.2
langford 160 8     0    9.61   12264     503   11762       1    26.4   12264     503   11762       1    26.4
langford 160 8     0    6.57    8384     302    8082       0    23.5    8384     302    8082       0    23.5
langford 160 8     0    9.42   12020     444   11574       0    18.7   12020     444   11574       0    18.7
langford 160 8     0    9.61   12260     504   11757       1    23.1   12260     504   11757       1    23.1
langford 160 8     0   10.31   13160     490   12672       1    20.8   13160     490   12672       1    20.8
langford 160 8     0    7.83    9987     419    9565       0    20.9    9987     419    9565       0    20.9
langford 160 8     0    7.32    9339     359    8980       0    22.6    9339     359    8980       0    22.6
langford 160 8     0   21.60   27584    1131   26453       1    14.1   27584    1131   26453       1    14.1
langford 160 8     0    5.49    6998     288    6710       0    23.8    6998     288    6710       0    23.8
langford 160 8     0    9.11   11629     464   11164       0    26.0   11629     464   11164       0    26.0
langford 160 8     0    7.30    9308     354    8952       0    18.2    9308     354    8952       0    18.2
langford 160 8     0    7.83    9995     375    9619       0    20.8    9995     375    9619       0    20.8
langford 160 8     0    6.12    7800     295    7504       0    32.0    7800     295    7504       0    32.0
langford 160 8     0    8.37   10679     400   10280       1    28.1   10679     400   10280       1    28.1
langford 160 8     0    9.63   12283     458   11825       0    19.1   12283     458   11825       0    19.1
langford 160 8     0    8.10   10329     366    9964       1    30.9   10329     366    9964       1    30.9
langford 160 8     0   13.00   16591     643   15945       0    17.4   16591     643   15945       0    17.4
langford 160 8     0    4.34    5534     177    5356       0    38.0    5534     177    5356       0    38.0
langford 160 8     0    4.84    6170     219    5950       0    26.0    6170     219    5950       0    26.0
langford 160 8     0    6.51    8309     299    8012       1    27.4    8309     299    8012       1    27.4
langford 160 8     0    7.97   10174     374    9802       1    23.9   10174     374    9802       1    23.9
langford 160 16     0   11.36   14484     536   13948       0    15.1   14484     536   13948       0    15.1
langford 160 16     0    5.76    7334     309    7025       0    22.0    7334     309    7025       0    22.0
langford 160 16     0    6.14    7817     308    7503       0    20.7    7817     308    7503       0    20.7
langford 160 16     0    4.40    5600     196    5403       0    30.3    5600     196    5403       0    30.3
langford 160 16     0    6.01    7648     322    7326       0    19.8    7648     322    7326       0    19.8
langford 160 16     0    6.67    8493     311    8181       0    27.3    8493     311    8181       0    27.3
langford 160 16     0    7.04    8961     334    8625       1    22.7    8961     334    8625       1    22.7
langford 160 16     0    4.40    5597     227    5370       0    20.3    5597     227    5370       0    20.3
langford 160 16     0    6.98    8884     362    8522       0    25.8    8884     362    8522       0    25.8
langford 160 16     0    7.32    9323     361    8963       1    21.3    9323     361    8963       1    21.3
langford 160 16     0    7.89   10054     393    9661       0    19.5   10054     393    9661       0    19.5
langford 160 16     0    7.42    9447     349    9094       0    21.3    9447     349    9094       0    21.3
langford 160 16     0    7.51    9574     352    9220       0    22.8    9574     352    9220       0    22.8
langford 160 16     0    7.22    9203     370    8837       2    22.8    9203     370    8837       2    22.8
langford 160 16     0    2.60    3296     101    3197       1    52.7    3296     101    3197       1    52.7
langford 160 16     0    3.25    4126     135    3991       0    25.7    4126     135    3991       0    25.7
langford 160 16     0    7.26    9252     348    8906       1    23.6    9252     348    8906       1    23.6
langford 160 16     0    7.90   10067     370    9697       0    26.5   10067     370    9697       0    26.5
langford 160 16     0    6.24    7942     286    7653       0    22.3    7942     286    7653       0    22.3
langford 160 16     0    3.04    3850     157    3693       0    43.4    3850     157    3693       0    43.4
langford 160 16     0    7.50    9551     379    9169       0    24.4    9551     379    9169       0    24.4
langford 160 16     0    4.94    6282     230    6052       0    24.5    6282     230    6052       0    24.5
langford 160 16     0    6.18    7865     317    7549       1    21.3    7865     317    7549       1    21.3
langford 160 16     0    4.62    5872     208    5664       0    33.7    5872     208    5664       0    33.7
langford 160 16     0    3.48    4423     159    4264       0    27.6    4423     159    4264       0    27.6
langford 160 16     0    7.61    9697     402    9292       0    18.6    9697     402    9292       0    18.6
langford 160 16     0    3.69    4689     162    4527       1    43.4    4689     162    4527       1    43.4
langford 160 16     0    3.79    4816     181    4635       0    26.9    4816     181    4635       0    26.9
langford 160 16     0    5.19    6607     253    6354       0    28.8    6607     253    6354       0    28.8
langford 160 16     0    7.21    9186     353    8833       0    21.5    9186     353    8833       0    21.5
