partit 1200 1     0    1.25      79      16     255      16     0.8      79      16     255      16     0.8
partit 1200 1     1    2.71      73      14     227      14     0.8     173      36     568      36     0.8
partit 1200 1     6    9.80      28       4      72       4     0.9     628     122    1964     122     0.8
partit 1200 1     4    6.51      17       1      28       1     1.1     417      80    1293      80     0.8
partit 1200 1     0    0.53      33       6      99       6     0.8      33       6      99       6     0.8
partit 1200 1     0    0.18      11       2      33       2     0.9      11       2      33       2     0.9
partit 1200 1     4    6.56      20       2      42       2     0.9     420      83    1329      83     0.8
partit 1200 1     2    4.07      60      11     181      11     0.8     260      45     753      45     0.9
partit 1200 1     0    1.00      63      11     184      11     0.8      63      11     184      11     0.8
partit 1200 1     2    3.42      19       3      52       3     0.8     219      38     635      38     0.9
partit 1200 1     3    5.42      47       8     135       8     0.9     347      65    1059      65     0.8
partit 1200 1     1    2.76      76      14     230      14     0.8     176      30     505      30     0.9
partit 1200 1     3    5.25      36       6     102       6     1.0     336      64    1037      64     0.8
partit 1200 1     0    0.85      54       8     142       8     0.9      54       8     142       8     0.9
partit 1200 1     3    4.84      10       1      21       1     1.0     310      61     978      61     0.8
partit 1200 1     4    7.69      92      13     235      13     0.9     492      91    1489      91     0.8
partit 1200 1     0    0.60      38       4      82       4     0.9      38       4      82       4     0.9
partit 1200 1     3    5.56      56       8     144       8     0.9     356      65    1068      65     0.8
partit 1200 1     0    0.95      60      10     170      10     0.8      60      10     170      10     0.8
partit 1200 1     3    5.56      56       9     155       9     0.9     356      64    1057      64     0.8
partit 1200 1     2    4.44      84      14     238      14     0.8     284      49     821      49     0.8
partit 1200 1     1    2.48      58       9     157       9     0.9     158      27     454      27     0.8
partit 1200 1     2    4.21      69      11     190      11     0.9     269      50     817      50     0.8
partit 1200 1     0    1.11      70      12     202      12     0.8      70      12     202      12     0.8
partit 1200 1     1    2.95      88      17     275      17     0.8     188      36     583      36     0.8
partit 1200 1     2    4.18      67      14     221      14     0.8     267      60     925      60     0.8
partit 1200 1     1    2.57      64       9     163       9     0.9     164      26     449      26     0.8
partit 1200 1     0    0.35      22       2      44       2     1.0      22       2      44       2     1.0
partit 1200 1     4    6.90      42       6     108       6     0.9     442      85    1373      85     0.8
partit 1200 1     0    0.75      47       6     113       6     0.9      47       6     113       6     0.9
partit 1200 2     0    0.14       8       1      19       1     0.9       8       1      19       1     0.9
partit 1200 2     0    0.78      49       9     148       9     0.8      49       9     148       9     0.8
partit 1200 2     0    1.34      85      15     250      15     0.8      85      15     250      15     0.8
partit 1200 2     2    3.33      13       2      35       2     0.8     213      42     673      42     0.8
partit 1200 2     0    0.28      17       2      39       2     0.9      17       2      39       2     0.9
partit 1200 2     2    3.60      30       5      85       5     0.9     230      46     734      46     0.8
partit 1200 2     1    1.88      20       3      53       3     0.8     120      22     361      22     0.8
partit 1200 2     0    0.04       2       0       2       0     1.0       2       0       2       0     1.0
partit 1200 2     0    0.78      49       8     137       8     0.9      49       8     137       8     0.9
partit 1200 2     0    1.06      67      11     188      11     0.9      67      11     188      11     0.9
partit 1200 2     0    0.64      40       5      95       5     0.9      40       5      95       5     0.9
partit 1200 2     0    0.20      12       2      34       2     0.9      12       2      34       2     0.9
partit 1200 2     0    0.32      20       2      42       2     0.9      20       2      42       2     0.9
partit 1200 2     3    5.71      65      13     208      13     0.8     365      67    1099      67     0.8
partit 1200 2     0    0.35      22       3      55       3     0.9      22       3      55       3     0.9
partit 1200 2     0    0.35      22       4      66       4     0.8      22       4      66       4     0.8
partit 1200 2     0    0.72      45       8     133       8     0.8      45       8     133       8     0.8
partit 1200 2     0    0.92      58      11     179      11     0.8      58      11     179      11     0.8
partit 1200 2     2    3.86      47       5     102       5     0.9     247      44     729      44     0.8
partit 1200 2     1    1.85      18       1      29       1     1.0     118      22     359      22     0.8
partit 1200 2     0    0.31      19       2      41       2     0.9      19       2      41       2     0.9
partit 1200 2     1    2.92      86      18     284      18     0.8     186      36     581      36     0.8
partit 1200 2     2    3.85      46       5     101       5     1.0     246      47     761      47     0.8
partit 1200 2     0    1.51      96      18     294      18     0.8      96      18     294      18     0.8
partit 1200 2     0    0.76      48       7     125       7     0.9      48       7     125       7     0.9
partit 1200 2     2    3.47      22       2      44       2     0.9     222      38     638      38     0.8
partit 1200 2     2    4.29      74      13     217      13     0.8     274      52     844      52     0.8
partit 1200 2     1    2.07      32       4      76       4     0.9     132      21     362      21     0.8
partit 1200 2     1    1.83      17       2      39       2     0.9     117      20     336      20     0.8
partit 1200 2     0    0.68      43       9     142       9     0.8      43       9     142       9     0.8
partit 1200 4     0    0.41      25       3      58       3     0.9      25       3      58       3     0.9
partit 1200 4     0    0.23      14       1      25       1     0.9      14       1      25       1     0.9
partit 1200 4     0    1.56      99      17     286      17     0.9      99      17     286      17     0.9
partit 1200 4     0    0.11       6       0       6       0     1.0       6       0       6       0     1.0
partit 1200 4     0    0.40      25       5      80       5     0.8      25       5      80       5     0.8
partit 1200 4     0    1.06      67      11     188      11     0.9      67      11     188      11     0.9
partit 1200 4     1    1.90      21       3      54       3     0.9     121      22     362      22     0.9
partit 1200 4     0    0.28      17       2      39       2     0.9      17       2      39       2     0.9
partit 1200 4     0    1.30      82      19     291      19     0.8      82      19     291      19     0.8
partit 1200 4     0    0.23      14       1      25       1     0.9      14       1      25       1     0.9
partit 1200 4     0    0.58      36       7     113       7     0.8      36       7     113       7     0.8
partit 1200 4     0    0.47      29       2      51       2     1.1      29       2      51       2     1.1
partit 1200 4     1    2.46      57       8     145       8     0.9     157      22     398      22     0.9
partit 1200 4     0    1.24      78      14     232      14     0.8      78      14     232      14     0.8
partit 1200 4     0    0.66      41       8     129       8     0.9      41       8     129       8     0.9
partit 1200 4     1    2.23      42       6     108       6     0.9     142      27     438      27     0.8
partit 1200 4     0    0.53      33       4      77       4     0.9      33       4      77       4     0.9
partit 1200 4     0    0.37      23       2      45       2     1.0      23       2      45       2     1.0
partit 1200 4     1    2.90      85      15     250      15     0.8     185      31     525      31     0.8
partit 1200 4     0    1.03      65      12     197      12     0.8      65      12     197      12     0.8
partit 1200 4     0    0.67      42       6     108       6     0.9      42       6     108       6     0.9
partit 1200 4     0    0.45      28       4      72       4     0.9      28       4      72       4     0.9
partit 1200 4     0    0.66      41       7     118       7     0.9      41       7     118       7     0.9
partit 1200 4     1    2.02      29       4      73       4     0.9     129      21     359      21     0.8
partit 1200 4     0    0.14       8       0       8       0     1.0       8       0       8       0     1.0
partit 1200 4     0    1.28      81      12     213      12     0.9      81      12     213      12     0.9
partit 1200 4     0    0.07       4       0       4       0     1.0       4       0       4       0     1.0
partit 1200 4     0    0.97      61      12     193      12     0.8      61      12     193      12     0.8
partit 1200 4     1    1.96      25       3      58       3     0.9     125      19     333      19     0.9
partit 1200 4     0    0.25      15       2      37       2     0.9      15       2      37       2     0.9
partit 1200 8     0    0.53      33       4      77       4     0.9      33       4      77       4     0.9
partit 1200 8     0    0.42      26       2      48       2     1.0      26       2      48       2     1.0
partit 1200 8     0    0.65      40       6     106       6     0.9      40       6     106       6     0.9
partit 1200 8     0    0.66      41       5      96       5     0.9      41       5      96       5     0.9
partit 1200 8     0    0.33      20       5      75       5     0.8      20       5      75       5     0.8
partit 1200 8     1    1.92      22       3      55       3     0.9     122      23     374      23     0.8
partit 1200 8     0    0.24      14       1      25       1     0.9      14       1      25       1     0.9
partit 1200 8     0    0.06       3       0       3       0     1.0       3       0       3       0     1.0
partit 1200 8     0    0.69      43       7     120       7     0.9      43       7     120       7     0.9
partit 1200 8     1    2.36      50       7     127       7     0.9     150      22     391      22     0.9
partit 1200 8     0    0.39      24       3      57       3     0.9      24       3      57       3     0.9
partit 1200 8     0    0.35      21       3      54       3     0.9      21       3      54       3     0.9
partit 1200 8     0    1.10      69      13     212      13     0.9      69      13     212      13     0.9
partit 1200 8     0    0.91      57       8     145       8     0.9      57       8     145       8     0.9
partit 1200 8     0    0.77      48       7     125       7     0.9      48       7     125       7     0.9
partit 1200 8     0    0.49      30       4      74       4     0.9      30       4      74       4     0.9
partit 1200 8     0    0.49      30       5      85       5     0.8      30       5      85       5     0.8
partit 1200 8     0    1.19      75      14     229      14     0.9      75      14     229      14     0.9
partit 1200 8     0    0.32      19       3      52       3     0.8      19       3      52       3     0.8
partit 1200 8     0    0.94      59      11     180      11     0.8      59      11     180      11     0.8
partit 1200 8     0    0.44      27       5      82       5     0.8      27       5      82       5     0.8
partit 1200 8     0    0.75      47       8     135       8     0.8      47       8     135       8     0.8
partit 1200 8     0    0.42      26       2      48       2     0.9      26       2      48       2     0.9
partit 1200 8     0    0.99      62      10     172      10     0.9      62      10     172      10     0.9
partit 1200 8     0    0.16       9       1      20       1     0.9       9       1      20       1     0.9
partit 1200 8     0    0.08       4       0       4       0     1.0       4       0       4       0     1.0
partit 1200 8     0    0.55      34       8     122       8     0.8      34       8     122       8     0.8
partit 1200 8     0    0.33      20       1      31       1     1.0      20       1      31       1     1.0
partit 1200 8     0    0.33      20       2      42       2     0.9      20       2      42       2     0.9
partit 1200 8     0    0.25      15       1      26       1     0.9      15       1      26       1     0.9
partit 1200 16     0    0.33      19       3      52       3     0.9      19       3      52       3     0.9
partit 1200 16     0    0.23      13       2      35       2     0.9      13       2      35       2     0.9
partit 1200 16     0    0.25      14       1      25       1     0.9      14       1      25       1     0.9
partit 1200 16     0    0.47      28       1      39       1     1.1      28       1      39       1     1.1
partit 1200 16     0    0.26      15       2      37       2     0.9      15       2      37       2     0.9
partit 1200 16     0    0.89      55       7     132       7     0.9      55       7     132       7     0.9
partit 1200 16     0    0.48      29       4      73       4     0.9      29       4      73       4     0.9
partit 1200 16     0    0.17       9       0       9       0     1.0       9       0       9       0     1.0
partit 1200 16     0    0.53      32       5      87       5     0.9      32       5      87       5     0.9
partit 1200 16     0    0.26      15       1      26       1     1.0      15       1      26       1     1.0
partit 1200 16     0    0.17       9       1      20       1     0.9       9       1      20       1     0.9
partit 1200 16     0    0.36      21       3      54       3     0.9      21       3      54       3     0.9
partit 1200 16     0    0.25      14       3      47       3     0.9      14       3      47       3     0.9
partit 1200 16     0    0.47      28       3      61       3     1.0      28       3      61       3     1.0
partit 1200 16     0    0.29      17       0      17       0     1.0      17       0      17       0     1.0
partit 1200 16     0    0.89      55      10     165      10     0.8      55      10     165      10     0.8
partit 1200 16     0    0.78      48      10     158      10     0.8      48      10     158      10     0.8
partit 1200 16     0    0.36      21       2      43       2     0.9      21       2      43       2     0.9
partit 1200 16     0    0.48      29       3      62       3     0.9      29       3      62       3     0.9
partit 1200 16     0    0.23      13       0      13       0     1.0      13       0      13       0     1.0
partit 1200 16     0    0.32      19       1      30       1     1.0      19       1      30       1     1.0
partit 1200 16     0    0.26      15       2      37       2     0.9      15       2      37       2     0.9
partit 1200 16     0    0.50      30       4      74       4     0.9      30       4      74       4     0.9
partit 1200 16     0    0.81      50      10     160      10     0.8      50      10     160      10     0.8
partit 1200 16     0    0.23      13       2      35       2     0.8      13       2      35       2     0.8
partit 1200 16     0    0.29      17       2      39       2     0.9      17       2      39       2     0.9
partit 1200 16     0    0.72      44       7     121       7     0.9      44       7     121       7     0.9
partit 1200 16     0    0.23      13       2      35       2     0.8      13       2      35       2     0.8
partit 1200 16     0    0.18      10       0      10       0     1.0      10       0      10       0     1.0
partit 1200 16     0    0.33      19       1      30       1     0.9      19       1      30       1     0.9
partit 1400 1     3    8.25      88      16     296      16     0.8     388      65    1230      65     0.9
partit 1400 1     6   14.53      84      13     253      13     0.9     684     126    2316     126     0.8
partit 1400 1     4    9.54      49       8     153       8     0.9     449      83    1524      83     0.8
partit 1400 1     1    4.01      88      16     296      16     0.9     188      32     603      32     0.8
partit 1400 1     4    9.97      69      11     212      11     0.9     469      81    1518      81     0.9
partit 1400 1     2    6.11      87      15     282      15     0.8     287      52     961      52     0.8
partit 1400 1     3    8.27      89      20     349      20     0.8     389      71    1309      71     0.8
partit 1400 1     0    1.29      60      12     216      12     0.8      60      12     216      12     0.8
partit 1400 1     1    2.98      40       6     118       6     0.9     140      23     438      23     0.9
partit 1400 1     3    7.80      67       8     171       8     1.0     367      64    1196      64     0.9
partit 1400 1     4    9.65      54       8     158       8     0.9     454      78    1464      78     0.8
partit 1400 1     1    3.26      53       7     144       7     0.9     153      24     464      24     0.9
partit 1400 1     2    5.58      62      12     218      12     0.8     262      46     858      46     0.8
partit 1400 1     1    3.39      59      13     228      13     0.8     159      30     548      30     0.8
partit 1400 1     6   13.25      24       4      76       4     0.8     624     111    2061     111     0.8
partit 1400 1     0    0.22      10       1      23       1     0.9      10       1      23       1     0.9
partit 1400 1     1    3.24      52       8     156       8     0.9     152      23     450      23     0.9
partit 1400 1     0    1.91      89      15     284      15     0.9      89      15     284      15     0.9
partit 1400 1     5   11.30      32       4      84       4     0.9     532      97    1788      97     0.8
partit 1400 1     6   13.29      26       4      78       4     0.8     626     117    2141     117     0.8
partit 1400 1     0    1.89      88      15     283      15     0.9      88      15     283      15     0.9
partit 1400 1     3    8.44      97      17     318      17     0.9     397      63    1213      63     0.9
partit 1400 1     0    0.84      39       5     104       5     0.9      39       5     104       5     0.9
partit 1400 1     1    2.52      18       1      31       1     1.0     118      19     364      19     0.8
partit 1400 1     6   13.74      47       8     151       8     0.9     647     123    2240     123     0.8
partit 1400 1     1    3.31      55      12     211      12     0.8     155      30     544      30     0.8
partit 1400 1     6   13.98      58      10     188      10     0.8     658     117    2173     117     0.8
partit 1400 1     0    0.08       3       0       3       0     1.0       3       0       3       0     1.0
partit 1400 1     2    5.09      39       6     117       6     0.9     239      43     796      43     0.8
partit 1400 1     4    8.82      15       2      41       2     0.9     415      65    1256      65     0.9
partit 1400 2     0    1.23      57      11     200      11     0.8      57      11     200      11     0.8
partit 1400 2     0    0.23      10       1      23       1     0.9      10       1      23       1     0.9
partit 1400 2     2    5.07      38       7     129       7     0.8     238      44     808      44     0.8
partit 1400 2     0    1.87      87      15     282      15     0.9      87      15     282      15     0.9
partit 1400 2     1    3.31      55       8     159       8     0.9     155      26     492      26     0.8
partit 1400 2     0    0.40      18       2      44       2     0.9      18       2      44       2     0.9
partit 1400 2     4    8.82      15       1      28       1     1.0     415      64    1243      64     0.9
partit 1400 2     1    4.18      96      21     369      21     0.8     196      39     702      39     0.8
partit 1400 2     0    0.78      36       7     127       7     0.8      36       7     127       7     0.8
partit 1400 2     0    1.76      82      13     251      13     0.9      82      13     251      13     0.9
partit 1400 2     0    1.76      82      11     225      11     0.9      82      11     225      11     0.9
partit 1400 2     1    3.99      87      14     269      14     0.9     187      33     615      33     0.8
partit 1400 2     3    6.59      10       1      23       1     0.9     310      57    1048      57     0.8
partit 1400 2     0    0.89      41       6     119       6     0.9      41       6     119       6     0.9
partit 1400 2     0    1.14      53       6     131       6     1.0      53       6     131       6     1.0
partit 1400 2     2    6.32      97      19     344      19     0.8     297      55    1010      55     0.8
partit 1400 2     0    2.06      96      15     291      15     0.9      96      15     291      15     0.9
partit 1400 2     2    5.39      53       8     157       8     0.9     253      47     862      47     0.8
partit 1400 2     5   11.56      44       4      96       4     1.0     544     101    1852     101     0.8
partit 1400 2     1    2.56      20       3      59       3     0.8     120      19     366      19     0.9
partit 1400 2     0    1.70      79      16     287      16     0.8      79      16     287      16     0.8
partit 1400 2     0    0.44      20       1      33       1     1.1      20       1      33       1     1.1
partit 1400 2     0    1.80      84      13     253      13     0.9      84      13     253      13     0.9
partit 1400 2     0    1.78      83      14     265      14     0.9      83      14     265      14     0.9
partit 1400 2     0    1.70      79      14     261      14     0.9      79      14     261      14     0.9
partit 1400 2     7   16.78      90      19     337      19     0.8     790     134    2525     134     0.9
partit 1400 2     0    0.48      22       3      61       3     0.9      22       3      61       3     0.9
partit 1400 2     0    1.25      58       9     175       9     0.8      58       9     175       9     0.8
partit 1400 2     4    8.73      11       2      37       2     0.8     411      77    1408      77     0.8
partit 1400 2     1    3.75      76      13     245      13     0.9     176      33     604      33     0.8
partit 1400 4     0    1.23      57       6     135       6     0.9      57       6     135       6     0.9
partit 1400 4     0    1.70      79      12     235      12     0.9      79      12     235      12     0.9
partit 1400 4     0    0.44      20       1      33       1     1.0      20       1      33       1     1.0
partit 1400 4     1    3.10      45       5     110       5     1.0     145      24     456      24     0.9
partit 1400 4     1    2.84      33       2      59       2     1.0     133      19     379      19     0.9
partit 1400 4     0    1.10      51       7     142       7     0.9      51       7     142       7     0.9
partit 1400 4     0    0.95      44       9     161       9     0.8      44       9     161       9     0.8
partit 1400 4     1    2.84      33       5      98       5     0.9     133      26     470      26     0.8
partit 1400 4     0    0.61      28       3      67       3     1.0      28       3      67       3     1.0
partit 1400 4     1    3.67      72      14     254      14     0.8     172      30     561      30     0.8
partit 1400 4     0    1.32      61       6     139       6     1.0      61       6     139       6     1.0
partit 1400 4     2    4.81      26       4      78       4     0.8     226      40     744      40     0.8
partit 1400 4     0    0.25      11       0      11       0     1.0      11       0      11       0     1.0
partit 1400 4     1    3.57      67      10     197      10     0.9     167      28     530      28     0.9
partit 1400 4     0    0.55      25       2      51       2     0.9      25       2      51       2     0.9
partit 1400 4     0    0.78      36       4      88       4     0.9      36       4      88       4     0.9
partit 1400 4     0    0.76      35       3      74       3     1.0      35       3      74       3     1.0
partit 1400 4     0    1.40      65      12     221      12     0.8      65      12     221      12     0.8
partit 1400 4     0    0.44      20       2      46       2     0.9      20       2      46       2     0.9
partit 1400 4     1    3.03      42       9     159       9     0.8     142      26     479      26     0.8
partit 1400 4     0    1.36      63       7     154       7     0.9      63       7     154       7     0.9
partit 1400 4     0    0.53      24       4      76       4     0.8      24       4      76       4     0.8
partit 1400 4     0    0.61      28       3      67       3     0.9      28       3      67       3     0.9
partit 1400 4     0    1.87      87      17     308      17     0.9      87      17     308      17     0.9
partit 1400 4     0    0.95      44       4      96       4     1.0      44       4      96       4     1.0
partit 1400 4     2    5.00      35       3      74       3     0.9     235      36     701      36     0.9
partit 1400 4     0    0.82      38       6     116       6     0.9      38       6     116       6     0.9
partit 1400 4     0    1.32      61      11     204      11     0.9      61      11     204      11     0.9
partit 1400 4     0    0.51      23       4      75       4     0.8      23       4      75       4     0.8
partit 1400 4     0    0.08       3       0       3       0     1.0       3       0       3       0     1.0
partit 1400 8     0    1.26      58       9     175       9     0.9      58       9     175       9     0.9
partit 1400 8     0    0.98      45       9     162       9     0.8      45       9     162       9     0.8
partit 1400 8     0    0.51      23       1      36       1     1.0      23       1      36       1     1.0
partit 1400 8     0    0.72      33       5      98       5     0.8      33       5      98       5     0.8
partit 1400 8     1    2.93      37       7     128       7     0.8     137      24     448      24     0.9
partit 1400 8     0    1.09      50      10     180      10     0.8      50      10     180      10     0.8
partit 1400 8     0    0.57      26       5      91       5     0.8      26       5      91       5     0.8
partit 1400 8     0    0.77      35       5     100       5     0.9      35       5     100       5     0.9
partit 1400 8     0    0.74      34       4      86       4     0.9      34       4      86       4     0.9
partit 1400 8     0    0.60      27       6     105       6     0.8      27       6     105       6     0.8
partit 1400 8     0    1.32      61      10     191      10     0.9      61      10     191      10     0.9
partit 1400 8     0    0.53      24       1      37       1     1.0      24       1      37       1     1.0
partit 1400 8     0    0.57      26       5      91       5     0.8      26       5      91       5     0.8
partit 1400 8     1    3.33      56       8     160       8     0.9     156      25     480      25     0.9
partit 1400 8     0    0.38      17       1      30       1     0.9      17       1      30       1     0.9
partit 1400 8     0    0.89      41       6     119       6     0.9      41       6     119       6     0.9
partit 1400 8     0    0.83      38       8     142       8     0.8      38       8     142       8     0.8
partit 1400 8     0    0.40      18       3      57       3     0.8      18       3      57       3     0.8
partit 1400 8     0    0.83      38       6     116       6     0.9      38       6     116       6     0.9
partit 1400 8     2    4.62      17       1      30       1     1.0     217      32     631      32     0.9
partit 1400 8     0    0.85      39       5     104       5     0.9      39       5     104       5     0.9
partit 1400 8     0    0.83      38       5     103       5     0.9      38       5     103       5     0.9
partit 1400 8     0    0.68      31       3      70       3     1.0      31       3      70       3     1.0
partit 1400 8     0    0.74      34       4      86       4     0.9      34       4      86       4     0.9
partit 1400 8     0    0.53      24       3      63       3     1.0      24       3      63       3     1.0
partit 1400 8     0    0.90      41       7     132       7     0.9      41       7     132       7     0.9
partit 1400 8     0    1.09      50       5     115       5     0.9      50       5     115       5     0.9
partit 1400 8     0    0.85      39       5     104       5     1.0      39       5     104       5     1.0
partit 1400 8     0    0.70      32       4      84       4     0.9      32       4      84       4     0.9
partit 1400 8     0    0.53      24       2      50       2     1.0      24       2      50       2     1.0
partit 1400 16     0    0.78      35       3      74       3     1.0      35       3      74       3     1.0
partit 1400 16     0    0.29      12       2      38       2     0.8      12       2      38       2     0.8
partit 1400 16     0    0.80      36       4      88       4     0.9      36       4      88       4     0.9
partit 1400 16     0    0.41      18       1      31       1     0.9      18       1      31       1     0.9
partit 1400 16     0    0.71      32       4      84       4     0.9      32       4      84       4     0.9
partit 1400 16     0    0.73      33       4      85       4     0.9      33       4      85       4     0.9
partit 1400 16     0    0.50      22       2      48       2     1.0      22       2      48       2     1.0
partit 1400 16     0    0.46      20       2      46       2     0.9      20       2      46       2     0.9
partit 1400 16     0    0.46      20       1      33       1     0.9      20       1      33       1     0.9
partit 1400 16     0    0.46      20       2      46       2     1.1      20       2      46       2     1.1
partit 1400 16     0    1.20      55      10     185      10     0.9      55      10     185      10     0.9
partit 1400 16     0    0.84      38       5     103       5     0.9      38       5     103       5     0.9
partit 1400 16     0    0.26      11       0      11       0     1.1      11       0      11       0     1.1
partit 1400 16     0    0.37      16       1      29       1     1.0      16       1      29       1     1.0
partit 1400 16     0    0.46      20       2      46       2     0.9      20       2      46       2     0.9
partit 1400 16     0    0.27      11       0      11       0     1.1      11       0      11       0     1.1
partit 1400 16     0    1.18      54       9     171       9     0.9      54       9     171       9     0.9
partit 1400 16     0    0.37      16       1      29       1     0.9      16       1      29       1     0.9
partit 1400 16     0    0.73      33       5      98       5     0.9      33       5      98       5     0.9
partit 1400 16     0    0.48      21       2      47       2     1.0      21       2      47       2     1.0
partit 1400 16     0    0.61      27       5      92       5     0.9      27       5      92       5     0.9
partit 1400 16     0    0.69      31       3      70       3     0.9      31       3      70       3     0.9
partit 1400 16     0    0.46      20       1      33       1     0.9      20       1      33       1     0.9
partit 1400 16     0    0.82      37       5     102       5     0.9      37       5     102       5     0.9
partit 1400 16     0    0.35      15       2      41       2     0.9      15       2      41       2     0.9
partit 1400 16     0    0.74      33       4      85       4     0.9      33       4      85       4     0.9
partit 1400 16     0    0.56      25       1      38       1     1.0      25       1      38       1     1.0
partit 1400 16     0    0.76      34       2      60       2     1.0      34       2      60       2     1.0
partit 1400 16     0    0.37      16       1      29       1     0.9      16       1      29       1     0.9
partit 1400 16     0    0.61      27       3      66       3     0.9      27       3      66       3     0.9
partit 1600 1     3   10.52      79      14     289      14     0.8     379      59    1261      59     0.9
partit 1600 1     1    4.90      76      15     301      15     0.9     176      31     640      31     0.9
partit 1600 1     0    1.57      56      10     206      10     0.8      56      10     206      10     0.8
partit 1600 1     2    7.34      64       8     184       8     0.9     264      43     907      43     0.8
partit 1600 1     1    4.68      68      13     263      13     0.8     168      31     632      31     0.8
partit 1600 1     3    9.61      46       8     166       8     0.9     346      56    1183      56     0.9
partit 1600 1     2    6.22      24       3      69       3     0.9     224      38     792      38     0.9
partit 1600 1     6   17.19      20       2      50       2     1.0     620     102    2144     102     0.9
partit 1600 1     0    0.80      28       3      73       3     0.9      28       3      73       3     0.9
partit 1600 1     4   13.07      71       9     206       9     0.9     471      79    1652      79     0.8
partit 1600 1     4   11.65      20       4      80       4     0.8     420      70    1466      70     0.9
partit 1600 1     0    1.57      56      10     206      10     0.8      56      10     206      10     0.8
partit 1600 1     5   14.51      23       3      68       3     0.9     523      82    1748      82     0.9
partit 1600 1     0    2.77      99      16     339      16     0.9      99      16     339      16     0.9
partit 1600 1     0    1.02      36       5     111       5     0.9      36       5     111       5     0.9
partit 1600 1     4   13.82      98      16     338      16     0.9     498      83    1739      83     0.9
partit 1600 1     7   22.13      98      21     413      21     0.8     798     144    2951     144     0.8
partit 1600 1     6   18.50      67      10     217      10     0.9     667     103    2206     103     0.9
partit 1600 1     0    1.38      49       5     124       5     0.9      49       5     124       5     0.9
partit 1600 1     5   15.79      69      12     249      12     0.8     569      99    2049      99     0.8
partit 1600 1     1    4.93      77      16     317      16     0.8     177      36     716      36     0.8
partit 1600 1     1    3.62      30       2      60       2     1.0     130      20     429      20     0.9
partit 1600 1     4   13.10      72      13     267      13     0.8     472      79    1653      79     0.9
partit 1600 1     1    4.57      64      12     244      12     0.8     164      30     613      30     0.8
partit 1600 1     0    2.47      88      16     328      16     0.8      88      16     328      16     0.8
partit 1600 1     0    0.46      16       3      61       3     0.9      16       3      61       3     0.9
partit 1600 1     1    4.09      47       7     152       7     0.9     147      26     536      26     0.8
partit 1600 1     0    0.57      20       1      35       1     1.1      20       1      35       1     1.1
partit 1600 1     3    8.80      17       3      62       3     0.8     317      55    1139      55     0.8
partit 1600 1    13   37.97      70      14     280      14     0.8    1370     233    4852     233     0.8
partit 1600 2     4   12.52      51      10     201      10     0.9     451      73    1542      73     0.9
partit 1600 2     0    1.21      43       7     148       7     0.8      43       7     148       7     0.8
partit 1600 2     0    0.99      35       3      80       3     1.0      35       3      80       3     1.0
partit 1600 2     4   13.49      86      12     266      12     0.9     486      78    1652      78     0.9
partit 1600 2     0    1.24      44       5     119       5     1.0      44       5     119       5     1.0
partit 1600 2     0    1.16      41       5     116       5     0.9      41       5     116       5     0.9
partit 1600 2     0    0.60      21       2      51       2     1.0      21       2      51       2     1.0
partit 1600 2     0    0.82      29       5     104       5     0.9      29       5     104       5     0.9
partit 1600 2     0    1.27      45       6     135       6     0.9      45       6     135       6     0.9
partit 1600 2     0    1.05      37       3      82       3     1.0      37       3      82       3     1.0
partit 1600 2     3    9.55      44       7     149       7     0.8     344      59    1226      59     0.8
partit 1600 2     0    1.49      53       8     173       8     0.8      53       8     173       8     0.8
partit 1600 2     0    1.30      46       8     166       8     0.8      46       8     166       8     0.8
partit 1600 2     1    4.87      75      14     285      14     0.8     175      30     624      30     0.8
partit 1600 2     0    1.02      36       6     126       6     0.9      36       6     126       6     0.9
partit 1600 2     0    2.66      95      15     320      15     0.9      95      15     320      15     0.9
partit 1600 2     3    9.33      36       7     141       7     0.9     336      53    1128      53     0.9
partit 1600 2     1    3.76      35       3      80       3     0.9     135      23     479      23     0.9
partit 1600 2     1    5.10      83      15     308      15     0.8     183      36     722      36     0.8
partit 1600 2     2    7.56      72       9     207       9     0.9     272      40     870      40     0.9
partit 1600 2     2    7.31      63       8     183       8     0.9     263      44     921      44     0.9
partit 1600 2     1    4.18      50       7     155       7     0.9     150      21     464      21     0.9
partit 1600 2     3    9.19      31       2      61       2     1.0     331      51    1093      51     0.9
partit 1600 2     0    2.47      88      15     313      15     0.9      88      15     313      15     0.9
partit 1600 2     1    4.18      50       7     155       7     0.9     150      22     479      22     0.9
partit 1600 2     2    7.42      67       9     202       9     0.9     267      41     880      41     0.9
partit 1600 2     1    3.65      31       3      76       3     0.9     131      24     490      24     0.8
partit 1600 2     1    4.76      71      15     296      15     0.8     171      35     695      35     0.8
partit 1600 2     2    5.61       2       0       2       0     1.0     202      33     695      33     0.8
partit 1600 2     3    8.88      20       3      65       3     0.8     320      50    1067      50     0.9
partit 1600 4     0    1.69      60       9     195       9     0.9      60       9     195       9     0.9
partit 1600 4     1    4.32      55       6     145       6     1.0     155      24     514      24     0.9
partit 1600 4     0    1.30      46       8     166       8     0.8      46       8     166       8     0.8
partit 1600 4     0    2.38      85      14     295      14     0.9      85      14     295      14     0.9
partit 1600 4     0    2.22      79      14     289      14     0.9      79      14     289      14     0.9
partit 1600 4     0    1.35      48       9     183       9     0.8      48       9     183       9     0.8
partit 1600 4     0    1.35      48       9     183       9     0.8      48       9     183       9     0.8
partit 1600 4     0    0.63      22       2      52       2     1.0      22       2      52       2     1.0
partit 1600 4     1    4.10      47       9     182       9     0.8     147      22     476      22     0.9
partit 1600 4     0    2.00      71       9     206       9     1.0      71       9     206       9     1.0
partit 1600 4     0    1.80      64      12     244      12     0.8      64      12     244      12     0.8
partit 1600 4     0    0.96      34       4      94       4     1.0      34       4      94       4     1.0
partit 1600 4     0    1.08      38       6     128       6     0.8      38       6     128       6     0.8
partit 1600 4     1    5.54      99      16     339      16     0.9     199      33     693      33     0.8
partit 1600 4     0    1.33      47       7     152       7     0.9      47       7     152       7     0.9
partit 1600 4     0    0.91      32       6     122       6     0.8      32       6     122       6     0.8
partit 1600 4     0    0.71      25       2      55       2     1.0      25       2      55       2     1.0
partit 1600 4     0    0.96      34       5     109       5     0.9      34       5     109       5     0.9
partit 1600 4     2    7.34      64      11     229      11     0.9     264      45     937      45     0.8
partit 1600 4     0    1.41      50       5     125       5     1.0      50       5     125       5     1.0
partit 1600 4     1    4.49      61      11     226      11     0.8     161      28     580      28     0.8
partit 1600 4     0    2.36      84      15     309      15     0.8      84      15     309      15     0.8
partit 1600 4     0    2.61      93      16     333      16     0.9      93      16     333      16     0.9
partit 1600 4     1    3.87      39       6     129       6     0.8     139      21     453      21     0.9
partit 1600 4     0    1.41      50       8     170       8     0.8      50       8     170       8     0.8
partit 1600 4     1    5.16      85      12     265      12     0.9     185      31     649      31     0.8
partit 1600 4     0    0.94      33       6     123       6     0.8      33       6     123       6     0.8
partit 1600 4     0    1.24      44       6     134       6     0.9      44       6     134       6     0.9
partit 1600 4     0    0.74      26       1      41       1     1.0      26       1      41       1     1.0
partit 1600 4     0    0.82      29       2      59       2     1.0      29       2      59       2     1.0
partit 1600 8     0    1.72      61       7     166       7     0.9      61       7     166       7     0.9
partit 1600 8     0    0.91      32       2      62       2     1.0      32       2      62       2     1.0
partit 1600 8     0    1.08      38       6     128       6     0.9      38       6     128       6     0.9
partit 1600 8     0    2.03      72      11     237      11     0.8      72      11     237      11     0.8
partit 1600 8     0    1.00      35       5     110       5     0.9      35       5     110       5     0.9
partit 1600 8     1    2.93       5       0       5       0     1.0     105      15     329      15     0.9
partit 1600 8     0    2.36      84      14     294      14     0.9      84      14     294      14     0.9
partit 1600 8     0    0.19       6       0       6       0     1.0       6       0       6       0     1.0
partit 1600 8     1    3.77      35       4      95       4     1.0     135      19     419      19     0.9
partit 1600 8     0    0.16       5       1      20       1     0.8       5       1      20       1     0.8
partit 1600 8     0    0.53      18       3      63       3     0.8      18       3      63       3     0.8
partit 1600 8     0    2.14      76      14     286      14     0.9      76      14     286      14     0.9
partit 1600 8     0    1.95      69      11     234      11     0.9      69      11     234      11     0.9
partit 1600 8     0    1.50      53       8     173       8     0.9      53       8     173       8     0.9
partit 1600 8     0    1.67      59       7     164       7     0.9      59       7     164       7     0.9
partit 1600 8     0    0.16       5       0       5       0     1.0       5       0       5       0     1.0
partit 1600 8     0    0.86      30       3      75       3     1.0      30       3      75       3     1.0
partit 1600 8     0    1.00      35       5     110       5     0.9      35       5     110       5     0.9
partit 1600 8     0    0.41      14       1      29       1     0.9      14       1      29       1     0.9
partit 1600 8     0    1.22      43       4     103       4     1.0      43       4     103       4     1.0
partit 1600 8     0    0.72      25       4      85       4     0.9      25       4      85       4     0.9
partit 1600 8     0    1.02      36       5     111       5     0.9      36       5     111       5     0.9
partit 1600 8     0    1.33      47       8     167       8     0.9      47       8     167       8     0.9
partit 1600 8     0    0.58      20       1      35       1     0.9      20       1      35       1     0.9
partit 1600 8     0    1.97      70      10     220      10     0.9      70      10     220      10     0.9
partit 1600 8     0    0.66      23       1      38       1     1.0      23       1      38       1     1.0
partit 1600 8     0    0.44      15       1      30       1     1.0      15       1      30       1     1.0
partit 1600 8     0    0.44      15       3      60       3     0.8      15       3      60       3     0.8
partit 1600 8     0    0.94      33       5     108       5     0.9      33       5     108       5     0.9
partit 1600 8     1    3.21      15       1      30       1     0.9     115      17     369      17     0.9
partit 1600 16     0    0.37      12       1      27       1     0.9      12       1      27       1     0.9
partit 1600 16     0    2.57      91      14     301      14     0.8      91      14     301      14     0.8
partit 1600 16     0    0.98      34       5     109       5     0.9      34       5     109       5     0.9
partit 1600 16     0    0.34      11       1      26       1     1.0      11       1      26       1     1.0
partit 1600 16     0    1.28      45       7     150       7     0.9      45       7     150       7     0.9
partit 1600 16     0    0.28       9       1      24       1     0.9       9       1      24       1     0.9
partit 1600 16     0    1.29      45       7     150       7     0.9      45       7     150       7     0.9
partit 1600 16     0    0.90      31       4      91       4     0.9      31       4      91       4     0.9
partit 1600 16     0    1.56      55       7     160       7     0.9      55       7     160       7     0.9
partit 1600 16     0    0.45      15       1      30       1     1.1      15       1      30       1     1.1
partit 1600 16     0    0.79      27       4      87       4     0.9      27       4      87       4     0.9
partit 1600 16     0    0.20       6       1      21       1     0.8       6       1      21       1     0.8
partit 1600 16     0    0.28       9       2      39       2     0.8       9       2      39       2     0.8
partit 1600 16     0    0.51      17       2      47       2     0.9      17       2      47       2     0.9
partit 1600 16     0    0.23       7       0       7       0     1.1       7       0       7       0     1.1
partit 1600 16     0    0.81      28       1      43       1     1.0      28       1      43       1     1.0
partit 1600 16     0    1.87      66      10     216      10     0.9      66      10     216      10     0.9
partit 1600 16     0    0.42      14       2      44       2     0.9      14       2      44       2     0.9
partit 1600 16     0    0.54      18       3      63       3     0.8      18       3      63       3     0.8
partit 1600 16     0    0.51      17       2      47       2     0.9      17       2      47       2     0.9
partit 1600 16     0    1.09      38       3      83       3     1.0      38       3      83       3     1.0
partit 1600 16     0    0.84      29       4      89       4     0.9      29       4      89       4     0.9
partit 1600 16     0    1.40      49       8     169       8     0.9      49       8     169       8     0.9
partit 1600 16     0    0.56      19       2      49       2     1.0      19       2      49       2     1.0
partit 1600 16     0    0.62      21       2      51       2     0.9      21       2      51       2     0.9
partit 1600 16     0    2.18      77      14     287      14     0.8      77      14     287      14     0.8
partit 1600 16     0    0.45      15       2      45       2     0.9      15       2      45       2     0.9
partit 1600 16     0    0.59      20       2      50       2     0.9      20       2      50       2     0.9
partit 1600 16     0    0.87      30       1      45       1     1.0      30       1      45       1     1.0
partit 1600 16     0    2.34      83      14     293      14     0.8      83      14     293      14     0.8
partit 1800 1     5   18.57      29       6     131       6     0.8     529      93    2105      93     0.8
partit 1800 1     3   12.89      67       8     203       8     0.9     367      53    1265      53     0.9
partit 1800 1     3   13.14      74       8     210       8     1.0     374      59    1374      59     0.9
partit 1800 1     0    2.94      83      11     270      11     0.9      83      11     270      11     0.9
partit 1800 1     1    4.05      15       2      49       2     0.9     115      15     369      15     0.9
partit 1800 1    17   61.51      54       7     173       7     0.9    1754     288    6633     288     0.8
partit 1800 1     4   17.35      94      10     264      10     0.9     494      76    1782      76     0.9
partit 1800 1     0    0.37      10       1      27       1     0.9      10       1      27       1     0.9
partit 1800 1    11   41.89      94      20     434      20     0.8    1194     200    4583     200     0.8
partit 1800 1     2    9.88      81      13     302      13     0.8     281      40     959      40     0.9
partit 1800 1     0    2.45      69      12     273      12     0.9      69      12     273      12     0.9
partit 1800 1     7   27.90      95      16     367      16     0.8     795     126    2930     126     0.9
partit 1800 1     0    3.37      95      16     367      16     0.9      95      16     367      16     0.9
partit 1800 1     9   31.70       4       0       4       0     1.0     904     153    3496     153     0.8
partit 1800 1     0    2.34      66       9     219       9     0.9      66       9     219       9     0.9
partit 1800 1     4   16.61      73      12     277      12     0.8     473      70    1659      70     0.9
partit 1800 1     2    7.45      12       2      46       2     0.8     212      34     788      34     0.8
partit 1800 1     2    7.95      26       1      43       1     1.1     226      35     819      35     0.9
partit 1800 1     0    1.96      55       4     123       4     1.0      55       4     123       4     1.0
partit 1800 1     2    9.07      58      11     245      11     0.8     258      47    1055      47     0.8
partit 1800 1     8   30.63      73      11     260      11     0.9     873     136    3177     136     0.9
partit 1800 1     5   19.34      51       8     187       8     0.9     551      90    2076      90     0.8
partit 1800 1     6   24.33      93      14     331      14     0.9     693     115    2642     115     0.9
partit 1800 1    13   47.91      66      11     253      11     0.8    1366     239    5416     239     0.8
partit 1800 1     1    6.62      88      14     326      14     0.9     188      32     731      32     0.8
partit 1800 1     1    6.59      87      14     325      14     0.9     187      33     747      33     0.8
partit 1800 1     0    3.26      92      16     364      16     0.8      92      16     364      16     0.8
partit 1800 1     2    8.61      45       6     147       6     0.9     245      39     906      39     0.8
partit 1800 1    11   41.74      90      17     379      17     0.8    1190     181    4256     181     0.9
partit 1800 1     3   11.48      27       2      61       2     1.0     327      47    1123      47     0.9
partit 1800 2     1    6.13      74       8     210       8     0.9     174      23     564      23     0.9
partit 1800 2     0    1.04      29       1      46       1     1.0      29       1      46       1     1.0
partit 1800 2     0    1.22      34       3      85       3     0.9      34       3      85       3     0.9
partit 1800 2     0    1.11      31       1      48       1     1.1      31       1      48       1     1.1
partit 1800 2     0    1.71      48       7     167       7     0.9      48       7     167       7     0.9
partit 1800 2     0    2.91      82      12     286      12     0.9      82      12     286      12     0.9
partit 1800 2     0    0.37      10       2      44       2     0.8      10       2      44       2     0.8
partit 1800 2     0    1.60      45       8     181       8     0.8      45       8     181       8     0.8
partit 1800 2     1    5.39      53       7     172       7     0.9     153      25     577      25     0.9
partit 1800 2     0    0.72      20       2      54       2     0.9      20       2      54       2     0.9
partit 1800 2     2    8.23      34       4     102       4     0.9     234      32     776      32     0.9
partit 1800 2    10   37.25      62       9     215       9     0.9    1062     175    4027     175     0.8
partit 1800 2     0    0.65      18       3      69       3     0.9      18       3      69       3     0.9
partit 1800 2     0    1.25      35       5     120       5     0.9      35       5     120       5     0.9
partit 1800 2     2    8.30      36       7     155       7     0.8     236      35     829      35     0.9
partit 1800 2     0    2.42      68       8     204       8     0.9      68       8     204       8     0.9
partit 1800 2     0    0.69      19       3      70       3     0.8      19       3      70       3     0.8
partit 1800 2     1    4.72      34       3      85       3     1.0     134      22     507      22     0.9
partit 1800 2     2    7.80      22       1      39       1     1.1     222      35     815      35     0.9
partit 1800 2     4   15.80      50       6     152       6     0.9     450      65    1551      65     0.9
partit 1800 2     3   10.85       9       0       9       0     1.0     309      46    1088      46     0.9
partit 1800 2     1    6.73      91      12     295      12     0.9     191      31     717      31     0.9
partit 1800 2     0    1.60      45       6     147       6     0.9      45       6     147       6     0.9
partit 1800 2     4   16.79      78      10     248      10     0.9     478      73    1715      73     0.9
partit 1800 2     0    1.15      32       3      83       3     1.0      32       3      83       3     1.0
partit 1800 2     2   10.34      94      15     349      15     0.9     294      47    1091      47     0.9
partit 1800 2     4   16.82      79      11     266      11     0.9     479      79    1818      79     0.8
partit 1800 2     0    2.59      73      11     260      11     0.9      73      11     260      11     0.9
partit 1800 2     3   11.49      27       3      78       3     0.9     327      48    1140      48     0.9
partit 1800 2     0    1.92      54       8     190       8     0.9      54       8     190       8     0.9
partit 1800 4     0    2.45      69      10     239      10     0.9      69      10     239      10     0.9
partit 1800 4     0    2.17      61      10     231      10     0.8      61      10     231      10     0.8
partit 1800 4     0    2.42      68       9     221       9     0.9      68       9     221       9     0.9
partit 1800 4     0    1.96      55       5     140       5     1.0      55       5     140       5     1.0
partit 1800 4     0    1.01      28       2      62       2     1.0      28       2      62       2     1.0
partit 1800 4     0    3.19      90      18     396      18     0.8      90      18     396      18     0.8
partit 1800 4     0    2.45      69      10     239      10     0.9      69      10     239      10     0.9
partit 1800 4     0    3.33      94      18     400      18     0.8      94      18     400      18     0.8
partit 1800 4     0    2.98      84      13     305      13     0.9      84      13     305      13     0.9
partit 1800 4     0    2.21      62      10     232      10     0.8      62      10     232      10     0.8
partit 1800 4     0    2.14      60       7     179       7     0.9      60       7     179       7     0.9
partit 1800 4     0    1.15      32       4     100       4     0.9      32       4     100       4     0.9
partit 1800 4     0    0.83      23       3      74       3     0.9      23       3      74       3     0.9
partit 1800 4     0    1.50      42       5     127       5     1.0      42       5     127       5     1.0
partit 1800 4     1    4.55      29       4      97       4     0.9     129      19     451      19     0.9
partit 1800 4     1    5.57      58      10     228      10     0.8     158      24     565      24     0.9
partit 1800 4     0    0.73      20       2      54       2     0.9      20       2      54       2     0.9
partit 1800 4     1    4.44      26       3      77       3     0.9     126      18     431      18     0.9
partit 1800 4     0    2.49      70      11     257      11     0.9      70      11     257      11     0.9
partit 1800 4     5   19.55      57       9     210       9     0.9     557      92    2116      92     0.8
partit 1800 4     0    2.03      57       6     159       6     0.9      57       6     159       6     0.9
partit 1800 4     1    6.38      81      12     285      12     0.9     181      28     656      28     0.8
partit 1800 4     0    2.35      66      11     253      11     0.8      66      11     253      11     0.8
partit 1800 4     0    1.89      53       8     189       8     0.9      53       8     189       8     0.9
partit 1800 4     0    0.90      25       3      76       3     0.9      25       3      76       3     0.9
partit 1800 4     0    1.08      30       3      81       3     0.9      30       3      81       3     0.9
partit 1800 4     1    5.75      63      11     250      11     0.9     163      27     621      27     0.8
partit 1800 4     2    8.37      38       2      72       2     1.0     238      34     814      34     0.9
partit 1800 4     2   10.38      95      13     316      13     0.9     295      47    1092      47     0.9
partit 1800 4     1    5.54      57       9     210       9     0.9     157      27     615      27     0.9
partit 1800 8     0    0.45      12       1      29       1     1.0      12       1      29       1     1.0
partit 1800 8     0    1.05      29       4      97       4     0.9      29       4      97       4     0.9
partit 1800 8     0    1.86      52       6     154       6     0.9      52       6     154       6     0.9
partit 1800 8     0    1.40      39       3      90       3     0.9      39       3      90       3     0.9
partit 1800 8     0    2.17      61      13     282      13     0.8      61      13     282      13     0.8
partit 1800 8     0    2.14      60       7     179       7     0.9      60       7     179       7     0.9
partit 1800 8     0    1.12      31       4      99       4     0.9      31       4      99       4     0.9
partit 1800 8     0    1.12      31       1      48       1     1.0      31       1      48       1     1.0
partit 1800 8     2    9.12      59       9     212       9     0.9     259      39     920      39     0.9
partit 1800 8     0    0.70      19       3      70       3     0.8      19       3      70       3     0.8
partit 1800 8     0    1.58      44       2      78       2     1.1      44       2      78       2     1.1
partit 1800 8     0    2.63      74      13     295      13     0.8      74      13     295      13     0.8
partit 1800 8     0    0.98      27       1      44       1     1.0      27       1      44       1     1.0
partit 1800 8     0    1.12      31       2      65       2     1.0      31       2      65       2     1.0
partit 1800 8     0    0.73      20       3      71       3     0.8      20       3      71       3     0.8
partit 1800 8     0    0.98      27       2      61       2     1.0      27       2      61       2     1.0
partit 1800 8     0    0.70      19       4      87       4     0.8      19       4      87       4     0.8
partit 1800 8     0    3.20      90      18     396      18     0.8      90      18     396      18     0.8
partit 1800 8     0    3.52      99      13     320      13     0.9      99      13     320      13     0.9
partit 1800 8     0    2.81      79      12     283      12     0.9      79      12     283      12     0.9
partit 1800 8     1    4.73      34       5     119       5     0.9     134      20     473      20     0.9
partit 1800 8     0    3.06      86      13     307      13     0.9      86      13     307      13     0.9
partit 1800 8     0    1.93      54       6     156       6     0.9      54       6     156       6     0.9
partit 1800 8     0    0.94      26       2      60       2     0.9      26       2      60       2     0.9
partit 1800 8     0    0.31       8       0       8       0     1.0       8       0       8       0     1.0
partit 1800 8     0    0.98      27       3      78       3     0.9      27       3      78       3     0.9
partit 1800 8     1    4.66      32       4     100       4     0.9     132      22     505      22     0.8
partit 1800 8     0    1.51      42       6     144       6     0.9      42       6     144       6     0.9
partit 1800 8     0    1.26      35       3      86       3     1.0      35       3      86       3     1.0
partit 1800 8     0    0.27       7       0       7       0     1.1       7       0       7       0     1.1
partit 1800 16     0    2.08      58       7     177       7     0.9      58       7     177       7     0.9
partit 1800 16     0    0.39      10       2      44       2     0.8      10       2      44       2     0.8
partit 1800 16     0    0.99      27       3      78       3     0.9      27       3      78       3     0.9
partit 1800 16     0    0.46      12       1      29       1     0.9      12       1      29       1     0.9
partit 1800 16     0    0.82      22       3      73       3     0.9      22       3      73       3     0.9
partit 1800 16     0    1.45      40       7     159       7     0.8      40       7     159       7     0.8
partit 1800 16     0    0.82      22       4      90       4     0.8      22       4      90       4     0.8
partit 1800 16     0    1.91      53       9     206       9     0.8      53       9     206       9     0.8
partit 1800 16     0    1.03      28       5     113       5     0.9      28       5     113       5     0.9
partit 1800 16     0    1.83      51       5     136       5     0.9      51       5     136       5     0.9
partit 1800 16     0    0.42      11       2      45       2     0.8      11       2      45       2     0.8
partit 1800 16     0    2.50      70      10     240      10     0.9      70      10     240      10     0.9
partit 1800 16     0    0.71      19       1      36       1     1.0      19       1      36       1     1.0
partit 1800 16     0    1.52      42       6     144       6     0.9      42       6     144       6     0.9
partit 1800 16     0    0.74      20       2      54       2     0.9      20       2      54       2     0.9
partit 1800 16     0    0.71      19       1      36       1     0.9      19       1      36       1     0.9
partit 1800 16     0    1.16      32       4     100       4     0.9      32       4     100       4     0.9
partit 1800 16     0    0.92      25       2      59       2     1.0      25       2      59       2     1.0
partit 1800 16     0    1.38      38       4     106       4     0.9      38       4     106       4     0.9
partit 1800 16     0    0.78      21       2      55       2     0.9      21       2      55       2     0.9
partit 1800 16     0    0.95      26       2      60       2     1.0      26       2      60       2     1.0
partit 1800 16     0    1.13      31       2      65       2     1.0      31       2      65       2     1.0
partit 1800 16     0    0.88      24       3      75       3     0.9      24       3      75       3     0.9
partit 1800 16     0    0.56      15       1      32       1     0.9      15       1      32       1     0.9
partit 1800 16     0    0.81      22       3      73       3     0.9      22       3      73       3     0.9
partit 1800 16     0    1.09      30       5     115       5     0.9      30       5     115       5     0.9
partit 1800 16     0    0.70      19       1      36       1     1.0      19       1      36       1     1.0
partit 1800 16     0    0.78      21       3      72       3     0.9      21       3      72       3     0.9
partit 1800 16     0    1.48      41       4     109       4     1.0      41       4     109       4     1.0
partit 1800 16     0    0.35       9       0       9       0     1.0       9       0       9       0     1.0
partit 2000 1     2   12.72      93      16     397      16     0.9     293      45    1146      45     0.9
partit 2000 1     9   42.57      83      15     368      15     0.9     983     163    4071     163     0.9
partit 2000 1     2   11.24      59       6     173       6     1.0     259      39     998      39     0.9
partit 2000 1     1    7.61      75      15     360      15     0.8     175      29     725      29     0.9
partit 2000 1     6   29.98      92      15     377      15     0.8     692     112    2814     112     0.9
partit 2000 1     3   16.13      72      10     262      10     0.9     372      54    1395      54     0.9
partit 2000 1     0    2.89      66       9     237       9     0.9      66       9     237       9     0.9
partit 2000 1     4   19.33      46       5     141       5     1.0     446      66    1696      66     0.9
partit 2000 1     1    5.70      31       3      88       3     1.0     131      22     548      22     0.9
partit 2000 1     4   19.59      52       7     185       7     0.9     452      72    1816      72     0.9
partit 2000 1     6   28.11      49       8     201       8     0.9     649     104    2619     104     0.9
partit 2000 1     8   37.07      56       7     189       7     0.9     856     132    3356     132     0.9
partit 2000 1     1    6.92      59       8     211       8     0.9     159      26     652      26     0.9
partit 2000 1     4   19.16      42       4     118       4     1.0     442      67    1711      67     0.9
partit 2000 1     0    2.20      50       8     202       8     0.9      50       8     202       8     0.9
partit 2000 1     2   10.07      32       3      89       3     0.9     232      32     838      32     0.9
partit 2000 1     0    2.20      50       8     202       8     0.9      50       8     202       8     0.9
partit 2000 1     0    1.94      44       6     158       6     0.9      44       6     158       6     0.9
partit 2000 1     2    9.89      28       4     104       4     0.9     228      39     967      39     0.9
partit 2000 1    13   56.83      13       1      32       1     0.9    1313     203    5157     203     0.9
partit 2000 1     4   19.63      53       3     110       3     1.1     453      67    1722      67     0.9
partit 2000 1     0    3.11      71      11     280      11     0.9      71      11     280      11     0.9
partit 2000 1     0    2.63      60       6     174       6     1.0      60       6     174       6     1.0
partit 2000 1     3   14.13      26       1      45       1     1.1     326      50    1273      50     0.9
partit 2000 1     8   35.37      17       3      74       3     0.8     817     128    3241     128     0.9
partit 2000 1     0    4.02      92      15     377      15     0.9      92      15     377      15     0.9
partit 2000 1     4   19.50      50       4     126       4     1.0     450      62    1624      62     0.9
partit 2000 1     3   16.92      90      12     318      12     0.9     390      61    1546      61     0.9
partit 2000 1     4   21.33      92      16     396      16     0.8     492      76    1932      76     0.9
partit 2000 1     6   27.42      33       4     109       4     0.9     633     102    2565     102     0.9
partit 2000 2     0    3.81      87      17     410      17     0.8      87      17     410      17     0.8
partit 2000 2     1    8.61      98       9     269       9     1.0     198      23     634      23     0.9
partit 2000 2     0    4.33      99      16     403      16     0.8      99      16     403      16     0.8
partit 2000 2     0    1.63      37       4     113       4     0.9      37       4     113       4     0.9
partit 2000 2     0    1.76      40       6     154       6     0.9      40       6     154       6     0.9
partit 2000 2     0    3.33      76      11     285      11     0.9      76      11     285      11     0.9
partit 2000 2     6   29.16      73       9     244       9     0.9     673      97    2510      97     0.9
partit 2000 2     0    3.42      78      16     382      16     0.8      78      16     382      16     0.8
partit 2000 2     2   10.85      50       4     126       4     1.0     250      31     837      31     0.9
partit 2000 2     4   18.20      20       2      58       2     0.9     420      68    1708      68     0.9
partit 2000 2     0    3.85      88      14     354      14     0.9      88      14     354      14     0.9
partit 2000 2     1    6.00      38       4     114       4     0.9     138      19     498      19     0.9
partit 2000 2     0    3.81      87      19     448      19     0.8      87      19     448      19     0.8
partit 2000 2     1    7.66      76      10     266      10     0.9     176      26     669      26     0.9
partit 2000 2     1    6.66      53       7     186       7     0.9     153      22     570      22     0.9
partit 2000 2     2   11.24      59       8     211       8     0.9     259      39     998      39     0.9
partit 2000 2     2   11.33      61       9     232       9     0.9     261      40    1019      40     0.9
partit 2000 2     2   11.72      70       8     222       8     0.9     270      42    1066      42     0.9
partit 2000 2     5   22.74      25       4     101       4     0.9     525      82    2078      82     0.9
partit 2000 2     0    1.07      24       3      81       3     0.9      24       3      81       3     0.9
partit 2000 2     3   14.44      33       4     109       4     0.9     333      48    1242      48     0.9
partit 2000 2     0    1.11      25       5     120       5     0.8      25       5     120       5     0.8
partit 2000 2     0    2.89      66       8     218       8     0.9      66       8     218       8     0.9
partit 2000 2     1    7.13      64       8     216       8     0.9     164      21     562      21     0.9
partit 2000 2     2    9.15      11       1      30       1     1.0     211      33     836      33     0.9
partit 2000 2     0    2.02      46       4     122       4     1.0      46       4     122       4     1.0
partit 2000 2     2   11.98      76      11     285      11     0.9     276      41    1053      41     0.9
partit 2000 2     1    6.05      39       4     115       4     0.9     139      22     556      22     0.9
partit 2000 2     0    3.50      80      10     270      10     0.9      80      10     270      10     0.9
partit 2000 2     0    0.89      20       2      58       2     0.9      20       2      58       2     0.9
partit 2000 4     0    0.90      20       1      39       1     1.1      20       1      39       1     1.1
partit 2000 4     0    1.29      29       2      67       2     1.0      29       2      67       2     1.0
partit 2000 4     0    1.46      33       3      90       3     1.0      33       3      90       3     1.0
partit 2000 4     1    7.96      83      13     330      13     0.9     183      27     695      27     0.9
partit 2000 4     1    4.70       8       1      27       1     0.9     108      18     449      18     0.9
partit 2000 4     0    1.20      27       4     103       4     0.9      27       4     103       4     0.9
partit 2000 4     0    3.85      88      13     335      13     0.9      88      13     335      13     0.9
partit 2000 4     3   16.40      78      12     306      12     0.9     378      57    1458      57     0.9
partit 2000 4     1    5.96      37       2      75       2     1.0     137      14     402      14     0.9
partit 2000 4     0    1.16      26       3      83       3     0.9      26       3      83       3     0.9
partit 2000 4     0    1.37      31       3      88       3     1.0      31       3      88       3     1.0
partit 2000 4     0    1.85      42       6     156       6     0.9      42       6     156       6     0.9
partit 2000 4     0    2.29      52       4     128       4     1.0      52       4     128       4     1.0
partit 2000 4     0    2.68      61      10     251      10     0.9      61      10     251      10     0.9
partit 2000 4     0    1.42      32       4     108       4     0.9      32       4     108       4     0.9
partit 2000 4     0    2.77      63      11     272      11     0.8      63      11     272      11     0.8
partit 2000 4     1    8.62      98      16     402      16     0.9     198      34     843      34     0.8
partit 2000 4     0    3.85      88      13     335      13     0.9      88      13     335      13     0.9
partit 2000 4     0    2.29      52       8     204       8     0.9      52       8     204       8     0.9
partit 2000 4     2   11.16      57       6     171       6     0.9     257      37     958      37     0.9
partit 2000 4     0    2.46      56       6     170       6     1.0      56       6     170       6     1.0
partit 2000 4     0    3.46      79      12     307      12     0.9      79      12     307      12     0.9
partit 2000 4     0    1.51      34       4     110       4     0.9      34       4     110       4     0.9
partit 2000 4     0    1.94      44       6     158       6     0.9      44       6     158       6     0.9
partit 2000 4     0    0.20       4       0       4       0     1.0       4       0       4       0     1.0
partit 2000 4     0    0.81      18       2      56       2     0.9      18       2      56       2     0.9
partit 2000 4     2   12.33      84      11     293      11     0.9     284      42    1080      42     0.9
partit 2000 4     3   14.27      29       1      48       1     1.0     329      50    1276      50     0.9
partit 2000 4     1    6.70      54       7     187       7     0.9     154      21     552      21     0.9
partit 2000 4     1    8.27      90      14     356      14     0.9     190      30     759      30     0.9
partit 2000 8     0    0.94      21       2      59       2     1.0      21       2      59       2     1.0
partit 2000 8     0    2.21      50       7     183       7     0.9      50       7     183       7     0.9
partit 2000 8     0    2.42      55       7     188       7     0.9      55       7     188       7     0.9
partit 2000 8     0    0.47      10       1      29       1     0.9      10       1      29       1     0.9
partit 2000 8     0    0.64      14       2      52       2     0.9      14       2      52       2     0.9
partit 2000 8     0    1.38      31       4     107       4     0.9      31       4     107       4     0.9
partit 2000 8     0    0.73      16       1      35       1     0.9      16       1      35       1     0.9
partit 2000 8     0    1.16      26       3      83       3     1.0      26       3      83       3     1.0
partit 2000 8     0    1.20      27       1      46       1     1.0      27       1      46       1     1.0
partit 2000 8     0    2.60      59       7     192       7     0.9      59       7     192       7     0.9
partit 2000 8     0    1.25      28       2      66       2     1.0      28       2      66       2     1.0
partit 2000 8     0    3.90      89      12     317      12     0.9      89      12     317      12     0.9
partit 2000 8     0    1.07      24       2      62       2     0.9      24       2      62       2     0.9
partit 2000 8     0    1.12      25       1      44       1     1.0      25       1      44       1     1.0
partit 2000 8     0    0.68      15       2      53       2     0.9      15       2      53       2     0.9
partit 2000 8     0    1.21      27       3      84       3     0.9      27       3      84       3     0.9
partit 2000 8     0    1.90      43       7     176       7     0.8      43       7     176       7     0.8
partit 2000 8     0    3.55      81      11     290      11     0.9      81      11     290      11     0.9
partit 2000 8     0    1.25      28       2      66       2     1.0      28       2      66       2     1.0
partit 2000 8     0    0.81      18       2      56       2     0.9      18       2      56       2     0.9
partit 2000 8     0    4.12      94      15     379      15     0.9      94      15     379      15     0.9
partit 2000 8     0    1.64      37       3      94       3     0.9      37       3      94       3     0.9
partit 2000 8     0    2.16      49       5     144       5     0.9      49       5     144       5     0.9
partit 2000 8     0    3.47      79      12     307      12     0.9      79      12     307      12     0.9
partit 2000 8     0    1.29      29       2      67       2     1.0      29       2      67       2     1.0
partit 2000 8     0    1.33      30       4     106       4     0.9      30       4     106       4     0.9
partit 2000 8     0    1.33      30       3      87       3     1.0      30       3      87       3     1.0
partit 2000 8     0    3.03      69      12     297      12     0.8      69      12     297      12     0.8
partit 2000 8     0    2.12      48       4     124       4     1.0      48       4     124       4     1.0
partit 2000 8     0    4.12      94      15     379      15     0.9      94      15     379      15     0.9
partit 2000 16     0    1.34      30       3      87       3     0.9      30       3      87       3     0.9
partit 2000 16     0    0.43       9       1      28       1     0.9       9       1      28       1     0.9
partit 2000 16     0    3.35      76      11     285      11     0.9      76      11     285      11     0.9
partit 2000 16     0    1.74      39       1      58       1     1.1      39       1      58       1     1.1
partit 2000 16     0    1.00      22       1      41       1     1.0      22       1      41       1     1.0
partit 2000 16     0    0.87      19       1      38       1     1.1      19       1      38       1     1.1
partit 2000 16     0    2.56      58       7     191       7     0.9      58       7     191       7     0.9
partit 2000 16     0    2.13      48       5     143       5     0.9      48       5     143       5     0.9
partit 2000 16     0    0.87      19       3      76       3     0.8      19       3      76       3     0.8
partit 2000 16     0    0.87      19       1      38       1     1.1      19       1      38       1     1.1
partit 2000 16     0    1.91      43       7     176       7     0.9      43       7     176       7     0.9
partit 2000 16     0    1.08      24       3      81       3     0.9      24       3      81       3     0.9
partit 2000 16     0    1.04      23       3      80       3     0.9      23       3      80       3     0.9
partit 2000 16     0    1.61      36       4     112       4     0.9      36       4     112       4     0.9
partit 2000 16     0    1.87      42       6     156       6     0.9      42       6     156       6     0.9
partit 2000 16     0    1.56      35       4     111       4     0.9      35       4     111       4     0.9
partit 2000 16     0    1.43      32       3      89       3     1.0      32       3      89       3     1.0
partit 2000 16     0    1.65      37       3      94       3     1.0      37       3      94       3     1.0
partit 2000 16     0    0.35       7       0       7       0     1.0       7       0       7       0     1.0
partit 2000 16     0    2.22      50       6     164       6     0.9      50       6     164       6     0.9
partit 2000 16     0    0.87      19       1      38       1     1.0      19       1      38       1     1.0
partit 2000 16     0    1.00      22       2      60       2     1.0      22       2      60       2     1.0
partit 2000 16     0    2.56      58       7     191       7     0.9      58       7     191       7     0.9
partit 2000 16     0    2.69      61       9     232       9     0.9      61       9     232       9     0.9
partit 2000 16     1    8.20      88      15     373      15     0.9     188      32     795      32     0.8
partit 2000 16     0    0.91      20       1      39       1     0.9      20       1      39       1     0.9
partit 2000 16     0    0.47      10       0      10       0     1.0      10       0      10       0     1.0
partit 2000 16     0    1.04      23       2      61       2     1.0      23       2      61       2     1.0
partit 2000 16     0    0.61      13       1      32       1     1.0      13       1      32       1     1.0
partit 2000 16     0    1.43      32       2      70       2     1.1      32       2      70       2     1.1
