partit 1200 4     0    0.87      55       8     143       8     0.9      55       8     143       8     0.9
partit 1200 4     1    1.96      25       3      58       3     0.9     125      22     366      22     0.8
partit 1200 4     0    0.57      36       2      58       2     1.1      36       2      58       2     1.1
partit 1200 4     0    0.36      23       4      67       4     0.8      23       4      67       4     0.8
partit 1200 4     0    0.44      28       6      94       6     0.8      28       6      94       6     0.8
partit 1200 4     0    1.04      66      11     187      11     0.9      66      11     187      11     0.9
partit 1200 4     0    0.62      39       8     127       8     0.8      39       8     127       8     0.8
partit 1200 4     0    1.13      72      11     193      11     0.9      72      11     193      11     0.9
partit 1200 4     0    1.20      76      15     241      15     0.8      76      15     241      15     0.8
partit 1200 4     0    0.41      26       3      59       3     0.9      26       3      59       3     0.9
partit 1200 4     0    0.58      37       4      81       4     1.0      37       4      81       4     1.0
partit 1200 4     1    1.86      19       4      63       4     0.8     119      19     327      19     0.8
partit 1200 4     0    0.52      33       6      99       6     0.8      33       6      99       6     0.8
partit 1200 4     0    1.20      76      12     208      12     0.9      76      12     208      12     0.9
partit 1200 4     0    0.63      40       6     106       6     0.9      40       6     106       6     0.9
partit 1200 4     0    0.29      18       3      51       3     0.8      18       3      51       3     0.8
partit 1200 4     0    0.66      42       6     108       6     0.9      42       6     108       6     0.9
partit 1200 4     0    1.37      87      17     274      17     0.8      87      17     274      17     0.8
partit 1200 4     0    0.62      39       7     116       7     0.8      39       7     116       7     0.8
partit 1200 4     0    0.62      39       6     105       6     0.9      39       6     105       6     0.9
partit 1200 4     0    0.71      45       6     111       6     0.9      45       6     111       6     0.9
partit 1200 4     0    0.87      55      10     165      10     0.8      55      10     165      10     0.8
partit 1200 4     1    2.36      51       9     150       9     0.8     151      29     469      29     0.8
partit 1200 4     1    2.24      43       4      87       4     0.9     143      24     406      24     0.8
partit 1200 4     0    1.54      98      16     274      16     0.8      98      16     274      16     0.8
partit 1200 4     0    1.01      64      11     185      11     0.9      64      11     185      11     0.9
partit 1200 4     0    0.43      27       4      71       4     0.9      27       4      71       4     0.9
partit 1200 4     0    0.32      20       3      53       3     0.9      20       3      53       3     0.9
partit 1200 4     1    2.25      44       8     132       8     0.8     144      25     418      25     0.8
partit 1200 4     0    1.12      71      11     192      11     0.8      71      11     192      11     0.8
partit 1200 8     0    0.40      25       3      58       3     0.9      25       3      58       3     0.9
partit 1200 8     0    0.37      23       4      67       4     0.8      23       4      67       4     0.8
partit 1200 8     0    1.09      69      11     190      11     0.9      69      11     190      11     0.9
partit 1200 8     0    0.39      24       4      68       4     0.8      24       4      68       4     0.8
partit 1200 8     1    2.27      45       7     122       7     0.9     145      25     419      25     0.9
partit 1200 8     0    1.26      80      16     256      16     0.8      80      16     256      16     0.8
partit 1200 8     1    1.71       9       1      20       1     0.9     109      19     317      19     0.9
partit 1200 8     0    0.68      43       6     109       6     0.9      43       6     109       6     0.9
partit 1200 8     0    0.35      22       2      44       2     0.9      22       2      44       2     0.9
partit 1200 8     0    0.32      20       1      31       1     0.9      20       1      31       1     0.9
partit 1200 8     0    1.22      77      17     264      17     0.8      77      17     264      17     0.8
partit 1200 8     0    0.75      47       7     124       7     0.9      47       7     124       7     0.9
partit 1200 8     0    0.32      20       2      42       2     0.9      20       2      42       2     0.9
partit 1200 8     0    0.51      32       3      65       3     1.0      32       3      65       3     1.0
partit 1200 8     0    0.39      24       4      68       4     0.8      24       4      68       4     0.8
partit 1200 8     1    1.77      13       1      24       1     0.9     113      18     310      18     0.9
partit 1200 8     0    0.26      16       1      27       1     1.0      16       1      27       1     1.0
partit 1200 8     0    0.75      47       9     146       9     0.9      47       9     146       9     0.9
partit 1200 8     0    0.53      33       4      77       4     0.9      33       4      77       4     0.9
partit 1200 8     0    0.17      10       1      21       1     1.0      10       1      21       1     1.0
partit 1200 8     0    1.09      69      10     179      10     0.9      69      10     179      10     0.9
partit 1200 8     0    0.37      23       3      56       3     0.9      23       3      56       3     0.9
partit 1200 8     0    0.12       7       1      18       1     0.9       7       1      18       1     0.9
partit 1200 8     0    0.90      57      10     167      10     0.9      57      10     167      10     0.9
partit 1200 8     0    0.75      47       9     146       9     0.8      47       9     146       9     0.8
partit 1200 8     0    0.50      31       4      75       4     0.9      31       4      75       4     0.9
partit 1200 8     0    1.19      75      11     196      11     0.9      75      11     196      11     0.9
partit 1200 8     0    0.15       9       1      20       1     0.9       9       1      20       1     0.9
partit 1200 8     0    0.26      16       1      27       1     0.9      16       1      27       1     0.9
partit 1200 8     0    0.46      29       4      73       4     0.9      29       4      73       4     0.9
partit 1200 16     0    0.58      36       6     102       6     0.8      36       6     102       6     0.8
partit 1200 16     0    0.33      20       2      42       2     0.9      20       2      42       2     0.9
partit 1200 16     0    0.41      25       3      58       3     0.9      25       3      58       3     0.9
partit 1200 16     0    0.68      42       6     108       6     0.9      42       6     108       6     0.9
partit 1200 16     0    0.51      31       5      86       5     0.9      31       5      86       5     0.9
partit 1200 16     0    0.34      20       2      42       2     0.9      20       2      42       2     0.9
partit 1200 16     0    0.41      25       5      80       5     0.8      25       5      80       5     0.8
partit 1200 16     0    0.34      20       3      53       3     0.8      20       3      53       3     0.8
partit 1200 16     0    0.88      55       9     154       9     0.9      55       9     154       9     0.9
partit 1200 16     0    0.30      18       1      29       1     0.9      18       1      29       1     0.9
partit 1200 16     0    0.95      59      12     191      12     0.8      59      12     191      12     0.8
partit 1200 16     0    0.60      37       6     103       6     0.8      37       6     103       6     0.8
partit 1200 16     0    0.33      20       2      42       2     0.9      20       2      42       2     0.9
partit 1200 16     0    0.18      10       2      32       2     0.9      10       2      32       2     0.9
partit 1200 16     0    0.76      47      10     157      10     0.8      47      10     157      10     0.8
partit 1200 16     0    0.93      58       8     146       8     0.9      58       8     146       8     0.9
partit 1200 16     0    0.16       9       1      20       1     0.9       9       1      20       1     0.9
partit 1200 16     0    0.57      35       5      90       5     0.9      35       5      90       5     0.9
partit 1200 16     0    0.29      17       1      28       1     1.0      17       1      28       1     1.0
partit 1200 16     0    0.24      14       2      36       2     0.9      14       2      36       2     0.9
partit 1200 16     0    0.18      10       2      32       2     0.8      10       2      32       2     0.8
partit 1200 16     0    0.33      20       1      31       1     1.0      20       1      31       1     1.0
partit 1200 16     0    0.35      21       3      54       3     0.9      21       3      54       3     0.9
partit 1200 16     0    0.51      31       4      75       4     0.9      31       4      75       4     0.9
partit 1200 16     0    0.44      27       2      49       2     1.1      27       2      49       2     1.1
partit 1200 16     0    0.26      15       3      48       3     0.8      15       3      48       3     0.8
partit 1200 16     0    0.45      27       4      71       4     0.9      27       4      71       4     0.9
partit 1200 16     0    0.36      22       3      55       3     0.9      22       3      55       3     0.9
partit 1200 16     0    0.37      22       2      44       2     1.0      22       2      44       2     1.0
partit 1200 16     0    0.33      20       4      64       4     0.8      20       4      64       4     0.8
partit 1400 4     1    2.60      22       1      35       1     1.0     122      19     368      19     0.9
partit 1400 4     0    0.54      25       2      51       2     1.0      25       2      51       2     1.0
partit 1400 4     1    2.94      38       5     103       5     0.9     138      20     397      20     0.9
partit 1400 4     0    1.65      77      15     272      15     0.8      77      15     272      15     0.8
partit 1400 4     0    0.75      35       5     100       5     0.9      35       5     100       5     0.9
partit 1400 4     1    3.15      48       7     139       7     0.9     148      24     459      24     0.8
partit 1400 4     0    0.47      22       1      35       1     1.0      22       1      35       1     1.0
partit 1400 4     0    2.03      95      14     277      14     0.9      95      14     277      14     0.9
partit 1400 4     0    1.09      51      10     181      10     0.9      51      10     181      10     0.9
partit 1400 4     2    4.40       7       1      20       1     0.9     207      35     660      35     0.8
partit 1400 4     0    1.67      78      13     247      13     0.9      78      13     247      13     0.9
partit 1400 4     0    1.24      58       9     175       9     0.9      58       9     175       9     0.9
partit 1400 4     0    1.37      64       9     181       9     0.9      64       9     181       9     0.9
partit 1400 4     0    0.62      29       5      94       5     0.9      29       5      94       5     0.9
partit 1400 4     1    4.15      95      21     368      21     0.8     195      36     662      36     0.8
partit 1400 4     0    0.47      22       3      61       3     0.9      22       3      61       3     0.9
partit 1400 4     0    1.09      51       9     168       9     0.9      51       9     168       9     0.9
partit 1400 4     0    0.94      44       8     148       8     0.9      44       8     148       8     0.9
partit 1400 4     0    0.58      27       5      92       5     0.8      27       5      92       5     0.8
partit 1400 4     1    3.62      70      13     239      13     0.8     170      32     585      32     0.8
partit 1400 4     2    5.70      68      10     198      10     0.9     268      46     864      46     0.8
partit 1400 4     0    1.39      65      11     208      11     0.8      65      11     208      11     0.8
partit 1400 4     0    0.58      27       3      66       3     0.9      27       3      66       3     0.9
partit 1400 4     0    0.09       4       0       4       0     1.0       4       0       4       0     1.0
partit 1400 4     0    0.52      24       3      63       3     0.9      24       3      63       3     0.9
partit 1400 4     0    1.18      55      13     224      13     0.8      55      13     224      13     0.8
partit 1400 4     0    1.16      54       7     145       7     0.9      54       7     145       7     0.9
partit 1400 4     0    0.67      31       4      83       4     0.9      31       4      83       4     0.9
partit 1400 4     2    4.59      16       1      29       1     1.0     216      40     734      40     0.8
partit 1400 4     0    0.67      31       3      70       3     1.0      31       3      70       3     1.0
partit 1400 8     0    1.54      72      15     267      15     0.8      72      15     267      15     0.8
partit 1400 8     0    0.67      31       3      70       3     1.0      31       3      70       3     1.0
partit 1400 8     0    0.44      20       2      46       2     1.0      20       2      46       2     1.0
partit 1400 8     0    1.14      53       7     144       7     0.9      53       7     144       7     0.9
partit 1400 8     1    2.45      15       0      15       0     1.1     115      20     374      20     0.9
partit 1400 8     0    1.40      65      12     221      12     0.8      65      12     221      12     0.8
partit 1400 8     0    1.29      60       9     177       9     0.9      60       9     177       9     0.9
partit 1400 8     0    0.61      28       3      67       3     0.9      28       3      67       3     0.9
partit 1400 8     0    0.54      25       4      77       4     0.9      25       4      77       4     0.9
partit 1400 8     1    2.88      35       7     126       7     0.8     135      21     407      21     0.9
partit 1400 8     0    0.67      31       5      96       5     0.9      31       5      96       5     0.9
partit 1400 8     1    2.83      33       6     111       6     0.8     133      24     444      24     0.8
partit 1400 8     0    0.67      31       4      83       4     0.9      31       4      83       4     0.9
partit 1400 8     0    1.14      53      10     183      10     0.8      53      10     183      10     0.8
partit 1400 8     0    0.58      27       2      53       2     1.0      27       2      53       2     1.0
partit 1400 8     0    0.84      39       8     143       8     0.8      39       8     143       8     0.8
partit 1400 8     0    0.41      19       1      32       1     1.1      19       1      32       1     1.1
partit 1400 8     0    0.33      15       3      54       3     0.8      15       3      54       3     0.8
partit 1400 8     0    0.91      42       6     120       6     0.9      42       6     120       6     0.9
partit 1400 8     0    1.35      63       9     180       9     0.9      63       9     180       9     0.9
partit 1400 8     0    0.54      25       3      64       3     0.9      25       3      64       3     0.9
partit 1400 8     0    0.65      30       4      82       4     0.9      30       4      82       4     0.9
partit 1400 8     0    0.63      29       4      81       4     0.9      29       4      81       4     0.9
partit 1400 8     0    0.82      38       5     103       5     0.9      38       5     103       5     0.9
partit 1400 8     0    0.97      45       4      97       4     1.0      45       4      97       4     1.0
partit 1400 8     0    0.76      35       4      87       4     0.9      35       4      87       4     0.9
partit 1400 8     0    0.56      26       2      52       2     1.0      26       2      52       2     1.0
partit 1400 8     0    0.86      40       5     105       5     0.9      40       5     105       5     0.9
partit 1400 8     0    1.46      68      10     198      10     0.9      68      10     198      10     0.9
partit 1400 8     0    0.52      24       1      37       1     1.0      24       1      37       1     1.0
partit 1400 16     0    1.13      52       7     143       7     0.9      52       7     143       7     0.9
partit 1400 16     0    0.57      26       2      52       2     1.0      26       2      52       2     1.0
partit 1400 16     0    0.49      22       4      74       4     0.8      22       4      74       4     0.8
partit 1400 16     0    0.34      15       1      28       1     1.0      15       1      28       1     1.0
partit 1400 16     0    0.38      17       1      30       1     0.9      17       1      30       1     0.9
partit 1400 16     0    0.68      31       6     109       6     0.8      31       6     109       6     0.8
partit 1400 16     0    0.81      37       2      63       2     1.0      37       2      63       2     1.0
partit 1400 16     0    0.30      13       1      26       1     1.1      13       1      26       1     1.1
partit 1400 16     0    0.58      26       2      52       2     0.9      26       2      52       2     0.9
partit 1400 16     0    0.23      10       1      23       1     1.0      10       1      23       1     1.0
partit 1400 16     0    0.53      24       4      76       4     0.9      24       4      76       4     0.9
partit 1400 16     0    0.66      30       4      82       4     0.9      30       4      82       4     0.9
partit 1400 16     0    0.62      28       3      67       3     0.9      28       3      67       3     0.9
partit 1400 16     0    0.79      36       7     127       7     0.9      36       7     127       7     0.9
partit 1400 16     0    1.09      50       6     128       6     0.9      50       6     128       6     0.9
partit 1400 16     0    0.53      24       2      50       2     1.0      24       2      50       2     1.0
partit 1400 16     0    1.38      64      12     220      12     0.8      64      12     220      12     0.8
partit 1400 16     0    0.25      11       1      24       1     1.0      11       1      24       1     1.0
partit 1400 16     0    0.49      22       3      61       3     0.9      22       3      61       3     0.9
partit 1400 16     0    0.45      20       1      33       1     1.0      20       1      33       1     1.0
partit 1400 16     0    0.92      42       5     107       5     0.9      42       5     107       5     0.9
partit 1400 16     0    1.21      56       7     147       7     0.9      56       7     147       7     0.9
partit 1400 16     0    0.60      27       3      66       3     0.9      27       3      66       3     0.9
partit 1400 16     0    0.68      31       6     109       6     0.8      31       6     109       6     0.8
partit 1400 16     0    0.55      25       3      64       3     0.9      25       3      64       3     0.9
partit 1400 16     0    0.68      31       3      70       3     1.0      31       3      70       3     1.0
partit 1400 16     0    0.75      34       7     125       7     0.8      34       7     125       7     0.8
partit 1400 16     0    0.40      18       3      57       3     0.8      18       3      57       3     0.8
partit 1400 16     0    0.47      21       3      60       3     0.9      21       3      60       3     0.9
partit 1400 16     0    0.64      29       5      94       5     0.8      29       5      94       5     0.8
partit 1600 4     0    2.34      84      15     309      15     0.9      84      15     309      15     0.9
partit 1600 4     0    0.76      27       4      87       4     0.9      27       4      87       4     0.9
partit 1600 4     0    2.62      94      16     334      16     0.8      94      16     334      16     0.8
partit 1600 4     1    4.17      50      10     200      10     0.8     150      25     524      25     0.8
partit 1600 4     0    0.78      28       5     103       5     0.9      28       5     103       5     0.9
partit 1600 4     0    1.87      67      14     277      14     0.8      67      14     277      14     0.8
partit 1600 4     0    1.01      36       5     111       5     0.9      36       5     111       5     0.9
partit 1600 4     1    4.33      56       7     161       7     0.9     156      26     545      26     0.9
partit 1600 4     0    1.81      65      10     215      10     0.9      65      10     215      10     0.9
partit 1600 4     0    1.51      54      11     219      11     0.8      54      11     219      11     0.8
partit 1600 4     0    0.70      25       2      55       2     1.0      25       2      55       2     1.0
partit 1600 4     0    1.01      36       4      96       4     0.9      36       4      96       4     0.9
partit 1600 4     0    0.84      30       5     105       5     0.8      30       5     105       5     0.8
partit 1600 4     0    0.95      34       3      79       3     0.9      34       3      79       3     0.9
partit 1600 4     0    0.73      26       1      41       1     1.0      26       1      41       1     1.0
partit 1600 4     0    2.04      73      11     238      11     0.9      73      11     238      11     0.9
partit 1600 4     0    0.67      24       2      54       2     1.0      24       2      54       2     1.0
partit 1600 4     0    1.09      39       6     129       6     0.9      39       6     129       6     0.9
partit 1600 4     1    5.00      80      11     245      11     0.9     180      26     569      26     0.9
partit 1600 4     1    2.89       4       0       4       0     1.0     104      16     343      16     0.9
partit 1600 4     1    3.83      38       4      98       4     0.9     138      20     437      20     0.9
partit 1600 4     0    1.73      62       8     182       8     0.9      62       8     182       8     0.9
partit 1600 4     2    7.72      78       9     213       9     0.9     278      41     891      41     0.9
partit 1600 4     0    0.73      26       2      56       2     0.9      26       2      56       2     0.9
partit 1600 4     1    3.47      25       3      70       3     0.9     125      21     439      21     0.8
partit 1600 4     0    1.20      43       6     133       6     0.9      43       6     133       6     0.9
partit 1600 4     0    2.18      78      13     273      13     0.9      78      13     273      13     0.9
partit 1600 4     2    6.97      51       7     156       7     0.9     251      40     849      40     0.9
partit 1600 4     0    1.06      38       5     113       5     0.9      38       5     113       5     0.9
partit 1600 4     0    2.32      83      15     308      15     0.8      83      15     308      15     0.8
partit 1600 8     1    3.78      36       6     126       6     0.9     136      21     450      21     0.9
partit 1600 8     1    5.15      85      12     265      12     0.9     185      26     574      26     0.9
partit 1600 8     0    2.43      87      13     282      13     0.9      87      13     282      13     0.9
partit 1600 8     1    3.31      19       3      64       3     0.9     119      20     418      20     0.9
partit 1600 8     0    0.51      18       2      48       2     0.9      18       2      48       2     0.9
partit 1600 8     0    1.26      45       6     135       6     0.9      45       6     135       6     0.9
partit 1600 8     0    1.49      53       8     173       8     0.9      53       8     173       8     0.9
partit 1600 8     0    1.15      41       7     146       7     0.8      41       7     146       7     0.8
partit 1600 8     0    2.35      84      14     294      14     0.9      84      14     294      14     0.9
partit 1600 8     0    1.01      36       5     111       5     0.9      36       5     111       5     0.9
partit 1600 8     0    1.01      36       5     111       5     0.9      36       5     111       5     0.9
partit 1600 8     0    0.71      25       3      70       3     0.9      25       3      70       3     0.9
partit 1600 8     0    1.68      60      12     240      12     0.8      60      12     240      12     0.8
partit 1600 8     0    1.10      39       7     144       7     0.8      39       7     144       7     0.8
partit 1600 8     0    0.82      29       5     104       5     0.9      29       5     104       5     0.9
partit 1600 8     0    1.15      41       4     101       4     1.0      41       4     101       4     1.0
partit 1600 8     0    0.90      32       2      62       2     1.0      32       2      62       2     1.0
partit 1600 8     0    0.57      20       2      50       2     0.9      20       2      50       2     0.9
partit 1600 8     0    2.15      77      13     272      13     0.9      77      13     272      13     0.9
partit 1600 8     0    0.34      12       1      27       1     1.0      12       1      27       1     1.0
partit 1600 8     0    1.46      52       7     157       7     0.9      52       7     157       7     0.9
partit 1600 8     0    1.96      70      12     250      12     0.9      70      12     250      12     0.9
partit 1600 8     0    0.54      19       2      49       2     0.9      19       2      49       2     0.9
partit 1600 8     0    1.10      39       4      99       4     1.0      39       4      99       4     1.0
partit 1600 8     1    4.42      59       8     179       8     0.9     159      22     488      22     0.9
partit 1600 8     0    0.34      12       2      42       2     0.8      12       2      42       2     0.8
partit 1600 8     0    0.98      35       4      95       4     0.9      35       4      95       4     0.9
partit 1600 8     0    0.48      17       3      62       3     0.8      17       3      62       3     0.8
partit 1600 8     0    1.90      68      12     248      12     0.8      68      12     248      12     0.8
partit 1600 8     0    1.46      52       8     172       8     0.9      52       8     172       8     0.9
partit 1600 16     0    0.35      12       1      27       1     0.9      12       1      27       1     0.9
partit 1600 16     0    0.72      25       2      55       2     0.9      25       2      55       2     0.9
partit 1600 16     0    0.74      26       2      56       2     1.0      26       2      56       2     1.0
partit 1600 16     0    0.72      25       4      85       4     0.8      25       4      85       4     0.8
partit 1600 16     0    0.72      25       3      70       3     0.9      25       3      70       3     0.9
partit 1600 16     0    0.58      20       4      80       4     0.8      20       4      80       4     0.8
partit 1600 16     0    0.44      15       2      45       2     0.9      15       2      45       2     0.9
partit 1600 16     0    0.35      12       1      27       1     0.9      12       1      27       1     0.9
partit 1600 16     0    1.08      38       4      98       4     0.9      38       4      98       4     0.9
partit 1600 16     0    0.58      20       3      65       3     0.8      20       3      65       3     0.8
partit 1600 16     0    0.52      18       1      33       1     0.9      18       1      33       1     0.9
partit 1600 16     0    0.35      12       1      27       1     1.0      12       1      27       1     1.0
partit 1600 16     0    0.41      14       1      29       1     0.9      14       1      29       1     0.9
partit 1600 16     0    1.14      40       4     100       4     0.9      40       4     100       4     0.9
partit 1600 16     0    1.16      41       2      71       2     1.1      41       2      71       2     1.1
partit 1600 16     0    0.69      24       2      54       2     1.0      24       2      54       2     1.0
partit 1600 16     0    0.85      30       2      60       2     1.0      30       2      60       2     1.0
partit 1600 16     0    2.08      74      10     224      10     0.9      74      10     224      10     0.9
partit 1600 16     0    1.16      41       4     101       4     1.0      41       4     101       4     1.0
partit 1600 16     0    0.71      25       3      70       3     0.9      25       3      70       3     0.9
partit 1600 16     0    0.86      30       4      90       4     0.9      30       4      90       4     0.9
partit 1600 16     0    0.41      14       1      29       1     0.9      14       1      29       1     0.9
partit 1600 16     0    0.41      14       1      29       1     0.9      14       1      29       1     0.9
partit 1600 16     0    0.66      23       1      38       1     1.0      23       1      38       1     1.0
partit 1600 16     0    0.88      31       4      91       4     1.0      31       4      91       4     1.0
partit 1600 16     0    0.24       8       1      23       1     0.9       8       1      23       1     0.9
partit 1600 16     0    0.85      30       3      75       3     1.0      30       3      75       3     1.0
partit 1600 16     0    1.94      69       9     204       9     0.9      69       9     204       9     0.9
partit 1600 16     0    0.63      22       1      37       1     1.0      22       1      37       1     1.0
partit 1600 16     0    0.69      24       1      39       1     1.0      24       1      39       1     1.0
partit 1800 4     0    0.96      27       2      61       2     1.0      27       2      61       2     1.0
partit 1800 4     1    5.55      58       7     177       7     0.9     158      21     514      21     0.9
partit 1800 4     0    0.96      27       3      78       3     0.9      27       3      78       3     0.9
partit 1800 4     3   11.65      32       5     117       5     0.9     332      61    1366      61     0.8
partit 1800 4     1    4.81      37       3      88       3     1.0     137      20     476      20     0.9
partit 1800 4     1    6.79      93      15     348      15     0.8     193      27     651      27     0.9
partit 1800 4     0    2.51      71      12     275      12     0.9      71      12     275      12     0.9
partit 1800 4     0    1.70      48       7     167       7     0.9      48       7     167       7     0.9
partit 1800 4     0    0.92      26       3      77       3     0.9      26       3      77       3     0.9
partit 1800 4     0    1.87      53       9     206       9     0.8      53       9     206       9     0.8
partit 1800 4     0    0.71      20       3      71       3     0.8      20       3      71       3     0.8
partit 1800 4     2    9.73      77      12     281      12     0.9     277      48    1091      48     0.8
partit 1800 4     0    3.04      86      13     307      13     0.9      86      13     307      13     0.9
partit 1800 4     0    1.13      32       3      83       3     0.9      32       3      83       3     0.9
partit 1800 4     1    5.59      59       7     178       7     0.9     159      24     566      24     0.9
partit 1800 4     0    0.71      20       3      71       3     0.8      20       3      71       3     0.8
partit 1800 4     0    0.71      20       2      54       2     1.0      20       2      54       2     1.0
partit 1800 4     3   11.82      37       4     105       4     0.9     337      53    1235      53     0.9
partit 1800 4     2    8.60      45       7     164       7     0.9     245      37     872      37     0.9
partit 1800 4     3   12.53      57       7     176       7     0.9     357      56    1306      56     0.9
partit 1800 4     1    6.68      90      15     345      15     0.9     190      30     699      30     0.9
partit 1800 4     0    2.51      71       8     207       8     0.9      71       8     207       8     0.9
partit 1800 4     0    3.25      92      17     381      17     0.8      92      17     381      17     0.8
partit 1800 4     0    0.64      18       2      52       2     0.9      18       2      52       2     0.9
partit 1800 4     0    2.19      62      12     266      12     0.8      62      12     266      12     0.8
partit 1800 4     0    0.64      18       1      35       1     1.1      18       1      35       1     1.1
partit 1800 4     0    2.65      75      13     296      13     0.9      75      13     296      13     0.9
partit 1800 4     0    0.89      25       5     110       5     0.8      25       5     110       5     0.8
partit 1800 4     0    0.99      28       3      79       3     0.9      28       3      79       3     0.9
partit 1800 4     0    2.68      76      14     314      14     0.8      76      14     314      14     0.8
partit 1800 8     0    2.02      57      10     227      10     0.9      57      10     227      10     0.9
partit 1800 8     0    1.00      28       2      62       2     0.9      28       2      62       2     0.9
partit 1800 8     0    1.38      39       6     141       6     0.9      39       6     141       6     0.9
partit 1800 8     1    4.33      23       1      40       1     1.0     123      16     394      16     0.9
partit 1800 8     0    1.74      49       8     185       8     0.9      49       8     185       8     0.9
partit 1800 8     0    3.11      88      16     360      16     0.9      88      16     360      16     0.9
partit 1800 8     0    0.64      18       1      35       1     1.0      18       1      35       1     1.0
partit 1800 8     0    1.49      42       6     144       6     0.9      42       6     144       6     0.9
partit 1800 8     1    4.11      17       1      34       1     0.9     117      16     388      16     0.9
partit 1800 8     0    2.37      67       9     220       9     0.9      67       9     220       9     0.9
partit 1800 8     0    1.14      32       6     134       6     0.8      32       6     134       6     0.8
partit 1800 8     0    0.75      21       2      55       2     0.9      21       2      55       2     0.9
partit 1800 8     0    1.49      42       6     144       6     0.9      42       6     144       6     0.9
partit 1800 8     1    4.22      20       2      54       2     1.0     120      20     459      20     0.9
partit 1800 8     0    0.78      22       3      73       3     1.0      22       3      73       3     1.0
partit 1800 8     0    1.00      28       6     130       6     0.8      28       6     130       6     0.8
partit 1800 8     0    1.95      55       8     191       8     0.9      55       8     191       8     0.9
partit 1800 8     0    0.54      15       1      32       1     1.0      15       1      32       1     1.0
partit 1800 8     0    1.45      41       4     109       4     1.0      41       4     109       4     1.0
partit 1800 8     0    0.68      19       3      70       3     0.8      19       3      70       3     0.8
partit 1800 8     0    2.05      58       9     211       9     0.9      58       9     211       9     0.9
partit 1800 8     0    1.35      38       5     123       5     0.9      38       5     123       5     0.9
partit 1800 8     0    2.86      81      16     353      16     0.8      81      16     353      16     0.8
partit 1800 8     0    0.82      23       3      74       3     0.9      23       3      74       3     0.9
partit 1800 8     0    0.61      17       1      34       1     0.9      17       1      34       1     0.9
partit 1800 8     0    1.98      56       9     209       9     0.9      56       9     209       9     0.9
partit 1800 8     0    1.91      54       7     173       7     0.9      54       7     173       7     0.9
partit 1800 8     0    1.35      38       5     123       5     0.9      38       5     123       5     0.9
partit 1800 8     0    2.33      66      10     236      10     0.9      66      10     236      10     0.9
partit 1800 8     1    6.05      72      12     276      12     0.9     172      28     647      28     0.9
partit 1800 16     0    0.37      10       1      27       1     0.9      10       1      27       1     0.9
partit 1800 16     0    1.43      40       4     108       4     0.9      40       4     108       4     0.9
partit 1800 16     0    0.83      23       4      91       4     0.8      23       4      91       4     0.8
partit 1800 16     0    1.29      36       6     138       6     0.8      36       6     138       6     0.8
partit 1800 16     0    0.51      14       1      31       1     0.9      14       1      31       1     0.9
partit 1800 16     0    0.37      10       1      27       1     0.9      10       1      27       1     0.9
partit 1800 16     0    1.15      32       4     100       4     1.0      32       4     100       4     1.0
partit 1800 16     0    2.45      69       8     205       8     0.9      69       8     205       8     0.9
partit 1800 16     0    0.69      19       1      36       1     1.1      19       1      36       1     1.1
partit 1800 16     0    1.92      54       7     173       7     0.9      54       7     173       7     0.9
partit 1800 16     0    0.48      13       1      30       1     0.9      13       1      30       1     0.9
partit 1800 16     0    0.44      12       1      29       1     1.0      12       1      29       1     1.0
partit 1800 16     0    0.90      25       2      59       2     1.0      25       2      59       2     1.0
partit 1800 16     0    1.29      36       3      87       3     0.9      36       3      87       3     0.9
partit 1800 16     0    1.39      39       3      90       3     0.9      39       3      90       3     0.9
partit 1800 16     0    1.96      55       5     140       5     1.0      55       5     140       5     1.0
partit 1800 16     0    0.97      27       3      78       3     1.0      27       3      78       3     1.0
partit 1800 16     0    0.41      11       1      28       1     0.9      11       1      28       1     0.9
partit 1800 16     0    0.48      13       1      30       1     0.9      13       1      30       1     0.9
partit 1800 16     0    0.41      11       1      28       1     0.9      11       1      28       1     0.9
partit 1800 16     0    0.62      17       1      34       1     1.1      17       1      34       1     1.1
partit 1800 16     0    1.32      37       5     122       5     0.9      37       5     122       5     0.9
partit 1800 16     0    1.68      47       6     149       6     0.9      47       6     149       6     0.9
partit 1800 16     0    0.76      21       4      89       4     0.8      21       4      89       4     0.8
partit 1800 16     0    0.58      16       1      33       1     1.0      16       1      33       1     1.0
partit 1800 16     0    0.51      14       3      65       3     0.9      14       3      65       3     0.9
partit 1800 16     0    1.36      38       6     140       6     0.9      38       6     140       6     0.9
partit 1800 16     0    0.58      16       3      67       3     0.8      16       3      67       3     0.8
partit 1800 16     0    0.62      17       1      34       1     1.0      17       1      34       1     1.0
partit 1800 16     0    1.82      51       7     170       7     0.9      51       7     170       7     0.9
partit 2000 4     0    2.96      68       8     220       8     1.0      68       8     220       8     1.0
partit 2000 4     0    1.53      35       4     111       4     0.9      35       4     111       4     0.9
partit 2000 4     0    3.01      69      11     278      11     0.8      69      11     278      11     0.8
partit 2000 4     0    3.18      73      10     263      10     0.9      73      10     263      10     0.9
partit 2000 4     1    6.94      60       9     231       9     0.9     160      28     691      28     0.8
partit 2000 4     1    6.94      60       8     212       8     0.9     160      25     634      25     0.9
partit 2000 4     0    3.09      71      12     299      12     0.8      71      12     299      12     0.8
partit 2000 4     0    3.31      76       9     247       9     0.9      76       9     247       9     0.9
partit 2000 4     0    3.01      69      11     278      11     0.8      69      11     278      11     0.8
partit 2000 4     0    1.61      37       5     132       5     0.9      37       5     132       5     0.9
partit 2000 4     0    1.14      26       2      64       2     1.0      26       2      64       2     1.0
partit 2000 4     0    0.70      16       1      35       1     0.9      16       1      35       1     0.9
partit 2000 4     0    1.18      27       2      65       2     1.0      27       2      65       2     1.0
partit 2000 4     0    1.18      27       4     103       4     0.9      27       4     103       4     0.9
partit 2000 4     0    4.05      93      15     378      15     0.9      93      15     378      15     0.9
partit 2000 4     0    4.09      94      14     360      14     0.9      94      14     360      14     0.9
partit 2000 4     0    2.22      51       7     184       7     0.9      51       7     184       7     0.9
partit 2000 4     0    2.44      56       9     227       9     0.9      56       9     227       9     0.9
partit 2000 4     0    3.92      90      12     318      12     0.9      90      12     318      12     0.9
partit 2000 4     2   10.44      41       4     117       4     1.0     241      34     885      34     0.9
partit 2000 4     0    2.09      48       3     105       3     1.0      48       3     105       3     1.0
partit 2000 4     1    5.94      37       6     151       6     0.9     137      21     535      21     0.9
partit 2000 4     0    1.18      27       5     122       5     0.8      27       5     122       5     0.8
partit 2000 4     1    6.33      46       6     160       6     0.9     146      21     544      21     0.9
partit 2000 4     0    4.01      92      11     301      11     1.0      92      11     301      11     1.0
partit 2000 4     0    2.01      46       8     198       8     0.8      46       8     198       8     0.8
partit 2000 4     0    0.74      17       1      36       1     1.0      17       1      36       1     1.0
partit 2000 4     4   20.14      65       9     236       9     0.9     465      63    1658      63     0.9
partit 2000 4     0    1.09      25       4     101       4     0.9      25       4     101       4     0.9
partit 2000 4     0    3.44      79      12     307      12     0.9      79      12     307      12     0.9
partit 2000 8     0    0.57      13       1      32       1     0.9      13       1      32       1     0.9
partit 2000 8     0    1.84      42       4     118       4     1.0      42       4     118       4     1.0
partit 2000 8     0    0.31       7       1      26       1     0.9       7       1      26       1     0.9
partit 2000 8     0    3.23      74      16     378      16     0.8      74      16     378      16     0.8
partit 2000 8     0    0.88      20       1      39       1     1.1      20       1      39       1     1.1
partit 2000 8     0    1.62      37       2      75       2     1.1      37       2      75       2     1.1
partit 2000 8     0    2.01      46       6     160       6     1.0      46       6     160       6     1.0
partit 2000 8     0    1.40      32       3      89       3     1.0      32       3      89       3     1.0
partit 2000 8     0    2.10      48       4     124       4     1.0      48       4     124       4     1.0
partit 2000 8     0    2.27      52       4     128       4     1.0      52       4     128       4     1.0
partit 2000 8     0    1.45      33       3      90       3     0.9      33       3      90       3     0.9
partit 2000 8     0    0.79      18       2      56       2     0.9      18       2      56       2     0.9
partit 2000 8     0    1.27      29       3      86       3     0.9      29       3      86       3     0.9
partit 2000 8     0    1.97      45       3     102       3     0.9      45       3     102       3     0.9
partit 2000 8     0    1.36      31       3      88       3     1.0      31       3      88       3     1.0
partit 2000 8     1    4.99      15       1      34       1     0.9     115      16     418      16     0.9
partit 2000 8     0    1.88      43       8     195       8     0.8      43       8     195       8     0.8
partit 2000 8     0    1.53      35       3      92       3     1.0      35       3      92       3     1.0
partit 2000 8     0    4.01      92      12     320      12     0.9      92      12     320      12     0.9
partit 2000 8     0    1.27      29       2      67       2     1.1      29       2      67       2     1.1
partit 2000 8     0    2.10      48       4     124       4     1.0      48       4     124       4     1.0
partit 2000 8     1    4.94      14       1      33       1     1.1     114      14     379      14     0.9
partit 2000 8     0    2.19      50       7     183       7     0.9      50       7     183       7     0.9
partit 2000 8     0    2.27      52       8     204       8     0.9      52       8     204       8     0.9
partit 2000 8     0    2.36      54       6     168       6     1.0      54       6     168       6     1.0
partit 2000 8     0    0.97      22       5     117       5     0.8      22       5     117       5     0.8
partit 2000 8     1    6.16      42       6     156       6     0.9     142      19     502      19     0.9
partit 2000 8     0    0.62      14       1      33       1     1.0      14       1      33       1     1.0
partit 2000 8     0    1.36      31       3      88       3     1.0      31       3      88       3     1.0
partit 2000 8     0    3.31      76      11     285      11     0.9      76      11     285      11     0.9
partit 2000 16     0    1.32      30       4     106       4     1.0      30       4     106       4     1.0
partit 2000 16     0    1.06      24       1      43       1     1.0      24       1      43       1     1.0
partit 2000 16     0    1.76      40       6     154       6     0.9      40       6     154       6     0.9
partit 2000 16     0    1.72      39       5     134       5     0.9      39       5     134       5     0.9
partit 2000 16     0    1.67      38       2      76       2     1.0      38       2      76       2     1.0
partit 2000 16     0    2.28      52       5     147       5     0.9      52       5     147       5     0.9
partit 2000 16     0    0.59      13       1      32       1     0.9      13       1      32       1     0.9
partit 2000 16     0    0.45      10       1      29       1     0.9      10       1      29       1     0.9
partit 2000 16     0    2.67      61       6     175       6     1.0      61       6     175       6     1.0
partit 2000 16     0    3.54      81      14     347      14     0.8      81      14     347      14     0.8
partit 2000 16     0    3.76      86      14     352      14     0.9      86      14     352      14     0.9
partit 2000 16     0    0.76      17       1      36       1     0.9      17       1      36       1     0.9
partit 2000 16     0    0.67      15       1      34       1     0.9      15       1      34       1     0.9
partit 2000 16     0    0.50      11       2      49       2     0.9      11       2      49       2     0.9
partit 2000 16     0    1.63      37       2      75       2     1.1      37       2      75       2     1.1
partit 2000 16     0    0.89      20       0      20       0     1.1      20       0      20       0     1.1
partit 2000 16     0    1.41      32       4     108       4     0.9      32       4     108       4     0.9
partit 2000 16     0    1.06      24       2      62       2     1.0      24       2      62       2     1.0
partit 2000 16     0    1.80      41       7     174       7     0.9      41       7     174       7     0.9
partit 2000 16     0    2.06      47       4     123       4     1.0      47       4     123       4     1.0
partit 2000 16     0    1.72      39       7     172       7     0.8      39       7     172       7     0.8
partit 2000 16     0    3.80      87      14     353      14     0.9      87      14     353      14     0.9
partit 2000 16     0    1.33      30       3      87       3     0.9      30       3      87       3     0.9
partit 2000 16     0    0.76      17       1      36       1     1.0      17       1      36       1     1.0
partit 2000 16     0    2.67      61       4     137       4     1.0      61       4     137       4     1.0
partit 2000 16     0    0.93      21       3      78       3     0.9      21       3      78       3     0.9
partit 2000 16     0    1.11      25       3      82       3     1.0      25       3      82       3     1.0
partit 2000 16     0    1.59      36       6     150       6     0.9      36       6     150       6     0.9
partit 2000 16     0    1.32      30       4     106       4     0.9      30       4     106       4     0.9
partit 2000 16     0    1.50      34       4     110       4     1.0      34       4     110       4     1.0
