partit-nr 1200 4     0    1.27      81      13     224      13     0.8      81      13     224      13     0.8
partit-nr 1200 4     0    0.76      48      10     158      10     0.8      48      10     158      10     0.8
partit-nr 1200 4     0    0.71      45       5     100       5     0.9      45       5     100       5     0.9
partit-nr 1200 4     0    0.44      28       4      72       4     0.9      28       4      72       4     0.9
partit-nr 1200 4     0    1.45      92      16     268      16     0.8      92      16     268      16     0.8
partit-nr 1200 4     0    0.36      23       4      67       4     0.8      23       4      67       4     0.8
partit-nr 1200 4     0    0.51      32       5      87       5     0.8      32       5      87       5     0.8
partit-nr 1200 4     0    0.69      44      10     154      10     0.8      44      10     154      10     0.8
partit-nr 1200 4     0    0.34      21       2      43       2     0.9      21       2      43       2     0.9
partit-nr 1200 4     0    0.63      40       7     117       7     0.8      40       7     117       7     0.8
partit-nr 1200 4     0    0.24      15       2      37       2     0.9      15       2      37       2     0.9
partit-nr 1200 4     0    4.21     268      51     829      51     0.8     268      51     829      51     0.8
partit-nr 1200 4     0    1.92     122      24     386      24     0.8     122      24     386      24     0.8
partit-nr 1200 4     0    0.43      27       4      71       4     0.9      27       4      71       4     0.9
partit-nr 1200 4     0    0.73      46       7     123       7     0.9      46       7     123       7     0.9
partit-nr 1200 4     0    1.07      68      15     233      15     0.8      68      15     233      15     0.8
partit-nr 1200 4     0    0.90      57      10     167      10     0.8      57      10     167      10     0.8
partit-nr 1200 4     0    0.76      48       7     125       7     0.9      48       7     125       7     0.9
partit-nr 1200 4     0    2.56     163      31     504      31     0.8     163      31     504      31     0.8
partit-nr 1200 4     0    0.65      41       5      96       5     1.0      41       5      96       5     1.0
partit-nr 1200 4     0    0.54      34       4      78       4     0.9      34       4      78       4     0.9
partit-nr 1200 4     0    0.62      39       8     127       8     0.8      39       8     127       8     0.8
partit-nr 1200 4     0    0.44      28       6      94       6     0.9      28       6      94       6     0.9
partit-nr 1200 4     0    3.59     229      44     713      44     0.8     229      44     713      44     0.8
partit-nr 1200 4     0    1.37      87      18     285      18     0.8      87      18     285      18     0.8
partit-nr 1200 4     0    2.20     140      24     404      24     0.8     140      24     404      24     0.8
partit-nr 1200 4     0    1.34      85      15     250      15     0.8      85      15     250      15     0.8
partit-nr 1200 4     0    0.54      34       4      78       4     0.9      34       4      78       4     0.9
partit-nr 1200 4     0    0.62      39       5      94       5     0.9      39       5      94       5     0.9
partit-nr 1200 4     0    0.87      55      12     187      12     0.8      55      12     187      12     0.8
partit-nr 1200 8     0    1.17      74      15     239      15     0.8      74      15     239      15     0.8
partit-nr 1200 8     0    0.45      28       4      72       4     0.9      28       4      72       4     0.9
partit-nr 1200 8     0    0.18      11       1      22       1     0.9      11       1      22       1     0.9
partit-nr 1200 8     0    0.34      21       4      65       4     0.9      21       4      65       4     0.9
partit-nr 1200 8     0    1.03      65      11     186      11     0.8      65      11     186      11     0.8
partit-nr 1200 8     0    0.65      41       5      96       5     1.0      41       5      96       5     1.0
partit-nr 1200 8     0    0.21      13       1      24       1     1.1      13       1      24       1     1.1
partit-nr 1200 8     0    0.98      62      10     172      10     0.8      62      10     172      10     0.8
partit-nr 1200 8     0    0.51      32       6      98       6     0.8      32       6      98       6     0.8
partit-nr 1200 8     0    0.54      34       2      56       2     0.9      34       2      56       2     0.9
partit-nr 1200 8     0    1.83     116      22     358      22     0.8     116      22     358      22     0.8
partit-nr 1200 8     0    1.81     115      25     390      25     0.8     115      25     390      25     0.8
partit-nr 1200 8     0    1.15      73      13     216      13     0.8      73      13     216      13     0.8
partit-nr 1200 8     0    0.97      61      12     193      12     0.8      61      12     193      12     0.8
partit-nr 1200 8     0    0.09       5       1      16       1     0.8       5       1      16       1     0.8
partit-nr 1200 8     0    0.54      34       7     111       7     0.9      34       7     111       7     0.9
partit-nr 1200 8     0    0.23      14       1      25       1     1.0      14       1      25       1     1.0
partit-nr 1200 8     0    0.65      41       9     140       9     0.8      41       9     140       9     0.8
partit-nr 1200 8     0    0.68      43       5      98       5     0.9      43       5      98       5     0.9
partit-nr 1200 8     0    0.33      20       4      64       4     0.8      20       4      64       4     0.8
partit-nr 1200 8     0    1.61     102      17     289      17     0.8     102      17     289      17     0.8
partit-nr 1200 8     0    0.87      55       7     132       7     1.0      55       7     132       7     1.0
partit-nr 1200 8     0    1.17      74      12     206      12     0.9      74      12     206      12     0.9
partit-nr 1200 8     0    1.19      75      15     240      15     0.8      75      15     240      15     0.8
partit-nr 1200 8     0    0.32      20       3      53       3     0.9      20       3      53       3     0.9
partit-nr 1200 8     0    0.95      60       9     159       9     0.9      60       9     159       9     0.9
partit-nr 1200 8     0    0.43      27       4      71       4     0.9      27       4      71       4     0.9
partit-nr 1200 8     0    1.64     104      17     291      17     0.9     104      17     291      17     0.9
partit-nr 1200 8     0    0.46      29       3      62       3     0.9      29       3      62       3     0.9
partit-nr 1200 8     0    0.81      51       6     117       6     1.0      51       6     117       6     1.0
partit-nr 1200 16     0    0.36      22       2      44       2     0.9      22       2      44       2     0.9
partit-nr 1200 16     0    0.40      24       4      68       4     0.8      24       4      68       4     0.8
partit-nr 1200 16     0    0.52      32       4      76       4     0.9      32       4      76       4     0.9
partit-nr 1200 16     0    0.55      34       3      67       3     0.9      34       3      67       3     0.9
partit-nr 1200 16     0    0.38      23       3      56       3     0.9      23       3      56       3     0.9
partit-nr 1200 16     0    0.22      13       1      24       1     0.9      13       1      24       1     0.9
partit-nr 1200 16     0    0.36      22       3      55       3     0.9      22       3      55       3     0.9
partit-nr 1200 16     0    0.26      15       2      37       2     0.9      15       2      37       2     0.9
partit-nr 1200 16     0    0.43      26       2      48       2     1.0      26       2      48       2     1.0
partit-nr 1200 16     0    0.57      35       5      90       5     0.9      35       5      90       5     0.9
partit-nr 1200 16     0    0.76      47       5     102       5     0.9      47       5     102       5     0.9
partit-nr 1200 16     0    1.46      92      16     268      16     0.8      92      16     268      16     0.8
partit-nr 1200 16     0    0.65      40       3      73       3     1.0      40       3      73       3     1.0
partit-nr 1200 16     0    0.66      41       7     118       7     0.8      41       7     118       7     0.8
partit-nr 1200 16     0    0.22      13       1      24       1     0.9      13       1      24       1     0.9
partit-nr 1200 16     0    0.91      57       9     156       9     0.9      57       9     156       9     0.9
partit-nr 1200 16     0    0.24      14       1      25       1     0.9      14       1      25       1     0.9
partit-nr 1200 16     0    0.23      13       2      35       2     0.8      13       2      35       2     0.8
partit-nr 1200 16     0    0.51      31       5      86       5     0.8      31       5      86       5     0.8
partit-nr 1200 16     0    0.21      12       1      23       1     0.9      12       1      23       1     0.9
partit-nr 1200 16     0    0.32      19       3      52       3     0.9      19       3      52       3     0.9
partit-nr 1200 16     0    0.40      24       4      68       4     0.9      24       4      68       4     0.9
partit-nr 1200 16     0    0.19      11       1      22       1     1.0      11       1      22       1     1.0
partit-nr 1200 16     0    0.29      17       1      28       1     1.1      17       1      28       1     1.1
partit-nr 1200 16     0    0.54      33       4      77       4     0.9      33       4      77       4     0.9
partit-nr 1200 16     0    0.19      11       1      22       1     0.9      11       1      22       1     0.9
partit-nr 1200 16     0    0.24      14       1      25       1     1.0      14       1      25       1     1.0
partit-nr 1200 16     0    0.29      17       1      28       1     0.9      17       1      28       1     0.9
partit-nr 1200 16     0    0.47      29       3      62       3     0.9      29       3      62       3     0.9
partit-nr 1200 16     0    0.30      18       1      29       1     0.9      18       1      29       1     0.9
partit-nr 1400 4     0    1.73      81      15     276      15     0.9      81      15     276      15     0.9
partit-nr 1400 4     0    0.43      20       2      46       2     0.9      20       2      46       2     0.9
partit-nr 1400 4     0    0.50      23       2      49       2     1.0      23       2      49       2     1.0
partit-nr 1400 4     0    1.41      66       7     157       7     0.9      66       7     157       7     0.9
partit-nr 1400 4     0    0.94      44       6     122       6     0.9      44       6     122       6     0.9
partit-nr 1400 4     0    1.54      72      11     215      11     0.9      72      11     215      11     0.9
partit-nr 1400 4     0    1.86      87      16     295      16     0.8      87      16     295      16     0.8
partit-nr 1400 4     0    2.14     100      17     321      17     0.8     100      17     321      17     0.8
partit-nr 1400 4     0    0.41      19       1      32       1     1.1      19       1      32       1     1.1
partit-nr 1400 4     0    1.28      60       7     151       7     0.9      60       7     151       7     0.9
partit-nr 1400 4     0    0.60      28       3      67       3     0.9      28       3      67       3     0.9
partit-nr 1400 4     0    4.25     199      38     693      38     0.8     199      38     693      38     0.8
partit-nr 1400 4     0    2.56     120      21     393      21     0.8     120      21     393      21     0.8
partit-nr 1400 4     0    0.86      40       4      92       4     0.9      40       4      92       4     0.9
partit-nr 1400 4     0    0.39      18       1      31       1     1.0      18       1      31       1     1.0
partit-nr 1400 4     0    1.20      56       8     160       8     0.9      56       8     160       8     0.9
partit-nr 1400 4     0    0.99      46       6     124       6     0.9      46       6     124       6     0.9
partit-nr 1400 4     0    0.30      14       0      14       0     1.1      14       0      14       0     1.1
partit-nr 1400 4     0    2.97     139      25     464      25     0.8     139      25     464      25     0.8
partit-nr 1400 4     0    0.56      26       2      52       2     1.0      26       2      52       2     1.0
partit-nr 1400 4     0    2.01      94      15     289      15     0.9      94      15     289      15     0.9
partit-nr 1400 4     0    0.71      33       2      59       2     1.0      33       2      59       2     1.0
partit-nr 1400 4     0    2.03      95      15     290      15     0.9      95      15     290      15     0.9
partit-nr 1400 4     0    1.16      54       9     171       9     0.9      54       9     171       9     0.9
partit-nr 1400 4     0    1.67      78      16     286      16     0.8      78      16     286      16     0.8
partit-nr 1400 4     0    0.73      34       4      86       4     0.9      34       4      86       4     0.9
partit-nr 1400 4     0    1.11      52      10     182      10     0.8      52      10     182      10     0.8
partit-nr 1400 4     0    3.06     143      25     468      25     0.9     143      25     468      25     0.9
partit-nr 1400 4     0    2.61     122      22     408      22     0.9     122      22     408      22     0.9
partit-nr 1400 4     0    4.74     222      41     755      41     0.8     222      41     755      41     0.8
partit-nr 1400 8     0    0.56      26       3      65       3     0.9      26       3      65       3     0.9
partit-nr 1400 8     0    2.65     124      24     436      24     0.8     124      24     436      24     0.8
partit-nr 1400 8     0    2.33     109      20     369      20     0.9     109      20     369      20     0.9
partit-nr 1400 8     0    0.93      43       7     134       7     0.9      43       7     134       7     0.9
partit-nr 1400 8     0    1.76      82      12     238      12     0.9      82      12     238      12     0.9
partit-nr 1400 8     0    0.48      22       1      35       1     1.0      22       1      35       1     1.0
partit-nr 1400 8     0    0.71      33       3      72       3     0.9      33       3      72       3     0.9
partit-nr 1400 8     0    2.08      97      18     331      18     0.8      97      18     331      18     0.8
partit-nr 1400 8     0    1.05      49       6     127       6     0.9      49       6     127       6     0.9
partit-nr 1400 8     0    1.87      87      17     308      17     0.8      87      17     308      17     0.8
partit-nr 1400 8     0    0.35      16       2      42       2     0.9      16       2      42       2     0.9
partit-nr 1400 8     0    0.52      24       5      89       5     0.8      24       5      89       5     0.8
partit-nr 1400 8     0    1.14      53       8     157       8     0.9      53       8     157       8     0.9
partit-nr 1400 8     0    1.31      61       9     178       9     0.9      61       9     178       9     0.9
partit-nr 1400 8     0    0.54      25       4      77       4     0.9      25       4      77       4     0.9
partit-nr 1400 8     0    1.12      52       9     169       9     0.8      52       9     169       9     0.8
partit-nr 1400 8     0    0.46      21       1      34       1     1.0      21       1      34       1     1.0
partit-nr 1400 8     0    1.80      84      12     240      12     0.9      84      12     240      12     0.9
partit-nr 1400 8     0    0.29      13       1      26       1     0.9      13       1      26       1     0.9
partit-nr 1400 8     0    0.48      22       1      35       1     1.0      22       1      35       1     1.0
partit-nr 1400 8     0    0.46      21       1      34       1     1.0      21       1      34       1     1.0
partit-nr 1400 8     0    1.10      51       2      77       2     1.0      51       2      77       2     1.0
partit-nr 1400 8     0    0.35      16       1      29       1     1.1      16       1      29       1     1.1
partit-nr 1400 8     0    1.99      93      13     262      13     0.9      93      13     262      13     0.9
partit-nr 1400 8     0    1.27      59      10     189      10     0.9      59      10     189      10     0.9
partit-nr 1400 8     0    1.07      50       8     154       8     0.8      50       8     154       8     0.8
partit-nr 1400 8     0    0.52      24       2      50       2     1.0      24       2      50       2     1.0
partit-nr 1400 8     0    1.46      68      12     224      12     0.8      68      12     224      12     0.8
partit-nr 1400 8     0    0.37      17       1      30       1     1.0      17       1      30       1     1.0
partit-nr 1400 8     0    1.50      70      12     226      12     0.9      70      12     226      12     0.9
partit-nr 1400 16     0    0.59      27       1      40       1     1.0      27       1      40       1     1.0
partit-nr 1400 16     0    0.42      19       3      58       3     0.8      19       3      58       3     0.8
partit-nr 1400 16     0    0.40      18       3      57       3     0.9      18       3      57       3     0.9
partit-nr 1400 16     0    0.49      22       1      35       1     1.0      22       1      35       1     1.0
partit-nr 1400 16     0    0.61      28       2      54       2     1.0      28       2      54       2     1.0
partit-nr 1400 16     0    1.45      67      12     223      12     0.9      67      12     223      12     0.9
partit-nr 1400 16     0    0.43      19       3      58       3     0.9      19       3      58       3     0.9
partit-nr 1400 16     0    1.13      52      10     182      10     0.8      52      10     182      10     0.8
partit-nr 1400 16     0    0.42      19       1      32       1     1.1      19       1      32       1     1.1
partit-nr 1400 16     0    0.79      36       5     101       5     0.9      36       5     101       5     0.9
partit-nr 1400 16     0    0.57      26       4      78       4     0.9      26       4      78       4     0.9
partit-nr 1400 16     0    1.11      51       8     155       8     0.9      51       8     155       8     0.9
partit-nr 1400 16     0    0.70      32       2      58       2     1.0      32       2      58       2     1.0
partit-nr 1400 16     0    0.32      14       1      27       1     0.9      14       1      27       1     0.9
partit-nr 1400 16     0    0.41      18       2      44       2     0.9      18       2      44       2     0.9
partit-nr 1400 16     0    0.47      21       1      34       1     1.0      21       1      34       1     1.0
partit-nr 1400 16     0    0.49      22       4      74       4     0.8      22       4      74       4     0.8
partit-nr 1400 16     0    0.30      13       1      26       1     1.1      13       1      26       1     1.1
partit-nr 1400 16     0    1.25      58      12     214      12     0.8      58      12     214      12     0.8
partit-nr 1400 16     0    0.87      40       6     118       6     0.9      40       6     118       6     0.9
partit-nr 1400 16     0    0.74      34       3      73       3     1.0      34       3      73       3     1.0
partit-nr 1400 16     0    0.40      18       1      31       1     1.1      18       1      31       1     1.1
partit-nr 1400 16     0    0.59      27       4      79       4     0.9      27       4      79       4     0.9
partit-nr 1400 16     0    0.64      29       3      68       3     1.0      29       3      68       3     1.0
partit-nr 1400 16     0    0.49      22       4      74       4     0.9      22       4      74       4     0.9
partit-nr 1400 16     0    0.83      38       3      77       3     0.9      38       3      77       3     0.9
partit-nr 1400 16     0    0.28      12       1      25       1     0.9      12       1      25       1     0.9
partit-nr 1400 16     0    0.25      11       1      24       1     1.0      11       1      24       1     1.0
partit-nr 1400 16     0    0.25      11       1      24       1     0.9      11       1      24       1     0.9
partit-nr 1400 16     0    0.59      27       3      66       3     1.0      27       3      66       3     1.0
partit-nr 1600 4     0    3.29     118      21     433      21     0.8     118      21     433      21     0.8
partit-nr 1600 4     0    3.04     109      19     394      19     0.9     109      19     394      19     0.9
partit-nr 1600 4     0    1.20      43       5     118       5     1.0      43       5     118       5     1.0
partit-nr 1600 4     0    0.92      33       2      63       2     1.0      33       2      63       2     1.0
partit-nr 1600 4     0    2.04      73      13     268      13     0.8      73      13     268      13     0.8
partit-nr 1600 4     0    4.52     162      29     597      29     0.8     162      29     597      29     0.8
partit-nr 1600 4     0    6.38     229      43     874      43     0.8     229      43     874      43     0.8
partit-nr 1600 4     0    1.06      38       7     143       7     0.8      38       7     143       7     0.8
partit-nr 1600 4     0    0.53      19       1      34       1     0.9      19       1      34       1     0.9
partit-nr 1600 4     0    0.56      20       4      80       4     0.8      20       4      80       4     0.8
partit-nr 1600 4     0    2.06      74      10     224      10     0.9      74      10     224      10     0.9
partit-nr 1600 4     0    5.07     182      33     677      33     0.9     182      33     677      33     0.9
partit-nr 1600 4     0    1.09      39       4      99       4     0.9      39       4      99       4     0.9
partit-nr 1600 4     0    1.17      42       4     102       4     0.9      42       4     102       4     0.9
partit-nr 1600 4     0    1.09      39       6     129       6     0.9      39       6     129       6     0.9
partit-nr 1600 4     0    1.68      60      10     210      10     0.9      60      10     210      10     0.9
partit-nr 1600 4     0    5.32     191      34     701      34     0.8     191      34     701      34     0.8
partit-nr 1600 4     0    1.12      40       8     160       8     0.8      40       8     160       8     0.8
partit-nr 1600 4     0    1.79      64      11     229      11     0.9      64      11     229      11     0.9
partit-nr 1600 4     0    1.51      54       8     174       8     0.9      54       8     174       8     0.9
partit-nr 1600 4     0    2.18      78      10     228      10     0.9      78      10     228      10     0.9
partit-nr 1600 4     0    2.90     104      18     374      18     0.8     104      18     374      18     0.8
partit-nr 1600 4     0    1.37      49       8     169       8     0.8      49       8     169       8     0.8
partit-nr 1600 4     0    1.62      58       7     163       7     0.9      58       7     163       7     0.9
partit-nr 1600 4     0    1.31      47       7     152       7     0.9      47       7     152       7     0.9
partit-nr 1600 4     0    4.91     176      35     701      35     0.8     176      35     701      35     0.8
partit-nr 1600 4     0    0.31      11       1      26       1     1.0      11       1      26       1     1.0
partit-nr 1600 4     0    3.21     115      21     430      21     0.8     115      21     430      21     0.8
partit-nr 1600 4     0    2.96     106      17     361      17     0.9     106      17     361      17     0.9
partit-nr 1600 4     0    1.62      58       7     163       7     0.9      58       7     163       7     0.9
partit-nr 1600 8     0    0.98      35       2      65       2     0.9      35       2      65       2     0.9
partit-nr 1600 8     0    0.57      20       2      50       2     0.9      20       2      50       2     0.9
partit-nr 1600 8     0    0.26       9       1      24       1     0.9       9       1      24       1     0.9
partit-nr 1600 8     0    1.26      45       7     150       7     0.9      45       7     150       7     0.9
partit-nr 1600 8     0    1.15      41       7     146       7     0.9      41       7     146       7     0.9
partit-nr 1600 8     0    0.90      32       1      47       1     1.0      32       1      47       1     1.0
partit-nr 1600 8     0    0.57      20       3      65       3     0.8      20       3      65       3     0.8
partit-nr 1600 8     0    0.87      31       2      61       2     1.0      31       2      61       2     1.0
partit-nr 1600 8     0    1.12      40       6     130       6     0.9      40       6     130       6     0.9
partit-nr 1600 8     0    3.71     133      26     523      26     0.8     133      26     523      26     0.8
partit-nr 1600 8     0    1.18      42       3      87       3     1.0      42       3      87       3     1.0
partit-nr 1600 8     0    0.46      16       2      46       2     0.9      16       2      46       2     0.9
partit-nr 1600 8     0    1.68      60       9     195       9     0.9      60       9     195       9     0.9
partit-nr 1600 8     0    0.59      21       4      81       4     0.8      21       4      81       4     0.8
partit-nr 1600 8     0    0.65      23       2      53       2     1.0      23       2      53       2     1.0
partit-nr 1600 8     0    1.26      45       4     105       4     1.0      45       4     105       4     1.0
partit-nr 1600 8     0    1.07      38       6     128       6     0.9      38       6     128       6     0.9
partit-nr 1600 8     0    2.10      75      13     270      13     0.8      75      13     270      13     0.8
partit-nr 1600 8     0    2.35      84      17     339      17     0.8      84      17     339      17     0.8
partit-nr 1600 8     0    0.65      23       3      68       3     0.9      23       3      68       3     0.9
partit-nr 1600 8     0    2.10      75      12     255      12     0.8      75      12     255      12     0.8
partit-nr 1600 8     0    0.57      20       1      35       1     1.1      20       1      35       1     1.1
partit-nr 1600 8     0    0.62      22       1      37       1     1.1      22       1      37       1     1.1
partit-nr 1600 8     0    0.54      19       2      49       2     0.9      19       2      49       2     0.9
partit-nr 1600 8     0    0.93      33       3      78       3     1.0      33       3      78       3     1.0
partit-nr 1600 8     0    0.45      16       0      16       0     1.0      16       0      16       0     1.0
partit-nr 1600 8     0    0.82      29       4      89       4     0.9      29       4      89       4     0.9
partit-nr 1600 8     0    1.26      45       9     180       9     0.8      45       9     180       9     0.8
partit-nr 1600 8     0    0.73      26       1      41       1     1.1      26       1      41       1     1.1
partit-nr 1600 8     0    0.98      35       4      95       4     1.0      35       4      95       4     1.0
partit-nr 1600 16     0    0.38      13       2      43       2     0.8      13       2      43       2     0.8
partit-nr 1600 16     0    1.08      38       5     113       5     0.9      38       5     113       5     0.9
partit-nr 1600 16     0    1.38      49       8     169       8     0.9      49       8     169       8     0.9
partit-nr 1600 16     0    1.08      38       5     113       5     1.0      38       5     113       5     1.0
partit-nr 1600 16     0    0.63      22       1      37       1     1.0      22       1      37       1     1.0
partit-nr 1600 16     0    1.02      36       4      96       4     0.9      36       4      96       4     0.9
partit-nr 1600 16     0    0.30      10       0      10       0     1.1      10       0      10       0     1.1
partit-nr 1600 16     0    1.50      53       8     173       8     0.9      53       8     173       8     0.9
partit-nr 1600 16     0    0.80      28       4      88       4     0.9      28       4      88       4     0.9
partit-nr 1600 16     0    0.35      12       1      27       1     0.9      12       1      27       1     0.9
partit-nr 1600 16     0    1.05      37       5     112       5     0.9      37       5     112       5     0.9
partit-nr 1600 16     0    0.58      20       4      80       4     0.8      20       4      80       4     0.8
partit-nr 1600 16     0    0.72      25       1      40       1     1.0      25       1      40       1     1.0
partit-nr 1600 16     0    0.86      30       4      90       4     0.9      30       4      90       4     0.9
partit-nr 1600 16     0    1.47      52       6     142       6     1.0      52       6     142       6     1.0
partit-nr 1600 16     0    1.08      38       6     128       6     0.8      38       6     128       6     0.8
partit-nr 1600 16     0    0.86      30       4      90       4     0.9      30       4      90       4     0.9
partit-nr 1600 16     0    0.30      10       1      25       1     0.9      10       1      25       1     0.9
partit-nr 1600 16     0    0.99      35       6     125       6     0.9      35       6     125       6     0.9
partit-nr 1600 16     0    1.25      44       4     104       4     1.0      44       4     104       4     1.0
partit-nr 1600 16     0    0.38      13       2      43       2     0.8      13       2      43       2     0.8
partit-nr 1600 16     0    0.94      33       5     108       5     0.9      33       5     108       5     0.9
partit-nr 1600 16     0    0.60      21       2      51       2     1.0      21       2      51       2     1.0
partit-nr 1600 16     0    2.44      87      14     297      14     0.9      87      14     297      14     0.9
partit-nr 1600 16     0    1.77      63      10     213      10     0.9      63      10     213      10     0.9
partit-nr 1600 16     0    0.41      14       1      29       1     0.9      14       1      29       1     0.9
partit-nr 1600 16     0    0.49      17       3      62       3     0.9      17       3      62       3     0.9
partit-nr 1600 16     0    1.77      63      10     213      10     0.9      63      10     213      10     0.9
partit-nr 1600 16     0    0.91      32       5     107       5     0.9      32       5     107       5     0.9
partit-nr 1600 16     0    0.71      25       2      55       2     1.0      25       2      55       2     1.0
partit-nr 1800 4     0    2.54      72       7     191       7     1.0      72       7     191       7     1.0
partit-nr 1800 4     0    1.20      34       4     102       4     0.9      34       4     102       4     0.9
partit-nr 1800 4     0    3.00      85      17     374      17     0.8      85      17     374      17     0.8
partit-nr 1800 4     0    0.78      22       3      73       3     0.9      22       3      73       3     0.9
partit-nr 1800 4     0    0.60      17       2      51       2     0.9      17       2      51       2     0.9
partit-nr 1800 4     0    2.33      66      12     270      12     0.8      66      12     270      12     0.8
partit-nr 1800 4     0    2.51      71       9     224       9     0.9      71       9     224       9     0.9
partit-nr 1800 4     0    6.63     188      30     698      30     0.9     188      30     698      30     0.9
partit-nr 1800 4     0    1.91      54      10     224      10     0.8      54      10     224      10     0.8
partit-nr 1800 4     0    3.39      96      13     317      13     0.9      96      13     317      13     0.9
partit-nr 1800 4     0    0.89      25       3      76       3     0.9      25       3      76       3     0.9
partit-nr 1800 4     0    1.10      31       2      65       2     1.0      31       2      65       2     1.0
partit-nr 1800 4     0   13.22     375      67    1514      67     0.8     375      67    1514      67     0.8
partit-nr 1800 4     0    3.42      97      16     369      16     0.9      97      16     369      16     0.9
partit-nr 1800 4     0    0.99      28       3      79       3     0.9      28       3      79       3     0.9
partit-nr 1800 4     0    5.68     161      27     620      27     0.9     161      27     620      27     0.9
partit-nr 1800 4     0    0.53      15       1      32       1     1.0      15       1      32       1     1.0
partit-nr 1800 4     0    6.10     173      33     734      33     0.8     173      33     734      33     0.8
partit-nr 1800 4     0    0.50      14       1      31       1     0.9      14       1      31       1     0.9
partit-nr 1800 4     0    2.30      65       9     218       9     0.9      65       9     218       9     0.9
partit-nr 1800 4     0    2.23      63      10     233      10     0.9      63      10     233      10     0.9
partit-nr 1800 4     0    2.26      64       8     200       8     0.9      64       8     200       8     0.9
partit-nr 1800 4     0    1.73      49      11     236      11     0.8      49      11     236      11     0.8
partit-nr 1800 4     0    0.92      26       4      94       4     0.8      26       4      94       4     0.8
partit-nr 1800 4     0    0.68      19       2      53       2     0.9      19       2      53       2     0.9
partit-nr 1800 4     0    0.46      13       1      30       1     1.0      13       1      30       1     1.0
partit-nr 1800 4     0    5.61     159      27     618      27     0.9     159      27     618      27     0.9
partit-nr 1800 4     0    2.54      72      12     276      12     0.8      72      12     276      12     0.8
partit-nr 1800 4     0    8.39     238      45    1003      45     0.8     238      45    1003      45     0.8
partit-nr 1800 4     0    2.08      59      11     246      11     0.8      59      11     246      11     0.8
partit-nr 1800 8     0    0.96      27       2      61       2     1.0      27       2      61       2     1.0
partit-nr 1800 8     0    2.62      74      10     244      10     0.9      74      10     244      10     0.9
partit-nr 1800 8     0    1.52      43       6     145       6     0.9      43       6     145       6     0.9
partit-nr 1800 8     0    1.31      37       4     105       4     0.9      37       4     105       4     0.9
partit-nr 1800 8     0    1.10      31       5     116       5     0.8      31       5     116       5     0.8
partit-nr 1800 8     0    1.77      50       7     169       7     0.9      50       7     169       7     0.9
partit-nr 1800 8     0    3.22      91      16     363      16     0.8      91      16     363      16     0.8
partit-nr 1800 8     0    0.29       8       0       8       0     1.0       8       0       8       0     1.0
partit-nr 1800 8     0    1.07      30       2      64       2     1.0      30       2      64       2     1.0
partit-nr 1800 8     0    1.14      32       6     134       6     0.8      32       6     134       6     0.8
partit-nr 1800 8     0    2.16      61       8     197       8     0.9      61       8     197       8     0.9
partit-nr 1800 8     0    0.89      25       2      59       2     1.0      25       2      59       2     1.0
partit-nr 1800 8     0    0.33       9       1      26       1     0.9       9       1      26       1     0.9
partit-nr 1800 8     0    1.10      31       2      65       2     1.0      31       2      65       2     1.0
partit-nr 1800 8     0    1.38      39       3      90       3     1.0      39       3      90       3     1.0
partit-nr 1800 8     0    2.05      58       9     211       9     0.9      58       9     211       9     0.9
partit-nr 1800 8     0    1.21      34       7     153       7     0.9      34       7     153       7     0.9
partit-nr 1800 8     0    1.03      29       1      46       1     1.0      29       1      46       1     1.0
partit-nr 1800 8     0    1.42      40       5     125       5     0.9      40       5     125       5     0.9
partit-nr 1800 8     0    1.98      56       5     141       5     1.0      56       5     141       5     1.0
partit-nr 1800 8     0    3.11      88      16     360      16     0.8      88      16     360      16     0.8
partit-nr 1800 8     0    2.16      61       8     197       8     0.9      61       8     197       8     0.9
partit-nr 1800 8     0    2.79      79      13     300      13     0.8      79      13     300      13     0.8
partit-nr 1800 8     0    1.14      32       5     117       5     0.8      32       5     117       5     0.8
partit-nr 1800 8     0    3.50      99      17     388      17     0.8      99      17     388      17     0.8
partit-nr 1800 8     0    1.21      34       4     102       4     0.9      34       4     102       4     0.9
partit-nr 1800 8     0    1.46      41       6     143       6     0.9      41       6     143       6     0.9
partit-nr 1800 8     0    1.81      51       5     136       5     1.0      51       5     136       5     1.0
partit-nr 1800 8     0    0.93      26       3      77       3     0.9      26       3      77       3     0.9
partit-nr 1800 8     0    1.28      36       4     104       4     0.9      36       4     104       4     0.9
partit-nr 1800 16     0    1.50      42       7     161       7     0.9      42       7     161       7     0.9
partit-nr 1800 16     0    0.69      19       2      53       2     0.9      19       2      53       2     0.9
partit-nr 1800 16     0    1.50      42       5     127       5     0.9      42       5     127       5     0.9
partit-nr 1800 16     0    1.29      36       5     121       5     0.9      36       5     121       5     0.9
partit-nr 1800 16     0    0.90      25       2      59       2     0.9      25       2      59       2     0.9
partit-nr 1800 16     0    0.58      16       1      33       1     1.1      16       1      33       1     1.1
partit-nr 1800 16     0    1.11      31       2      65       2     1.0      31       2      65       2     1.0
partit-nr 1800 16     0    1.61      45       8     181       8     0.8      45       8     181       8     0.8
partit-nr 1800 16     0    0.80      22       4      90       4     0.8      22       4      90       4     0.8
partit-nr 1800 16     0    1.04      29       5     114       5     0.8      29       5     114       5     0.8
partit-nr 1800 16     0    1.43      40       6     142       6     0.8      40       6     142       6     0.8
partit-nr 1800 16     0    1.68      47       9     200       9     0.8      47       9     200       9     0.8
partit-nr 1800 16     0    2.10      59      11     246      11     0.8      59      11     246      11     0.8
partit-nr 1800 16     0    0.41      11       1      28       1     0.9      11       1      28       1     0.9
partit-nr 1800 16     0    0.69      19       1      36       1     1.0      19       1      36       1     1.0
partit-nr 1800 16     0    0.51      14       2      48       2     0.9      14       2      48       2     0.9
partit-nr 1800 16     0    0.87      24       1      41       1     1.0      24       1      41       1     1.0
partit-nr 1800 16     0    1.71      48       5     133       5     0.9      48       5     133       5     0.9
partit-nr 1800 16     0    0.90      25       1      42       1     1.0      25       1      42       1     1.0
partit-nr 1800 16     0    2.06      58      11     245      11     0.8      58      11     245      11     0.8
partit-nr 1800 16     0    0.97      27       4      95       4     0.9      27       4      95       4     0.9
partit-nr 1800 16     0    3.02      85      13     306      13     0.9      85      13     306      13     0.9
partit-nr 1800 16     0    1.25      35       5     120       5     0.9      35       5     120       5     0.9
partit-nr 1800 16     0    2.84      80      13     301      13     0.8      80      13     301      13     0.8
partit-nr 1800 16     0    0.94      26       3      77       3     1.0      26       3      77       3     1.0
partit-nr 1800 16     0    0.69      19       1      36       1     1.0      19       1      36       1     1.0
partit-nr 1800 16     0    0.72      20       1      37       1     0.9      20       1      37       1     0.9
partit-nr 1800 16     0    1.68      47       5     132       5     0.9      47       5     132       5     0.9
partit-nr 1800 16     0    1.75      49       7     168       7     0.9      49       7     168       7     0.9
partit-nr 1800 16     0    0.48      13       2      47       2     0.8      13       2      47       2     0.8
partit-nr 2000 4     0    0.83      19       3      76       3     0.8      19       3      76       3     0.8
partit-nr 2000 4     0    4.88     112      16     416      16     0.9     112      16     416      16     0.9
partit-nr 2000 4     0    4.27      98      18     440      18     0.8      98      18     440      18     0.8
partit-nr 2000 4     0    1.35      31       3      88       3     0.9      31       3      88       3     0.9
partit-nr 2000 4     0    1.75      40       5     135       5     0.9      40       5     135       5     0.9
partit-nr 2000 4     0    3.05      70      14     336      14     0.9      70      14     336      14     0.9
partit-nr 2000 4     0    0.83      19       1      38       1     1.0      19       1      38       1     1.0
partit-nr 2000 4     0    2.22      51       6     165       6     0.9      51       6     165       6     0.9
partit-nr 2000 4     0    4.09      94      18     436      18     0.9      94      18     436      18     0.9
partit-nr 2000 4     0    8.79     202      38     924      38     0.8     202      38     924      38     0.8
partit-nr 2000 4     0    6.62     152      22     570      22     0.9     152      22     570      22     0.9
partit-nr 2000 4     0    1.48      34       4     110       4     1.0      34       4     110       4     1.0
partit-nr 2000 4     0    2.22      51       5     146       5     1.0      51       5     146       5     1.0
partit-nr 2000 4     0    2.66      61      11     270      11     0.9      61      11     270      11     0.9
partit-nr 2000 4     0    3.88      89      12     317      12     0.9      89      12     317      12     0.9
partit-nr 2000 4     0    2.92      67       9     238       9     0.9      67       9     238       9     0.9
partit-nr 2000 4     0    4.44     102      15     387      15     0.9     102      15     387      15     0.9
partit-nr 2000 4     0    2.92      67      12     295      12     0.9      67      12     295      12     0.9
partit-nr 2000 4     0    2.05      47       7     180       7     0.9      47       7     180       7     0.9
partit-nr 2000 4     0    6.53     150      26     644      26     0.9     150      26     644      26     0.9
partit-nr 2000 4     0    2.31      53       7     186       7     0.9      53       7     186       7     0.9
partit-nr 2000 4     0    2.05      47       6     161       6     1.0      47       6     161       6     1.0
partit-nr 2000 4     0    2.14      49       3     106       3     1.0      49       3     106       3     1.0
partit-nr 2000 4     0    2.88      66       9     237       9     0.9      66       9     237       9     0.9
partit-nr 2000 4     0    1.27      29       4     105       4     0.9      29       4     105       4     0.9
partit-nr 2000 4     0    0.79      18       1      37       1     0.9      18       1      37       1     0.9
partit-nr 2000 4     0    2.53      58       9     229       9     0.9      58       9     229       9     0.9
partit-nr 2000 4     0    3.09      71      10     261      10     0.9      71      10     261      10     0.9
partit-nr 2000 4     0    2.48      57       7     190       7     0.9      57       7     190       7     0.9
partit-nr 2000 4     0    1.18      27       3      84       3     0.9      27       3      84       3     0.9
partit-nr 2000 8     0    0.53      12       1      31       1     1.1      12       1      31       1     1.1
partit-nr 2000 8     0    0.57      13       2      51       2     0.8      13       2      51       2     0.8
partit-nr 2000 8     0    1.53      35       1      54       1     1.0      35       1      54       1     1.0
partit-nr 2000 8     0    2.53      58       6     172       6     1.0      58       6     172       6     1.0
partit-nr 2000 8     0    2.44      56       7     189       7     0.9      56       7     189       7     0.9
partit-nr 2000 8     0    4.45     102      13     349      13     0.9     102      13     349      13     0.9
partit-nr 2000 8     0    0.57      13       1      32       1     1.0      13       1      32       1     1.0
partit-nr 2000 8     0    0.92      21       3      78       3     0.9      21       3      78       3     0.9
partit-nr 2000 8     0    3.01      69       9     240       9     0.9      69       9     240       9     0.9
partit-nr 2000 8     0    0.66      15       1      34       1     0.9      15       1      34       1     0.9
partit-nr 2000 8     0    3.06      70      11     279      11     0.9      70      11     279      11     0.9
partit-nr 2000 8     0    2.45      56       9     227       9     0.9      56       9     227       9     0.9
partit-nr 2000 8     0    4.14      95      14     361      14     0.9      95      14     361      14     0.9
partit-nr 2000 8     0    4.88     112      17     435      17     0.9     112      17     435      17     0.9
partit-nr 2000 8     0    0.92      21       1      40       1     1.0      21       1      40       1     1.0
partit-nr 2000 8     0    1.14      26       1      45       1     1.0      26       1      45       1     1.0
partit-nr 2000 8     0    1.40      32       4     108       4     0.9      32       4     108       4     0.9
partit-nr 2000 8     0    1.84      42       4     118       4     0.9      42       4     118       4     0.9
partit-nr 2000 8     0    6.32     145      25     620      25     0.9     145      25     620      25     0.9
partit-nr 2000 8     0    0.27       6       1      25       1     1.0       6       1      25       1     1.0
partit-nr 2000 8     0    3.49      80       9     251       9     0.9      80       9     251       9     0.9
partit-nr 2000 8     0    0.75      17       2      55       2     0.9      17       2      55       2     0.9
partit-nr 2000 8     0    1.58      36       5     131       5     0.9      36       5     131       5     0.9
partit-nr 2000 8     0    1.01      23       3      80       3     0.9      23       3      80       3     0.9
partit-nr 2000 8     0    1.79      41       3      98       3     0.9      41       3      98       3     0.9
partit-nr 2000 8     0    5.97     137      22     555      22     0.9     137      22     555      22     0.9
partit-nr 2000 8     0    3.36      77      11     286      11     0.9      77      11     286      11     0.9
partit-nr 2000 8     0    2.45      56       8     208       8     0.9      56       8     208       8     0.9
partit-nr 2000 8     0    2.06      47       8     199       8     0.9      47       8     199       8     0.9
partit-nr 2000 8     0    3.71      85       9     256       9     1.0      85       9     256       9     1.0
partit-nr 2000 16     0    3.02      69       9     240       9     0.9      69       9     240       9     0.9
partit-nr 2000 16     0    2.33      53       7     186       7     0.9      53       7     186       7     0.9
partit-nr 2000 16     0    1.93      44       7     177       7     0.9      44       7     177       7     0.9
partit-nr 2000 16     0    1.50      34       5     129       5     0.9      34       5     129       5     0.9
partit-nr 2000 16     0    1.24      28       2      66       2     1.1      28       2      66       2     1.1
partit-nr 2000 16     0    1.50      34       5     129       5     0.9      34       5     129       5     0.9
partit-nr 2000 16     0    1.63      37       4     113       4     1.0      37       4     113       4     1.0
partit-nr 2000 16     0    0.93      21       2      59       2     1.0      21       2      59       2     1.0
partit-nr 2000 16     0    1.46      33       4     109       4     0.9      33       4     109       4     0.9
partit-nr 2000 16     0    0.54      12       1      31       1     0.9      12       1      31       1     0.9
partit-nr 2000 16     0    1.63      37       5     132       5     0.9      37       5     132       5     0.9
partit-nr 2000 16     0    1.19      27       4     103       4     0.9      27       4     103       4     0.9
partit-nr 2000 16     0    0.93      21       1      40       1     1.0      21       1      40       1     1.0
partit-nr 2000 16     0    3.63      83      14     349      14     0.8      83      14     349      14     0.8
partit-nr 2000 16     0    1.33      30       5     125       5     0.9      30       5     125       5     0.9
partit-nr 2000 16     0    2.85      65      10     255      10     0.9      65      10     255      10     0.9
partit-nr 2000 16     0    1.15      26       3      83       3     0.9      26       3      83       3     0.9
partit-nr 2000 16     0    1.11      25       1      44       1     1.0      25       1      44       1     1.0
partit-nr 2000 16     0    1.32      30       2      68       2     1.1      30       2      68       2     1.1
partit-nr 2000 16     0    1.02      23       1      42       1     1.1      23       1      42       1     1.1
partit-nr 2000 16     0    1.41      32       2      70       2     1.0      32       2      70       2     1.0
partit-nr 2000 16     0    2.80      64       5     159       5     1.0      64       5     159       5     1.0
partit-nr 2000 16     0    1.80      41       6     155       6     0.9      41       6     155       6     0.9
partit-nr 2000 16     0    0.85      19       2      57       2     1.0      19       2      57       2     1.0
partit-nr 2000 16     0    0.85      19       2      57       2     0.9      19       2      57       2     0.9
partit-nr 2000 16     0    1.28      29       3      86       3     0.9      29       3      86       3     0.9
partit-nr 2000 16     0    0.76      17       2      55       2     0.9      17       2      55       2     0.9
partit-nr 2000 16     0    1.41      32       6     146       6     0.9      32       6     146       6     0.9
partit-nr 2000 16     0    2.63      60       8     212       8     0.9      60       8     212       8     0.9
partit-nr 2000 16     0    1.46      33       3      90       3     1.1      33       3      90       3     1.1
