partit-nr 1200 1     0    1.50      95      16     271      16     0.8      95      16     271      16     0.8
partit-nr 1200 1     0    5.32     339      67    1076      67     0.8     339      67    1076      67     0.8
partit-nr 1200 1     0    3.32     211      39     640      39     0.8     211      39     640      39     0.8
partit-nr 1200 1     0    0.87      55       9     154       9     0.9      55       9     154       9     0.9
partit-nr 1200 1     0    2.03     129      25     404      25     0.8     129      25     404      25     0.8
partit-nr 1200 1     0    3.11     198      34     572      34     0.8     198      34     572      34     0.8
partit-nr 1200 1     0    4.84     308      61     979      61     0.8     308      61     979      61     0.8
partit-nr 1200 1     0   19.35    1234     258    4072     258     0.8    1234     258    4072     258     0.8
partit-nr 1200 1     0    1.22      77      14     231      14     0.8      77      14     231      14     0.8
partit-nr 1200 1     0    4.07     259      47     776      47     0.8     259      47     776      47     0.8
partit-nr 1200 1     0    1.56      99      20     319      20     0.8      99      20     319      20     0.8
partit-nr 1200 1     0    1.70     108      19     317      19     0.9     108      19     317      19     0.9
partit-nr 1200 1     0    0.87      55      10     165      10     0.8      55      10     165      10     0.8
partit-nr 1200 1     0    7.92     505     103    1638     103     0.8     505     103    1638     103     0.8
partit-nr 1200 1     0    8.19     522     108    1710     108     0.8     522     108    1710     108     0.8
partit-nr 1200 1     0    3.21     204      40     644      40     0.8     204      40     644      40     0.8
partit-nr 1200 1     0    5.56     354      69    1113      69     0.8     354      69    1113      69     0.8
partit-nr 1200 1     0    3.05     194      36     590      36     0.8     194      36     590      36     0.8
partit-nr 1200 1     0    6.20     395      79    1264      79     0.8     395      79    1264      79     0.8
partit-nr 1200 1     0    0.54      34       4      78       4     0.9      34       4      78       4     0.9
partit-nr 1200 1     0    1.56      99      16     275      16     0.9      99      16     275      16     0.9
partit-nr 1200 1     0    3.58     228      47     745      47     0.8     228      47     745      47     0.8
partit-nr 1200 1     0    8.19     522     104    1666     104     0.8     522     104    1666     104     0.8
partit-nr 1200 1     0    3.49     222      48     750      48     0.8     222      48     750      48     0.8
partit-nr 1200 1     0    2.00     127      26     413      26     0.8     127      26     413      26     0.8
partit-nr 1200 1     0   10.89     694     140    2234     140     0.8     694     140    2234     140     0.8
partit-nr 1200 1     0    2.77     176      34     550      34     0.8     176      34     550      34     0.8
partit-nr 1200 1     0    2.28     145      29     464      29     0.8     145      29     464      29     0.8
partit-nr 1200 1     0    0.42      26       4      70       4     0.8      26       4      70       4     0.8
partit-nr 1200 1     0    5.28     336      70    1106      70     0.8     336      70    1106      70     0.8
partit-nr 1200 2     0    1.83     116      20     336      20     0.8     116      20     336      20     0.8
partit-nr 1200 2     0    0.32      20       1      31       1     1.1      20       1      31       1     1.1
partit-nr 1200 2     0    0.37      23       3      56       3     0.9      23       3      56       3     0.9
partit-nr 1200 2     0    2.53     161      34     535      34     0.8     161      34     535      34     0.8
partit-nr 1200 2     0    2.55     162      29     481      29     0.8     162      29     481      29     0.8
partit-nr 1200 2     0    3.27     208      42     670      42     0.8     208      42     670      42     0.8
partit-nr 1200 2     0    1.97     125      26     411      26     0.8     125      26     411      26     0.8
partit-nr 1200 2     0    9.51     606     124    1970     124     0.8     606     124    1970     124     0.8
partit-nr 1200 2     0    1.01      64      11     185      11     0.9      64      11     185      11     0.9
partit-nr 1200 2     0    2.14     136      24     400      24     0.8     136      24     400      24     0.8
partit-nr 1200 2     0    3.62     230      49     769      49     0.8     230      49     769      49     0.8
partit-nr 1200 2     0    0.73      46      10     156      10     0.8      46      10     156      10     0.8
partit-nr 1200 2     0    4.62     294      58     932      58     0.8     294      58     932      58     0.8
partit-nr 1200 2     0    1.73     110      25     385      25     0.8     110      25     385      25     0.8
partit-nr 1200 2     0    3.79     241      46     747      46     0.8     241      46     747      46     0.8
partit-nr 1200 2     0    0.32      20       2      42       2     0.9      20       2      42       2     0.9
partit-nr 1200 2     0    0.68      43       8     131       8     0.8      43       8     131       8     0.8
partit-nr 1200 2     0    2.16     137      29     456      29     0.8     137      29     456      29     0.8
partit-nr 1200 2     0    8.05     513     111    1734     111     0.8     513     111    1734     111     0.8
partit-nr 1200 2     0    1.70     108      19     317      19     0.8     108      19     317      19     0.8
partit-nr 1200 2     0    0.75      47       6     113       6     0.9      47       6     113       6     0.9
partit-nr 1200 2     0    2.02     128      26     414      26     0.8     128      26     414      26     0.8
partit-nr 1200 2     0    4.18     266      52     838      52     0.8     266      52     838      52     0.8
partit-nr 1200 2     0    4.15     264      53     847      53     0.8     264      53     847      53     0.8
partit-nr 1200 2     0    1.14      72      15     237      15     0.8      72      15     237      15     0.8
partit-nr 1200 2     0    6.15     392      80    1272      80     0.8     392      80    1272      80     0.8
partit-nr 1200 2     0    2.00     127      24     391      24     0.8     127      24     391      24     0.8
partit-nr 1200 2     0    3.96     252      49     791      49     0.8     252      49     791      49     0.8
partit-nr 1200 2     0    1.26      80      15     245      15     0.8      80      15     245      15     0.8
partit-nr 1200 2     0    1.80     114      25     389      25     0.8     114      25     389      25     0.8
partit-nr 1200 4     0    1.16      73      13     216      13     0.8      73      13     216      13     0.8
partit-nr 1200 4     0    1.36      86      16     262      16     0.8      86      16     262      16     0.8
partit-nr 1200 4     0    0.51      32       4      76       4     0.9      32       4      76       4     0.9
partit-nr 1200 4     0    1.17      74      14     228      14     0.8      74      14     228      14     0.8
partit-nr 1200 4     0    1.99     126      22     368      22     0.8     126      22     368      22     0.8
partit-nr 1200 4     0    0.36      22       4      66       4     0.8      22       4      66       4     0.8
partit-nr 1200 4     0    0.67      42       6     108       6     0.9      42       6     108       6     0.9
partit-nr 1200 4     0    0.81      51      10     161      10     0.8      51      10     161      10     0.8
partit-nr 1200 4     0    0.78      49       7     126       7     0.9      49       7     126       7     0.9
partit-nr 1200 4     0    0.56      35       4      79       4     0.9      35       4      79       4     0.9
partit-nr 1200 4     0    0.75      47       6     113       6     0.9      47       6     113       6     0.9
partit-nr 1200 4     0    1.28      81      19     290      19     0.8      81      19     290      19     0.8
partit-nr 1200 4     0    1.16      73      14     227      14     0.8      73      14     227      14     0.8
partit-nr 1200 4     0    0.42      26       1      37       1     1.0      26       1      37       1     1.0
partit-nr 1200 4     0    0.47      29       2      51       2     1.0      29       2      51       2     1.0
partit-nr 1200 4     0    1.59     101      24     365      24     0.8     101      24     365      24     0.8
partit-nr 1200 4     0    1.09      69      12     201      12     0.8      69      12     201      12     0.8
partit-nr 1200 4     0    0.62      39       8     127       8     0.8      39       8     127       8     0.8
partit-nr 1200 4     0    1.17      74      14     228      14     0.8      74      14     228      14     0.8
partit-nr 1200 4     0    0.89      56       9     155       9     0.9      56       9     155       9     0.9
partit-nr 1200 4     0    1.03      65      11     186      11     0.9      65      11     186      11     0.9
partit-nr 1200 4     0    1.17      74      14     228      14     0.8      74      14     228      14     0.8
partit-nr 1200 4     0    0.61      38       8     126       8     0.8      38       8     126       8     0.8
partit-nr 1200 4     0    0.66      41       6     107       6     0.9      41       6     107       6     0.9
partit-nr 1200 4     0    0.28      17       1      28       1     0.9      17       1      28       1     0.9
partit-nr 1200 4     0    0.92      58      10     168      10     0.8      58      10     168      10     0.8
partit-nr 1200 4     0    0.72      45       8     133       8     0.8      45       8     133       8     0.8
partit-nr 1200 4     0    0.51      32       4      76       4     0.9      32       4      76       4     0.9
partit-nr 1200 4     0    0.80      50       6     116       6     0.9      50       6     116       6     0.9
partit-nr 1200 4     0    3.98     253      49     792      49     0.8     253      49     792      49     0.8
partit-nr 1200 8     0    0.30      18       3      51       3     0.8      18       3      51       3     0.8
partit-nr 1200 8     0    0.71      44       6     110       6     0.9      44       6     110       6     0.9
partit-nr 1200 8     0    1.44      91      15     256      15     0.9      91      15     256      15     0.9
partit-nr 1200 8     0    0.52      32       5      87       5     0.9      32       5      87       5     0.9
partit-nr 1200 8     0    0.68      42       6     108       6     0.9      42       6     108       6     0.9
partit-nr 1200 8     0    0.83      52       8     140       8     0.8      52       8     140       8     0.8
partit-nr 1200 8     0    0.74      46       7     123       7     0.9      46       7     123       7     0.9
partit-nr 1200 8     0    0.94      59      10     169      10     0.8      59      10     169      10     0.8
partit-nr 1200 8     0    1.02      64       9     163       9     0.9      64       9     163       9     0.9
partit-nr 1200 8     0    0.14       8       1      19       1     0.9       8       1      19       1     0.9
partit-nr 1200 8     0    0.49      30       3      63       3     1.0      30       3      63       3     1.0
partit-nr 1200 8     0    0.58      36       5      91       5     0.9      36       5      91       5     0.9
partit-nr 1200 8     0    0.75      47       8     135       8     0.8      47       8     135       8     0.8
partit-nr 1200 8     0    0.11       6       0       6       0     1.0       6       0       6       0     1.0
partit-nr 1200 8     0    0.55      34       6     100       6     0.8      34       6     100       6     0.8
partit-nr 1200 8     0    0.49      30       3      63       3     0.9      30       3      63       3     0.9
partit-nr 1200 8     0    0.30      18       1      29       1     0.9      18       1      29       1     0.9
partit-nr 1200 8     0    0.47      29       3      62       3     0.9      29       3      62       3     0.9
partit-nr 1200 8     0    0.72      45       9     144       9     0.8      45       9     144       9     0.8
partit-nr 1200 8     0    0.46      28       2      50       2     1.0      28       2      50       2     1.0
partit-nr 1200 8     0    0.28      17       1      28       1     0.9      17       1      28       1     0.9
partit-nr 1200 8     0    0.97      61       8     149       8     0.9      61       8     149       8     0.9
partit-nr 1200 8     0    0.74      46       6     112       6     0.9      46       6     112       6     0.9
partit-nr 1200 8     0    0.68      42      10     152      10     0.8      42      10     152      10     0.8
partit-nr 1200 8     0    1.54      97      17     284      17     0.9      97      17     284      17     0.9
partit-nr 1200 8     0    0.69      43       8     131       8     0.8      43       8     131       8     0.8
partit-nr 1200 8     0    0.32      19       3      52       3     0.8      19       3      52       3     0.8
partit-nr 1200 8     0    0.71      44       6     110       6     0.9      44       6     110       6     0.9
partit-nr 1200 8     0    1.38      87      16     263      16     0.8      87      16     263      16     0.8
partit-nr 1200 8     0    0.52      32       4      76       4     0.9      32       4      76       4     0.9
partit-nr 1200 16     0    0.14       7       0       7       0     1.0       7       0       7       0     1.0
partit-nr 1200 16     0    0.37      22       2      44       2     1.0      22       2      44       2     1.0
partit-nr 1200 16     0    0.36      21       3      54       3     1.0      21       3      54       3     1.0
partit-nr 1200 16     0    0.44      26       4      70       4     0.8      26       4      70       4     0.8
partit-nr 1200 16     0    0.39      23       2      45       2     0.9      23       2      45       2     0.9
partit-nr 1200 16     0    0.31      18       2      40       2     1.0      18       2      40       2     1.0
partit-nr 1200 16     0    0.26      15       1      26       1     0.9      15       1      26       1     0.9
partit-nr 1200 16     0    0.14       7       1      18       1     0.9       7       1      18       1     0.9
partit-nr 1200 16     0    0.26      15       1      26       1     1.0      15       1      26       1     1.0
partit-nr 1200 16     0    0.31      18       2      40       2     0.9      18       2      40       2     0.9
partit-nr 1200 16     0    0.58      35       4      79       4     0.9      35       4      79       4     0.9
partit-nr 1200 16     0    0.83      51       8     139       8     0.9      51       8     139       8     0.9
partit-nr 1200 16     0    0.40      24       2      46       2     1.0      24       2      46       2     1.0
partit-nr 1200 16     0    0.97      60      12     192      12     0.8      60      12     192      12     0.8
partit-nr 1200 16     0    0.22      12       1      23       1     1.0      12       1      23       1     1.0
partit-nr 1200 16     0    0.53      32       2      54       2     1.0      32       2      54       2     1.0
partit-nr 1200 16     0    0.66      40       8     128       8     0.8      40       8     128       8     0.8
partit-nr 1200 16     0    0.62      38       5      93       5     0.9      38       5      93       5     0.9
partit-nr 1200 16     0    1.20      75      13     218      13     0.8      75      13     218      13     0.8
partit-nr 1200 16     0    0.50      30       5      85       5     0.9      30       5      85       5     0.9
partit-nr 1200 16     0    0.43      26       4      70       4     0.8      26       4      70       4     0.8
partit-nr 1200 16     0    0.12       6       0       6       0     1.0       6       0       6       0     1.0
partit-nr 1200 16     0    0.06       2       0       2       0     1.0       2       0       2       0     1.0
partit-nr 1200 16     0    0.53      32       4      76       4     0.9      32       4      76       4     0.9
partit-nr 1200 16     0    0.17       9       1      20       1     0.9       9       1      20       1     0.9
partit-nr 1200 16     0    0.67      41       7     118       7     0.9      41       7     118       7     0.9
partit-nr 1200 16     0    0.42      25       5      80       5     0.8      25       5      80       5     0.8
partit-nr 1200 16     0    0.28      16       1      27       1     1.0      16       1      27       1     1.0
partit-nr 1200 16     0    0.25      14       2      36       2     0.9      14       2      36       2     0.9
partit-nr 1200 16     0    0.47      28       3      61       3     0.9      28       3      61       3     0.9
partit-nr 1400 1     0    2.72     127      24     439      24     0.8     127      24     439      24     0.8
partit-nr 1400 1     0   10.18     477      93    1686      93     0.8     477      93    1686      93     0.8
partit-nr 1400 1     0    6.15     288      51     951      51     0.8     288      51     951      51     0.8
partit-nr 1400 1     0    3.06     143      20     403      20     0.9     143      20     403      20     0.9
partit-nr 1400 1     0    1.70      79      12     235      12     0.9      79      12     235      12     0.9
partit-nr 1400 1     0    5.02     235      46     833      46     0.8     235      46     833      46     0.8
partit-nr 1400 1     0    6.20     290      56    1018      56     0.8     290      56    1018      56     0.8
partit-nr 1400 1     0    0.57      26       3      65       3     1.0      26       3      65       3     1.0
partit-nr 1400 1     0    6.09     285      48     909      48     0.8     285      48     909      48     0.8
partit-nr 1400 1     0    5.86     274      48     898      48     0.8     274      48     898      48     0.8
partit-nr 1400 1     0   21.81    1022     206    3700     206     0.8    1022     206    3700     206     0.8
partit-nr 1400 1     0    6.37     298      59    1065      59     0.8     298      59    1065      59     0.8
partit-nr 1400 1     0    8.33     390      77    1391      77     0.8     390      77    1391      77     0.8
partit-nr 1400 1     0    3.15     147      29     524      29     0.8     147      29     524      29     0.8
partit-nr 1400 1     0    3.10     145      26     483      26     0.8     145      26     483      26     0.8
partit-nr 1400 1     0    6.86     321      59    1088      59     0.9     321      59    1088      59     0.9
partit-nr 1400 1     0    8.86     415      77    1416      77     0.8     415      77    1416      77     0.8
partit-nr 1400 1     0    1.87      87      13     256      13     0.9      87      13     256      13     0.9
partit-nr 1400 1     0    1.27      59       9     176       9     0.8      59       9     176       9     0.8
partit-nr 1400 1     0    0.40      18       1      31       1     1.0      18       1      31       1     1.0
partit-nr 1400 1     0    5.13     240      44     812      44     0.8     240      44     812      44     0.8
partit-nr 1400 1     0   13.96     654     129    2331     129     0.8     654     129    2331     129     0.8
partit-nr 1400 1     0    3.70     173      26     511      26     0.9     173      26     511      26     0.9
partit-nr 1400 1     0    4.38     205      36     673      36     0.8     205      36     673      36     0.8
partit-nr 1400 1     0    1.63      76      11     219      11     0.9      76      11     219      11     0.9
partit-nr 1400 1     0    5.09     238      45     823      45     0.8     238      45     823      45     0.8
partit-nr 1400 1     0   11.04     517      98    1791      98     0.8     517      98    1791      98     0.8
partit-nr 1400 1     0    1.29      60       9     177       9     0.9      60       9     177       9     0.9
partit-nr 1400 1     0    0.82      38       4      90       4     1.0      38       4      90       4     1.0
partit-nr 1400 1     0    0.93      43       6     121       6     0.9      43       6     121       6     0.9
partit-nr 1400 2     0    0.82      38       7     129       7     0.8      38       7     129       7     0.8
partit-nr 1400 2     0    2.12      99      16     307      16     0.8      99      16     307      16     0.8
partit-nr 1400 2     0    5.47     256      48     880      48     0.8     256      48     880      48     0.8
partit-nr 1400 2     0    1.01      47       8     151       8     0.9      47       8     151       8     0.9
partit-nr 1400 2     0    3.08     144      30     534      30     0.8     144      30     534      30     0.8
partit-nr 1400 2     0    1.70      79      15     274      15     0.8      79      15     274      15     0.8
partit-nr 1400 2     0    3.89     182      33     611      33     0.8     182      33     611      33     0.8
partit-nr 1400 2     0    3.87     181      37     662      37     0.8     181      37     662      37     0.8
partit-nr 1400 2     0    0.29      13       1      26       1     0.9      13       1      26       1     0.9
partit-nr 1400 2     0    1.48      69      14     251      14     0.8      69      14     251      14     0.8
partit-nr 1400 2     0    3.98     186      37     667      37     0.8     186      37     667      37     0.8
partit-nr 1400 2     0    0.93      43       8     147       8     0.8      43       8     147       8     0.8
partit-nr 1400 2     0    4.53     212      38     706      38     0.8     212      38     706      38     0.8
partit-nr 1400 2     0    2.44     114      23     413      23     0.8     114      23     413      23     0.8
partit-nr 1400 2     0    1.04      48       8     152       8     0.9      48       8     152       8     0.9
partit-nr 1400 2     0    0.33      15       1      28       1     0.9      15       1      28       1     0.9
partit-nr 1400 2     0    6.58     308      62    1114      62     0.8     308      62    1114      62     0.8
partit-nr 1400 2     0    3.40     159      31     562      31     0.8     159      31     562      31     0.8
partit-nr 1400 2     0    6.24     292      61    1085      61     0.8     292      61    1085      61     0.8
partit-nr 1400 2     0    9.89     463      81    1516      81     0.9     463      81    1516      81     0.9
partit-nr 1400 2     0    1.04      48       9     165       9     0.8      48       9     165       9     0.8
partit-nr 1400 2     0   10.68     500      97    1761      97     0.8     500      97    1761      97     0.8
partit-nr 1400 2     0    1.27      59      11     202      11     0.8      59      11     202      11     0.8
partit-nr 1400 2     0    2.79     130      23     429      23     0.9     130      23     429      23     0.9
partit-nr 1400 2     0    0.65      30       4      82       4     0.9      30       4      82       4     0.9
partit-nr 1400 2     0    3.51     164      27     515      27     0.9     164      27     515      27     0.9
partit-nr 1400 2     0    1.80      84      19     331      19     0.8      84      19     331      19     0.8
partit-nr 1400 2     0    1.68      78      14     260      14     0.8      78      14     260      14     0.8
partit-nr 1400 2     0    3.28     153      30     543      30     0.8     153      30     543      30     0.8
partit-nr 1400 2     0    1.50      70       8     174       8     0.9      70       8     174       8     0.9
partit-nr 1400 4     0    0.74      34       4      86       4     0.9      34       4      86       4     0.9
partit-nr 1400 4     0    1.72      80      15     275      15     0.8      80      15     275      15     0.8
partit-nr 1400 4     0    1.74      81      11     224      11     0.9      81      11     224      11     0.9
partit-nr 1400 4     0    0.87      40       5     105       5     0.9      40       5     105       5     0.9
partit-nr 1400 4     0    0.59      27       3      66       3     1.0      27       3      66       3     1.0
partit-nr 1400 4     0    0.57      26       4      78       4     0.8      26       4      78       4     0.8
partit-nr 1400 4     0    1.25      58      12     214      12     0.8      58      12     214      12     0.8
partit-nr 1400 4     0    0.70      32       4      84       4     0.9      32       4      84       4     0.9
partit-nr 1400 4     0    0.68      31       8     135       8     0.8      31       8     135       8     0.8
partit-nr 1400 4     0    0.87      40       7     131       7     0.8      40       7     131       7     0.8
partit-nr 1400 4     0    5.50     257      45     842      45     0.8     257      45     842      45     0.8
partit-nr 1400 4     0    3.19     149      32     565      32     0.8     149      32     565      32     0.8
partit-nr 1400 4     0    2.42     113      19     360      19     0.9     113      19     360      19     0.9
partit-nr 1400 4     0    1.02      47       4      99       4     1.1      47       4      99       4     1.1
partit-nr 1400 4     0    3.32     155      29     532      29     0.8     155      29     532      29     0.8
partit-nr 1400 4     0    1.59      74      13     243      13     0.9      74      13     243      13     0.9
partit-nr 1400 4     0    0.91      42       6     120       6     0.9      42       6     120       6     0.9
partit-nr 1400 4     0    0.34      15       1      28       1     1.0      15       1      28       1     1.0
partit-nr 1400 4     0    0.82      38       5     103       5     0.9      38       5     103       5     0.9
partit-nr 1400 4     0    1.32      61       7     152       7     1.0      61       7     152       7     1.0
partit-nr 1400 4     0    2.06      96      17     317      17     0.8      96      17     317      17     0.8
partit-nr 1400 4     0    1.59      74      10     204      10     0.9      74      10     204      10     0.9
partit-nr 1400 4     0    0.10       4       0       4       0     1.0       4       0       4       0     1.0
partit-nr 1400 4     0    0.91      42       7     133       7     0.9      42       7     133       7     0.9
partit-nr 1400 4     0    1.55      72      13     241      13     0.8      72      13     241      13     0.8
partit-nr 1400 4     0    3.15     147      26     485      26     0.8     147      26     485      26     0.8
partit-nr 1400 4     0    1.42      66      11     209      11     0.8      66      11     209      11     0.8
partit-nr 1400 4     0    0.27      12       1      25       1     0.9      12       1      25       1     0.9
partit-nr 1400 4     0    0.91      42       4      94       4     1.0      42       4      94       4     1.0
partit-nr 1400 4     0    1.53      71      12     227      12     0.9      71      12     227      12     0.9
partit-nr 1400 8     0    0.28      12       1      25       1     0.9      12       1      25       1     0.9
partit-nr 1400 8     0    0.59      27       4      79       4     0.9      27       4      79       4     0.9
partit-nr 1400 8     0    0.26      11       2      37       2     0.8      11       2      37       2     0.8
partit-nr 1400 8     0    0.32      14       2      40       2     0.9      14       2      40       2     0.9
partit-nr 1400 8     0    0.89      41       4      93       4     0.9      41       4      93       4     0.9
partit-nr 1400 8     0    0.21       9       1      22       1     1.0       9       1      22       1     1.0
partit-nr 1400 8     0    0.83      38       4      90       4     0.9      38       4      90       4     0.9
partit-nr 1400 8     0    0.62      28       4      80       4     1.0      28       4      80       4     1.0
partit-nr 1400 8     0    0.79      36       4      88       4     0.9      36       4      88       4     0.9
partit-nr 1400 8     0    0.25      11       1      24       1     0.9      11       1      24       1     0.9
partit-nr 1400 8     0    0.87      40       5     105       5     1.0      40       5     105       5     1.0
partit-nr 1400 8     0    0.68      31       3      70       3     0.9      31       3      70       3     0.9
partit-nr 1400 8     0    0.62      28       4      80       4     0.9      28       4      80       4     0.9
partit-nr 1400 8     0    0.88      40       7     131       7     0.8      40       7     131       7     0.8
partit-nr 1400 8     0    1.09      50       5     115       5     0.9      50       5     115       5     0.9
partit-nr 1400 8     0    1.47      68       8     172       8     0.9      68       8     172       8     0.9
partit-nr 1400 8     0    0.70      32       5      97       5     0.9      32       5      97       5     0.9
partit-nr 1400 8     0    0.77      35       4      87       4     0.9      35       4      87       4     0.9
partit-nr 1400 8     0    1.06      49       5     114       5     1.0      49       5     114       5     1.0
partit-nr 1400 8     0    2.15     100      16     308      16     0.9     100      16     308      16     0.9
partit-nr 1400 8     0    2.81     131      24     443      24     0.8     131      24     443      24     0.8
partit-nr 1400 8     0    0.49      22       3      61       3     0.9      22       3      61       3     0.9
partit-nr 1400 8     0    0.40      18       2      44       2     0.9      18       2      44       2     0.9
partit-nr 1400 8     0    0.96      44       5     109       5     0.9      44       5     109       5     0.9
partit-nr 1400 8     0    0.06       2       0       2       0     1.0       2       0       2       0     1.0
partit-nr 1400 8     0    0.68      31       5      96       5     0.9      31       5      96       5     0.9
partit-nr 1400 8     0    0.83      38       6     116       6     0.9      38       6     116       6     0.9
partit-nr 1400 8     0    1.00      46       5     111       5     1.0      46       5     111       5     1.0
partit-nr 1400 8     0    0.66      30       3      69       3     1.0      30       3      69       3     1.0
partit-nr 1400 8     0    0.98      45       9     162       9     0.8      45       9     162       9     0.8
partit-nr 1400 16     0    1.84      85      15     280      15     0.9      85      15     280      15     0.9
partit-nr 1400 16     0    0.41      18       1      31       1     0.9      18       1      31       1     0.9
partit-nr 1400 16     0    0.14       5       0       5       0     1.0       5       0       5       0     1.0
partit-nr 1400 16     0    0.37      16       1      29       1     1.0      16       1      29       1     1.0
partit-nr 1400 16     0    0.80      36       5     101       5     0.9      36       5     101       5     0.9
partit-nr 1400 16     0    0.29      12       2      38       2     0.8      12       2      38       2     0.8
partit-nr 1400 16     0    2.16     100      20     360      20     0.8     100      20     360      20     0.8
partit-nr 1400 16     0    0.84      38       4      90       4     1.0      38       4      90       4     1.0
partit-nr 1400 16     0    0.46      20       2      46       2     0.9      20       2      46       2     0.9
partit-nr 1400 16     0    0.41      18       2      44       2     0.9      18       2      44       2     0.9
partit-nr 1400 16     0    0.12       4       0       4       0     1.0       4       0       4       0     1.0
partit-nr 1400 16     0    0.22       9       1      22       1     0.9       9       1      22       1     0.9
partit-nr 1400 16     0    0.33      14       1      27       1     0.9      14       1      27       1     0.9
partit-nr 1400 16     0    2.35     109      18     343      18     0.9     109      18     343      18     0.9
partit-nr 1400 16     0    0.26      11       1      24       1     0.9      11       1      24       1     0.9
partit-nr 1400 16     0    0.56      25       3      64       3     0.9      25       3      64       3     0.9
partit-nr 1400 16     0    0.67      30       3      69       3     1.0      30       3      69       3     1.0
partit-nr 1400 16     0    0.46      20       2      46       2     1.1      20       2      46       2     1.1
partit-nr 1400 16     0    0.46      20       3      59       3     0.8      20       3      59       3     0.8
partit-nr 1400 16     0    0.46      20       2      46       2     0.9      20       2      46       2     0.9
partit-nr 1400 16     0    0.56      25       3      64       3     0.9      25       3      64       3     0.9
partit-nr 1400 16     0    0.63      28       5      93       5     0.8      28       5      93       5     0.8
partit-nr 1400 16     0    0.78      35       3      74       3     1.0      35       3      74       3     1.0
partit-nr 1400 16     0    0.28      12       1      25       1     1.0      12       1      25       1     1.0
partit-nr 1400 16     0    0.39      17       1      30       1     1.1      17       1      30       1     1.1
partit-nr 1400 16     0    0.39      17       3      56       3     0.8      17       3      56       3     0.8
partit-nr 1400 16     0    0.69      31       5      96       5     0.8      31       5      96       5     0.8
partit-nr 1400 16     0    0.46      20       2      46       2     0.9      20       2      46       2     0.9
partit-nr 1400 16     0    0.33      14       3      53       3     0.8      14       3      53       3     0.8
partit-nr 1400 16     0    0.84      38       6     116       6     0.9      38       6     116       6     0.9
partit-nr 1600 1     0    7.23     259      56    1099      56     0.8     259      56    1099      56     0.8
partit-nr 1600 1     0    1.49      53       9     188       9     0.9      53       9     188       9     0.9
partit-nr 1600 1     0    7.81     280      60    1180      60     0.8     280      60    1180      60     0.8
partit-nr 1600 1     0   15.83     568     107    2173     107     0.8     568     107    2173     107     0.8
partit-nr 1600 1     0    0.91      32       4      92       4     0.9      32       4      92       4     0.9
partit-nr 1600 1     0    1.80      64       8     184       8     0.9      64       8     184       8     0.9
partit-nr 1600 1     0    9.73     349      64    1309      64     0.8     349      64    1309      64     0.8
partit-nr 1600 1     0    6.89     247      47     952      47     0.8     247      47     952      47     0.8
partit-nr 1600 1     0    7.23     259      48     979      48     0.8     259      48     979      48     0.8
partit-nr 1600 1     0   24.99     897     172    3477     172     0.8     897     172    3477     172     0.8
partit-nr 1600 1     0   10.49     376      69    1411      69     0.8     376      69    1411      69     0.8
partit-nr 1600 1     0    0.91      32       2      62       2     1.0      32       2      62       2     1.0
partit-nr 1600 1     0    6.61     237      39     822      39     0.9     237      39     822      39     0.9
partit-nr 1600 1     0    5.03     180      34     690      34     0.8     180      34     690      34     0.8
partit-nr 1600 1     0    5.61     201      36     741      36     0.8     201      36     741      36     0.8
partit-nr 1600 1     0    1.74      62      13     257      13     0.8      62      13     257      13     0.8
partit-nr 1600 1     0   17.45     626     120    2426     120     0.8     626     120    2426     120     0.8
partit-nr 1600 1     0    2.66      95      18     365      18     0.8      95      18     365      18     0.8
partit-nr 1600 1     0   29.62    1063     198    4033     198     0.8    1063     198    4033     198     0.8
partit-nr 1600 1     0    2.86     102      17     357      17     0.9     102      17     357      17     0.9
partit-nr 1600 1     0    4.97     178      35     703      35     0.8     178      35     703      35     0.8
partit-nr 1600 1     0   15.19     545     100    2045     100     0.8     545     100    2045     100     0.8
partit-nr 1600 1     0   44.93    1613     312    6293     312     0.8    1613     312    6293     312     0.8
partit-nr 1600 1     0    4.53     162      27     567      27     0.9     162      27     567      27     0.9
partit-nr 1600 1     0    1.04      37       3      82       3     1.0      37       3      82       3     1.0
partit-nr 1600 1     0    5.92     212      38     782      38     0.9     212      38     782      38     0.9
partit-nr 1600 1     0   22.29     800     153    3095     153     0.8     800     153    3095     153     0.8
partit-nr 1600 1     0    3.25     116      24     476      24     0.8     116      24     476      24     0.8
partit-nr 1600 1     0    2.63      94      14     304      14     0.9      94      14     304      14     0.9
partit-nr 1600 1     0   29.25    1050     206    4140     206     0.8    1050     206    4140     206     0.8
partit-nr 1600 2     0    4.30     154      27     559      27     0.8     154      27     559      27     0.8
partit-nr 1600 2     0    2.30      82      11     247      11     0.9      82      11     247      11     0.9
partit-nr 1600 2     0    2.72      97      15     322      15     0.9      97      15     322      15     0.9
partit-nr 1600 2     0   10.71     384      74    1494      74     0.8     384      74    1494      74     0.8
partit-nr 1600 2     0    1.57      56       5     131       5     1.0      56       5     131       5     1.0
partit-nr 1600 2     0    4.61     165      31     630      31     0.8     165      31     630      31     0.8
partit-nr 1600 2     0   20.15     723     139    2808     139     0.8     723     139    2808     139     0.8
partit-nr 1600 2     0    0.66      23       2      53       2     0.9      23       2      53       2     0.9
partit-nr 1600 2     0    2.75      98      16     338      16     0.9      98      16     338      16     0.9
partit-nr 1600 2     0    1.41      50       6     140       6     0.9      50       6     140       6     0.9
partit-nr 1600 2     0    1.74      62      10     212      10     0.9      62      10     212      10     0.9
partit-nr 1600 2     0    1.30      46       6     136       6     0.9      46       6     136       6     0.9
partit-nr 1600 2     0    7.09     254      44     914      44     0.8     254      44     914      44     0.8
partit-nr 1600 2     0    0.74      26       3      71       3     1.0      26       3      71       3     1.0
partit-nr 1600 2     0    5.58     200      38     770      38     0.8     200      38     770      38     0.8
partit-nr 1600 2     0    7.00     251      46     941      46     0.8     251      46     941      46     0.8
partit-nr 1600 2     0    4.83     173      31     638      31     0.8     173      31     638      31     0.8
partit-nr 1600 2     0    2.19      78      11     243      11     0.9      78      11     243      11     0.9
partit-nr 1600 2     0    0.80      28       5     103       5     0.9      28       5     103       5     0.9
partit-nr 1600 2     0    3.13     112      16     352      16     0.9     112      16     352      16     0.9
partit-nr 1600 2     0    1.27      45       4     105       4     1.0      45       4     105       4     1.0
partit-nr 1600 2     0    5.03     180      36     720      36     0.8     180      36     720      36     0.8
partit-nr 1600 2     0    3.61     129      21     444      21     0.9     129      21     444      21     0.9
partit-nr 1600 2     0    1.63      58       7     163       7     0.9      58       7     163       7     0.9
partit-nr 1600 2     0    1.57      56       5     131       5     1.0      56       5     131       5     1.0
partit-nr 1600 2     0    1.24      44       5     119       5     0.9      44       5     119       5     0.9
partit-nr 1600 2     0    8.15     292      56    1132      56     0.8     292      56    1132      56     0.8
partit-nr 1600 2     0    5.61     201      38     771      38     0.8     201      38     771      38     0.8
partit-nr 1600 2     0   10.29     369      62    1299      62     0.9     369      62    1299      62     0.9
partit-nr 1600 2     0    6.64     238      46     928      46     0.8     238      46     928      46     0.8
partit-nr 1600 4     0    0.60      21       2      51       2     1.0      21       2      51       2     1.0
partit-nr 1600 4     0    0.85      30       3      75       3     1.0      30       3      75       3     1.0
partit-nr 1600 4     0    0.49      17       1      32       1     1.0      17       1      32       1     1.0
partit-nr 1600 4     0    1.02      36       2      66       2     1.0      36       2      66       2     1.0
partit-nr 1600 4     0    2.86     102      17     357      17     0.8     102      17     357      17     0.8
partit-nr 1600 4     0    1.13      40       7     145       7     0.8      40       7     145       7     0.8
partit-nr 1600 4     0    4.70     168      30     618      30     0.9     168      30     618      30     0.9
partit-nr 1600 4     0    0.46      16       1      31       1     1.0      16       1      31       1     1.0
partit-nr 1600 4     0    0.32      11       1      26       1     0.9      11       1      26       1     0.9
partit-nr 1600 4     0    1.19      42       8     162       8     0.8      42       8     162       8     0.8
partit-nr 1600 4     0    1.24      44       9     179       9     0.8      44       9     179       9     0.8
partit-nr 1600 4     0    1.94      69       8     189       8     0.9      69       8     189       8     0.9
partit-nr 1600 4     0    6.64     238      45     913      45     0.8     238      45     913      45     0.8
partit-nr 1600 4     0    4.84     173      35     698      35     0.8     173      35     698      35     0.8
partit-nr 1600 4     0    2.36      84      20     384      20     0.8      84      20     384      20     0.8
partit-nr 1600 4     0    2.66      95      18     365      18     0.8      95      18     365      18     0.8
partit-nr 1600 4     0    3.47     124      23     469      23     0.8     124      23     469      23     0.8
partit-nr 1600 4     0    5.14     184      33     679      33     0.8     184      33     679      33     0.8
partit-nr 1600 4     0    3.14     112      21     427      21     0.8     112      21     427      21     0.8
partit-nr 1600 4     0    1.02      36       2      66       2     1.0      36       2      66       2     1.0
partit-nr 1600 4     0    2.25      80      15     305      15     0.8      80      15     305      15     0.8
partit-nr 1600 4     0    0.60      21       1      36       1     1.0      21       1      36       1     1.0
partit-nr 1600 4     0    4.14     148      23     493      23     0.9     148      23     493      23     0.9
partit-nr 1600 4     0    0.99      35       4      95       4     0.9      35       4      95       4     0.9
partit-nr 1600 4     0    2.89     103      22     433      22     0.8     103      22     433      22     0.8
partit-nr 1600 4     0    1.08      38       8     158       8     0.8      38       8     158       8     0.8
partit-nr 1600 4     0    0.85      30       3      75       3     0.9      30       3      75       3     0.9
partit-nr 1600 4     0    1.08      38       5     113       5     0.9      38       5     113       5     0.9
partit-nr 1600 4     0    2.39      85      14     295      14     0.8      85      14     295      14     0.8
partit-nr 1600 4     0    1.66      59       6     149       6     0.9      59       6     149       6     0.9
partit-nr 1600 8     0    1.25      44       5     119       5     0.9      44       5     119       5     0.9
partit-nr 1600 8     0    0.52      18       1      33       1     1.0      18       1      33       1     1.0
partit-nr 1600 8     0    0.78      27       3      72       3     1.0      27       3      72       3     1.0
partit-nr 1600 8     0    1.05      37       6     127       6     0.8      37       6     127       6     0.8
partit-nr 1600 8     0    2.64      94      19     379      19     0.8      94      19     379      19     0.8
partit-nr 1600 8     0    2.64      94      18     364      18     0.8      94      18     364      18     0.8
partit-nr 1600 8     0    0.39      13       1      28       1     1.0      13       1      28       1     1.0
partit-nr 1600 8     0    2.78      99      20     399      20     0.8      99      20     399      20     0.8
partit-nr 1600 8     0    2.14      76      14     286      14     0.8      76      14     286      14     0.8
partit-nr 1600 8     0    0.52      18       2      48       2     0.9      18       2      48       2     0.9
partit-nr 1600 8     0    2.95     105      17     360      17     0.8     105      17     360      17     0.8
partit-nr 1600 8     0    2.25      80      15     305      15     0.8      80      15     305      15     0.8
partit-nr 1600 8     0    2.17      77      12     257      12     0.9      77      12     257      12     0.9
partit-nr 1600 8     0    1.69      60      11     225      11     0.8      60      11     225      11     0.8
partit-nr 1600 8     0    1.58      56       5     131       5     1.0      56       5     131       5     1.0
partit-nr 1600 8     0    1.86      66       9     201       9     0.9      66       9     201       9     0.9
partit-nr 1600 8     0    3.09     110      20     410      20     0.8     110      20     410      20     0.8
partit-nr 1600 8     0    2.83     101      17     356      17     0.8     101      17     356      17     0.8
partit-nr 1600 8     0    0.80      28       3      73       3     0.9      28       3      73       3     0.9
partit-nr 1600 8     0    1.42      50       7     155       7     0.9      50       7     155       7     0.9
partit-nr 1600 8     0    1.47      52       8     172       8     0.9      52       8     172       8     0.9
partit-nr 1600 8     0    1.36      48       7     153       7     0.9      48       7     153       7     0.9
partit-nr 1600 8     0    1.03      36       5     111       5     0.9      36       5     111       5     0.9
partit-nr 1600 8     0    3.14     112      20     412      20     0.8     112      20     412      20     0.8
partit-nr 1600 8     0    1.50      53       7     158       7     0.9      53       7     158       7     0.9
partit-nr 1600 8     0    2.11      75      11     240      11     0.9      75      11     240      11     0.9
partit-nr 1600 8     0    2.67      95      17     350      17     0.9      95      17     350      17     0.9
partit-nr 1600 8     0    0.94      33       5     108       5     0.8      33       5     108       5     0.8
partit-nr 1600 8     0    2.84     101      17     356      17     0.9     101      17     356      17     0.9
partit-nr 1600 8     0    2.64      94      15     319      15     0.9      94      15     319      15     0.9
partit-nr 1600 16     0    0.56      19       2      49       2     0.9      19       2      49       2     0.9
partit-nr 1600 16     0    1.82      64       8     184       8     0.9      64       8     184       8     0.9
partit-nr 1600 16     0    1.17      41       5     116       5     0.9      41       5     116       5     0.9
partit-nr 1600 16     0    0.84      29       1      44       1     1.0      29       1      44       1     1.0
partit-nr 1600 16     0    0.84      29       5     104       5     0.8      29       5     104       5     0.8
partit-nr 1600 16     0    0.51      17       1      32       1     1.0      17       1      32       1     1.0
partit-nr 1600 16     0    0.59      20       3      65       3     0.9      20       3      65       3     0.9
partit-nr 1600 16     0    1.18      41       3      86       3     1.0      41       3      86       3     1.0
partit-nr 1600 16     0    0.81      28       3      73       3     1.0      28       3      73       3     1.0
partit-nr 1600 16     0    0.51      17       2      47       2     0.9      17       2      47       2     0.9
partit-nr 1600 16     0    0.95      33       5     108       5     0.9      33       5     108       5     0.9
partit-nr 1600 16     0    0.37      12       1      27       1     0.9      12       1      27       1     0.9
partit-nr 1600 16     0    0.87      30       3      75       3     0.9      30       3      75       3     0.9
partit-nr 1600 16     0    1.23      43       7     148       7     0.9      43       7     148       7     0.9
partit-nr 1600 16     0    1.31      46       5     121       5     0.9      46       5     121       5     0.9
partit-nr 1600 16     0    1.93      68       7     173       7     1.0      68       7     173       7     1.0
partit-nr 1600 16     0    0.84      29       3      74       3     0.9      29       3      74       3     0.9
partit-nr 1600 16     0    1.68      59       7     164       7     0.9      59       7     164       7     0.9
partit-nr 1600 16     0    0.81      28       6     118       6     0.8      28       6     118       6     0.8
partit-nr 1600 16     0    1.98      70      11     235      11     0.9      70      11     235      11     0.9
partit-nr 1600 16     0    0.64      22       3      67       3     0.9      22       3      67       3     0.9
partit-nr 1600 16     0    0.65      22       2      52       2     1.0      22       2      52       2     1.0
partit-nr 1600 16     0    0.45      15       2      45       2     0.9      15       2      45       2     0.9
partit-nr 1600 16     0    0.73      25       4      85       4     0.8      25       4      85       4     0.8
partit-nr 1600 16     0    0.09       2       0       2       0     1.0       2       0       2       0     1.0
partit-nr 1600 16     0    0.68      23       4      83       4     0.8      23       4      83       4     0.8
partit-nr 1600 16     0    0.84      29       2      59       2     1.0      29       2      59       2     1.0
partit-nr 1600 16     0    0.84      29       5     104       5     0.8      29       5     104       5     0.8
partit-nr 1600 16     0    0.98      34       4      94       4     0.9      34       4      94       4     0.9
partit-nr 1600 16     0    0.37      12       0      12       0     1.0      12       0      12       0     1.0
partit-nr 1800 1     0   33.39     947     169    3820     169     0.8     947     169    3820     169     0.8
partit-nr 1800 1     0   10.10     286      47    1085      47     0.9     286      47    1085      47     0.9
partit-nr 1800 1     0    8.76     248      45    1013      45     0.8     248      45    1013      45     0.8
partit-nr 1800 1     0    3.40      96      14     334      14     0.9      96      14     334      14     0.9
partit-nr 1800 1     0    2.59      73      12     277      12     0.9      73      12     277      12     0.9
partit-nr 1800 1     0    9.96     282      48    1098      48     0.9     282      48    1098      48     0.9
partit-nr 1800 1     0    1.57      44       7     163       7     0.9      44       7     163       7     0.9
partit-nr 1800 1     0    7.31     207      36     819      36     0.8     207      36     819      36     0.8
partit-nr 1800 1     0    9.99     283      47    1082      47     0.9     283      47    1082      47     0.9
partit-nr 1800 1     0    9.29     263      41     960      41     0.9     263      41     960      41     0.9
partit-nr 1800 1     0    5.30     150      22     524      22     0.9     150      22     524      22     0.9
partit-nr 1800 1     0    8.54     242      44     990      44     0.8     242      44     990      44     0.8
partit-nr 1800 1     0   23.17     657     120    2697     120     0.8     657     120    2697     120     0.8
partit-nr 1800 1     0   20.03     568     103    2319     103     0.8     568     103    2319     103     0.8
partit-nr 1800 1     0    9.64     273      45    1038      45     0.9     273      45    1038      45     0.9
partit-nr 1800 1     0   13.30     377      67    1516      67     0.8     377      67    1516      67     0.8
partit-nr 1800 1     0    7.49     212      41     909      41     0.8     212      41     909      41     0.8
partit-nr 1800 1     0    7.35     208      32     752      32     0.9     208      32     752      32     0.9
partit-nr 1800 1     0   46.28    1313     239    5376     239     0.8    1313     239    5376     239     0.8
partit-nr 1800 1     0    4.42     125      22     499      22     0.9     125      22     499      22     0.9
partit-nr 1800 1     0   11.89     337      56    1289      56     0.8     337      56    1289      56     0.8
partit-nr 1800 1     0   25.99     737     134    3015     134     0.8     737     134    3015     134     0.8
partit-nr 1800 1     0   15.88     450      77    1759      77     0.8     450      77    1759      77     0.8
partit-nr 1800 1     0   24.75     702     128    2878     128     0.8     702     128    2878     128     0.8
partit-nr 1800 1     0    1.71      48       5     133       5     1.0      48       5     133       5     1.0
partit-nr 1800 1     0    6.18     175      32     719      32     0.8     175      32     719      32     0.8
partit-nr 1800 1     0   24.47     694     126    2836     126     0.8     694     126    2836     126     0.8
partit-nr 1800 1     0    1.75      49      10     219      10     0.8      49      10     219      10     0.8
partit-nr 1800 1     0    3.89     110      21     467      21     0.9     110      21     467      21     0.9
partit-nr 1800 1     0   15.06     427      82    1821      82     0.8     427      82    1821      82     0.8
partit-nr 1800 2     0    0.48      13       1      30       1     0.9      13       1      30       1     0.9
partit-nr 1800 2     0    4.63     131      21     488      21     0.9     131      21     488      21     0.9
partit-nr 1800 2     0    8.62     244      44     992      44     0.8     244      44     992      44     0.8
partit-nr 1800 2     0   26.20     743     136    3055     136     0.8     743     136    3055     136     0.8
partit-nr 1800 2     0    2.10      59       9     212       9     0.9      59       9     212       9     0.9
partit-nr 1800 2     0    3.86     109      15     364      15     0.9     109      15     364      15     0.9
partit-nr 1800 2     0    4.99     141      24     549      24     0.9     141      24     549      24     0.9
partit-nr 1800 2     0    3.58     101      16     373      16     0.9     101      16     373      16     0.9
partit-nr 1800 2     0   14.96     424      75    1699      75     0.8     424      75    1699      75     0.8
partit-nr 1800 2     0    0.72      20       2      54       2     0.9      20       2      54       2     0.9
partit-nr 1800 2     0    8.16     231      43     962      43     0.8     231      43     962      43     0.8
partit-nr 1800 2     0    0.44      12       0      12       0     1.0      12       0      12       0     1.0
partit-nr 1800 2     0    2.27      64      12     268      12     0.8      64      12     268      12     0.8
partit-nr 1800 2     0    8.62     244      39     907      39     0.9     244      39     907      39     0.9
partit-nr 1800 2     0    2.98      84      11     271      11     0.9      84      11     271      11     0.9
partit-nr 1800 2     0    6.96     197      37     826      37     0.8     197      37     826      37     0.8
partit-nr 1800 2     0    4.71     133      23     524      23     0.8     133      23     524      23     0.8
partit-nr 1800 2     0    3.02      85      15     340      15     0.8      85      15     340      15     0.8
partit-nr 1800 2     0    1.71      48      10     218      10     0.8      48      10     218      10     0.8
partit-nr 1800 2     0    1.92      54      10     224      10     0.8      54      10     224      10     0.8
partit-nr 1800 2     0    7.63     216      36     828      36     0.9     216      36     828      36     0.9
partit-nr 1800 2     0   10.52     298      53    1199      53     0.8     298      53    1199      53     0.8
partit-nr 1800 2     0    0.83      23       4      91       4     0.8      23       4      91       4     0.8
partit-nr 1800 2     0    5.23     148      26     590      26     0.9     148      26     590      26     0.9
partit-nr 1800 2     0    6.43     182      29     675      29     0.9     182      29     675      29     0.9
partit-nr 1800 2     0    2.70      76      13     297      13     0.8      76      13     297      13     0.8
partit-nr 1800 2     0    4.71     133      23     524      23     0.9     133      23     524      23     0.9
partit-nr 1800 2     0    7.63     216      42     930      42     0.8     216      42     930      42     0.8
partit-nr 1800 2     0   22.08     626     113    2547     113     0.8     626     113    2547     113     0.8
partit-nr 1800 2     0    6.12     173      31     700      31     0.8     173      31     700      31     0.8
partit-nr 1800 4     0    1.33      37       5     122       5     0.9      37       5     122       5     0.9
partit-nr 1800 4     0    0.55      15       1      32       1     0.9      15       1      32       1     0.9
partit-nr 1800 4     0    3.58     101      15     356      15     0.9     101      15     356      15     0.9
partit-nr 1800 4     0    1.54      43       5     128       5     0.9      43       5     128       5     0.9
partit-nr 1800 4     0    4.67     132      27     591      27     0.8     132      27     591      27     0.8
partit-nr 1800 4     0    1.82      51       7     170       7     0.9      51       7     170       7     0.9
partit-nr 1800 4     0    1.54      43       3      94       3     1.0      43       3      94       3     1.0
partit-nr 1800 4     0    0.41      11       0      11       0     1.0      11       0      11       0     1.0
partit-nr 1800 4     0    4.04     114      20     454      20     0.8     114      20     454      20     0.8
partit-nr 1800 4     0    0.97      27       2      61       2     1.0      27       2      61       2     1.0
partit-nr 1800 4     0    2.56      72       9     225       9     0.9      72       9     225       9     0.9
partit-nr 1800 4     0    0.76      21       2      55       2     0.9      21       2      55       2     0.9
partit-nr 1800 4     0    4.88     138      25     563      25     0.9     138      25     563      25     0.9
partit-nr 1800 4     0    4.39     124      21     481      21     0.9     124      21     481      21     0.9
partit-nr 1800 4     0   10.52     298      52    1182      52     0.8     298      52    1182      52     0.8
partit-nr 1800 4     0    0.97      27       3      78       3     0.9      27       3      78       3     0.9
partit-nr 1800 4     0    4.53     128      19     451      19     0.9     128      19     451      19     0.9
partit-nr 1800 4     0    4.96     140      20     480      20     0.9     140      20     480      20     0.9
partit-nr 1800 4     0    1.54      43       5     128       5     0.9      43       5     128       5     0.9
partit-nr 1800 4     0    7.63     216      36     828      36     0.9     216      36     828      36     0.9
partit-nr 1800 4     0    0.45      12       2      46       2     0.8      12       2      46       2     0.8
partit-nr 1800 4     0    7.14     202      35     797      35     0.8     202      35     797      35     0.8
partit-nr 1800 4     0    0.90      25       2      59       2     1.0      25       2      59       2     1.0
partit-nr 1800 4     0    0.62      17       1      34       1     1.0      17       1      34       1     1.0
partit-nr 1800 4     0    0.90      25       2      59       2     0.9      25       2      59       2     0.9
partit-nr 1800 4     0    4.14     117      19     440      19     0.9     117      19     440      19     0.9
partit-nr 1800 4     0    1.47      41       6     143       6     0.9      41       6     143       6     0.9
partit-nr 1800 4     0    3.44      97      14     335      14     0.9      97      14     335      14     0.9
partit-nr 1800 4     0    1.50      42       6     144       6     0.9      42       6     144       6     0.9
partit-nr 1800 4     0    6.47     183      34     761      34     0.8     183      34     761      34     0.8
partit-nr 1800 8     0    1.19      33       5     118       5     0.9      33       5     118       5     0.9
partit-nr 1800 8     0    0.38      10       1      27       1     0.9      10       1      27       1     0.9
partit-nr 1800 8     0    1.61      45       4     113       4     1.0      45       4     113       4     1.0
partit-nr 1800 8     0    4.29     121      21     478      21     0.8     121      21     478      21     0.8
partit-nr 1800 8     0    2.17      61      11     248      11     0.8      61      11     248      11     0.8
partit-nr 1800 8     0    0.91      25       3      76       3     0.9      25       3      76       3     0.9
partit-nr 1800 8     0    2.10      59       8     195       8     0.9      59       8     195       8     0.9
partit-nr 1800 8     0    1.26      35       7     154       7     0.8      35       7     154       7     0.8
partit-nr 1800 8     0    2.32      65      10     235      10     0.9      65      10     235      10     0.9
partit-nr 1800 8     0    2.32      65      15     320      15     0.8      65      15     320      15     0.8
partit-nr 1800 8     0    2.25      63       9     216       9     0.9      63       9     216       9     0.9
partit-nr 1800 8     0    1.47      41       6     143       6     0.9      41       6     143       6     0.9
partit-nr 1800 8     0    2.18      61      10     231      10     0.9      61      10     231      10     0.9
partit-nr 1800 8     0    0.91      25       1      42       1     1.0      25       1      42       1     1.0
partit-nr 1800 8     0    1.19      33       4     101       4     0.9      33       4     101       4     0.9
partit-nr 1800 8     0    1.79      50       8     186       8     0.9      50       8     186       8     0.9
partit-nr 1800 8     0    1.68      47       7     166       7     0.9      47       7     166       7     0.9
partit-nr 1800 8     0    1.58      44       4     112       4     1.0      44       4     112       4     1.0
partit-nr 1800 8     0    1.72      48       4     116       4     1.0      48       4     116       4     1.0
partit-nr 1800 8     0    2.99      84      12     288      12     0.9      84      12     288      12     0.9
partit-nr 1800 8     0    0.41      11       1      28       1     0.9      11       1      28       1     0.9
partit-nr 1800 8     0    1.29      36       5     121       5     0.9      36       5     121       5     0.9
partit-nr 1800 8     0    1.23      34       3      85       3     0.9      34       3      85       3     0.9
partit-nr 1800 8     0    0.77      21       2      55       2     0.9      21       2      55       2     0.9
partit-nr 1800 8     0    3.09      87      13     308      13     0.9      87      13     308      13     0.9
partit-nr 1800 8     0    1.15      32       3      83       3     0.9      32       3      83       3     0.9
partit-nr 1800 8     0    0.94      26       4      94       4     0.8      26       4      94       4     0.8
partit-nr 1800 8     0    0.91      25       1      42       1     1.1      25       1      42       1     1.1
partit-nr 1800 8     0    0.73      20       1      37       1     1.0      20       1      37       1     1.0
partit-nr 1800 8     0    1.29      36       6     138       6     0.8      36       6     138       6     0.8
partit-nr 1800 16     0    1.66      46       6     148       6     0.9      46       6     148       6     0.9
partit-nr 1800 16     0    0.60      16       1      33       1     1.1      16       1      33       1     1.1
partit-nr 1800 16     0    0.67      18       2      52       2     0.9      18       2      52       2     0.9
partit-nr 1800 16     0    1.06      29       4      97       4     0.9      29       4      97       4     0.9
partit-nr 1800 16     0    1.45      40       6     142       6     0.9      40       6     142       6     0.9
partit-nr 1800 16     0    1.20      33       4     101       4     0.9      33       4     101       4     0.9
partit-nr 1800 16     0    0.78      21       2      55       2     1.0      21       2      55       2     1.0
partit-nr 1800 16     0    1.02      28       1      45       1     1.0      28       1      45       1     1.0
partit-nr 1800 16     0    1.23      34       4     102       4     0.9      34       4     102       4     0.9
partit-nr 1800 16     0    0.11       2       0       2       0     1.0       2       0       2       0     1.0
partit-nr 1800 16     0    0.35       9       0       9       0     1.0       9       0       9       0     1.0
partit-nr 1800 16     0    0.85      23       3      74       3     0.9      23       3      74       3     0.9
partit-nr 1800 16     0    0.74      20       2      54       2     0.9      20       2      54       2     0.9
partit-nr 1800 16     0    0.71      19       1      36       1     0.9      19       1      36       1     0.9
partit-nr 1800 16     0    0.46      12       1      29       1     0.9      12       1      29       1     0.9
partit-nr 1800 16     0    0.78      21       1      38       1     1.0      21       1      38       1     1.0
partit-nr 1800 16     0    0.56      15       2      49       2     0.9      15       2      49       2     0.9
partit-nr 1800 16     0    0.42      11       0      11       0     1.0      11       0      11       0     1.0
partit-nr 1800 16     0    1.20      33       2      67       2     1.0      33       2      67       2     1.0
partit-nr 1800 16     0    2.26      63      10     233      10     0.8      63      10     233      10     0.8
partit-nr 1800 16     0    0.71      19       1      36       1     0.9      19       1      36       1     0.9
partit-nr 1800 16     0    0.42      11       0      11       0     1.0      11       0      11       0     1.0
partit-nr 1800 16     0    1.44      40       3      91       3     1.0      40       3      91       3     1.0
partit-nr 1800 16     0    0.78      21       1      38       1     1.0      21       1      38       1     1.0
partit-nr 1800 16     0    0.42      11       1      28       1     0.9      11       1      28       1     0.9
partit-nr 1800 16     0    0.81      22       5     107       5     0.8      22       5     107       5     0.8
partit-nr 1800 16     0    1.13      31       2      65       2     1.0      31       2      65       2     1.0
partit-nr 1800 16     0    0.81      22       1      39       1     1.0      22       1      39       1     1.0
partit-nr 1800 16     0    0.99      27       4      95       4     0.9      27       4      95       4     0.9
partit-nr 1800 16     0    0.60      16       2      50       2     0.9      16       2      50       2     0.9
partit-nr 2000 1     0   20.64     474      83    2051      83     0.9     474      83    2051      83     0.9
partit-nr 2000 1     0   12.20     280      41    1059      41     0.9     280      41    1059      41     0.9
partit-nr 2000 1     0   25.08     576     103    2533     103     0.8     576     103    2533     103     0.8
partit-nr 2000 1     0   17.25     396      68    1688      68     0.9     396      68    1688      68     0.9
partit-nr 2000 1     0   75.31    1731     309    7602     309     0.9    1731     309    7602     309     0.9
partit-nr 2000 1     0    2.54      58      10     248      10     0.9      58      10     248      10     0.9
partit-nr 2000 1     0    0.28       6       1      25       1     0.8       6       1      25       1     0.8
partit-nr 2000 1     0    1.11      25       3      82       3     0.9      25       3      82       3     0.9
partit-nr 2000 1     0    3.41      78       9     249       9     1.0      78       9     249       9     1.0
partit-nr 2000 1     0   63.05    1449     259    6370     259     0.8    1449     259    6370     259     0.8
partit-nr 2000 1     0    9.98     229      36     913      36     0.9     229      36     913      36     0.9
partit-nr 2000 1     0    1.63      37       5     132       5     0.9      37       5     132       5     0.9
partit-nr 2000 1     0    0.80      18       2      56       2     0.9      18       2      56       2     0.9
partit-nr 2000 1     0   12.59     289      52    1277      52     0.8     289      52    1277      52     0.8
partit-nr 2000 1     0   11.38     261      50    1211      50     0.8     261      50    1211      50     0.8
partit-nr 2000 1     0    2.11      48       7     181       7     0.9      48       7     181       7     0.9
partit-nr 2000 1     0    1.07      24       1      43       1     1.1      24       1      43       1     1.1
partit-nr 2000 1     0    3.98      91      14     357      14     0.9      91      14     357      14     0.9
partit-nr 2000 1     0   15.25     350      58    1452      58     0.9     350      58    1452      58     0.9
partit-nr 2000 1     0    9.46     217      34     863      34     0.9     217      34     863      34     0.9
partit-nr 2000 1     0    1.72      39       3      96       3     1.0      39       3      96       3     1.0
partit-nr 2000 1     0   37.65     865     149    3696     149     0.8     865     149    3696     149     0.8
partit-nr 2000 1     0   22.38     514      84    2110      84     0.9     514      84    2110      84     0.9
partit-nr 2000 1     0   21.38     491      88    2163      88     0.8     491      88    2163      88     0.8
partit-nr 2000 1     0    1.33      30       4     106       4     0.9      30       4     106       4     0.9
partit-nr 2000 1     0   12.20     280      47    1173      47     0.9     280      47    1173      47     0.9
partit-nr 2000 1     0   25.60     588     100    2488     100     0.9     588     100    2488     100     0.9
partit-nr 2000 1     0   11.94     274      45    1129      45     0.9     274      45    1129      45     0.9
partit-nr 2000 1     0   15.72     361      63    1558      63     0.8     361      63    1558      63     0.8
partit-nr 2000 1     0    4.02      92      10     282      10     0.9      92      10     282      10     0.9
partit-nr 2000 2     0    1.81      41       5     136       5     0.9      41       5     136       5     0.9
partit-nr 2000 2     0    1.24      28       3      85       3     0.9      28       3      85       3     0.9
partit-nr 2000 2     0    4.72     108      17     431      17     0.9     108      17     431      17     0.9
partit-nr 2000 2     0    6.24     143      20     523      20     0.9     143      20     523      20     0.9
partit-nr 2000 2     0    2.11      48       6     162       6     1.0      48       6     162       6     1.0
partit-nr 2000 2     0    3.59      82      13     329      13     0.9      82      13     329      13     0.9
partit-nr 2000 2     0   23.03     529      93    2296      93     0.9     529      93    2296      93     0.9
partit-nr 2000 2     0    4.11      94      12     322      12     0.9      94      12     322      12     0.9
partit-nr 2000 2     0    3.98      91      15     376      15     0.8      91      15     376      15     0.8
partit-nr 2000 2     0   14.07     323      55    1368      55     0.8     323      55    1368      55     0.8
partit-nr 2000 2     0    2.37      54       8     206       8     0.9      54       8     206       8     0.9
partit-nr 2000 2     0    4.37     100      16     404      16     0.8     100      16     404      16     0.8
partit-nr 2000 2     0   11.90     273      46    1147      46     0.9     273      46    1147      46     0.9
partit-nr 2000 2     0    0.37       8       1      27       1     0.9       8       1      27       1     0.9
partit-nr 2000 2     0    9.16     210      42    1008      42     0.8     210      42    1008      42     0.8
partit-nr 2000 2     0    3.02      69      11     278      11     0.9      69      11     278      11     0.9
partit-nr 2000 2     0   38.65     888     157    3871     157     0.8     888     157    3871     157     0.8
partit-nr 2000 2     0    5.81     133      19     494      19     0.9     133      19     494      19     0.9
partit-nr 2000 2     0    3.20      73       9     244       9     0.9      73       9     244       9     0.9
partit-nr 2000 2     0    1.76      40       4     116       4     0.9      40       4     116       4     0.9
partit-nr 2000 2     0    1.20      27       1      46       1     1.0      27       1      46       1     1.0
partit-nr 2000 2     0    0.63      14       1      33       1     0.9      14       1      33       1     0.9
partit-nr 2000 2     0    4.94     113      18     455      18     0.8     113      18     455      18     0.8
partit-nr 2000 2     0   17.81     409      68    1701      68     0.9     409      68    1701      68     0.9
partit-nr 2000 2     0   26.08     599     107    2632     107     0.8     599     107    2632     107     0.8
partit-nr 2000 2     0    4.85     111      21     510      21     0.8     111      21     510      21     0.8
partit-nr 2000 2     0   12.29     282      50    1232      50     0.8     282      50    1232      50     0.8
partit-nr 2000 2     0    1.02      23       3      80       3     0.9      23       3      80       3     0.9
partit-nr 2000 2     0    6.20     142      26     636      26     0.9     142      26     636      26     0.9
partit-nr 2000 2     0    8.77     201      33     828      33     0.9     201      33     828      33     0.9
partit-nr 2000 4     0    4.94     113      18     455      18     0.9     113      18     455      18     0.9
partit-nr 2000 4     0    4.90     112      16     416      16     0.9     112      16     416      16     0.9
partit-nr 2000 4     0    5.68     130      26     624      26     0.8     130      26     624      26     0.8
partit-nr 2000 4     0    1.24      28       5     123       5     0.8      28       5     123       5     0.8
partit-nr 2000 4     0    5.03     115      19     476      19     0.9     115      19     476      19     0.9
partit-nr 2000 4     0    0.68      15       1      34       1     0.9      15       1      34       1     0.9
partit-nr 2000 4     0    3.33      76      15     361      15     0.8      76      15     361      15     0.8
partit-nr 2000 4     0    5.16     118      20     498      20     0.8     118      20     498      20     0.8
partit-nr 2000 4     0    3.33      76      10     266      10     0.9      76      10     266      10     0.9
partit-nr 2000 4     0    3.33      76      13     323      13     0.8      76      13     323      13     0.8
partit-nr 2000 4     0    5.29     121      18     463      18     0.9     121      18     463      18     0.9
partit-nr 2000 4     0    1.81      41       4     117       4     1.0      41       4     117       4     1.0
partit-nr 2000 4     0    0.85      19       2      57       2     0.9      19       2      57       2     0.9
partit-nr 2000 4     0    4.90     112      19     473      19     0.8     112      19     473      19     0.8
partit-nr 2000 4     0    1.46      33       5     128       5     0.8      33       5     128       5     0.8
partit-nr 2000 4     0    4.46     102      16     406      16     0.9     102      16     406      16     0.9
partit-nr 2000 4     0    5.11     117      18     459      18     0.9     117      18     459      18     0.9
partit-nr 2000 4     0    7.55     173      31     762      31     0.8     173      31     762      31     0.8
partit-nr 2000 4     0   11.55     265      41    1044      41     0.9     265      41    1044      41     0.9
partit-nr 2000 4     0    1.90      43       6     157       6     0.9      43       6     157       6     0.9
partit-nr 2000 4     0    3.11      71      10     261      10     0.9      71      10     261      10     0.9
partit-nr 2000 4     0    1.55      35       6     149       6     0.8      35       6     149       6     0.8
partit-nr 2000 4     0    4.20      96      16     400      16     0.9      96      16     400      16     0.9
partit-nr 2000 4     0    0.94      21       3      78       3     0.9      21       3      78       3     0.9
partit-nr 2000 4     0    3.94      90      18     432      18     0.9      90      18     432      18     0.9
partit-nr 2000 4     0    1.11      25       2      63       2     0.9      25       2      63       2     0.9
partit-nr 2000 4     0    0.90      20       1      39       1     0.9      20       1      39       1     0.9
partit-nr 2000 4     0    1.72      39       4     115       4     0.9      39       4     115       4     0.9
partit-nr 2000 4     0    3.03      69       9     240       9     0.9      69       9     240       9     0.9
partit-nr 2000 4     0    5.42     124      20     504      20     0.9     124      20     504      20     0.9
partit-nr 2000 8     0    2.46      56       8     208       8     0.9      56       8     208       8     0.9
partit-nr 2000 8     0    1.77      40       4     116       4     0.9      40       4     116       4     0.9
partit-nr 2000 8     0    1.16      26       4     102       4     0.8      26       4     102       4     0.8
partit-nr 2000 8     0    0.51      11       1      30       1     0.9      11       1      30       1     0.9
partit-nr 2000 8     0    2.46      56       9     227       9     0.9      56       9     227       9     0.9
partit-nr 2000 8     0    2.03      46       3     103       3     1.0      46       3     103       3     1.0
partit-nr 2000 8     0    1.42      32       3      89       3     0.9      32       3      89       3     0.9
partit-nr 2000 8     0    2.29      52       9     223       9     0.8      52       9     223       9     0.8
partit-nr 2000 8     0    0.86      19       3      76       3     0.8      19       3      76       3     0.8
partit-nr 2000 8     0    1.03      23       1      42       1     1.0      23       1      42       1     1.0
partit-nr 2000 8     0    1.29      29       2      67       2     1.0      29       2      67       2     1.0
partit-nr 2000 8     0    1.12      25       1      44       1     1.0      25       1      44       1     1.0
partit-nr 2000 8     0    4.38     100      14     366      14     0.9     100      14     366      14     0.9
partit-nr 2000 8     0    5.16     118      13     365      13     0.9     118      13     365      13     0.9
partit-nr 2000 8     0    0.38       8       1      27       1     0.9       8       1      27       1     0.9
partit-nr 2000 8     0    0.94      21       3      78       3     0.9      21       3      78       3     0.9
partit-nr 2000 8     0    1.38      31       2      69       2     1.0      31       2      69       2     1.0
partit-nr 2000 8     0    3.21      73       7     206       7     1.0      73       7     206       7     1.0
partit-nr 2000 8     0    5.90     135      24     591      24     0.8     135      24     591      24     0.8
partit-nr 2000 8     0    1.25      28       5     123       5     0.8      28       5     123       5     0.8
partit-nr 2000 8     0    2.90      66       8     218       8     0.9      66       8     218       8     0.9
partit-nr 2000 8     0    1.60      36       5     131       5     0.9      36       5     131       5     0.9
partit-nr 2000 8     0    2.68      61      10     251      10     0.9      61      10     251      10     0.9
partit-nr 2000 8     0    4.90     112      19     473      19     0.8     112      19     473      19     0.8
partit-nr 2000 8     0    2.38      54       9     225       9     0.9      54       9     225       9     0.9
partit-nr 2000 8     0    1.42      32       5     127       5     0.9      32       5     127       5     0.9
partit-nr 2000 8     0    1.29      29       3      86       3     1.0      29       3      86       3     1.0
partit-nr 2000 8     0    1.94      44       7     177       7     0.8      44       7     177       7     0.8
partit-nr 2000 8     0    1.07      24       3      81       3     0.9      24       3      81       3     0.9
partit-nr 2000 8     0    0.25       5       0       5       0     1.0       5       0       5       0     1.0
partit-nr 2000 16     0    3.39      77      11     286      11     0.9      77      11     286      11     0.9
partit-nr 2000 16     0    1.30      29       3      86       3     0.9      29       3      86       3     0.9
partit-nr 2000 16     0    0.61      13       2      51       2     0.8      13       2      51       2     0.8
partit-nr 2000 16     0    0.60      13       1      32       1     1.1      13       1      32       1     1.1
partit-nr 2000 16     0    0.39       8       0       8       0     1.0       8       0       8       0     1.0
partit-nr 2000 16     0    2.13      48       4     124       4     1.0      48       4     124       4     1.0
partit-nr 2000 16     0    1.13      25       2      63       2     1.0      25       2      63       2     1.0
partit-nr 2000 16     0    1.52      34       3      91       3     1.0      34       3      91       3     1.0
partit-nr 2000 16     0    0.56      12       1      31       1     0.9      12       1      31       1     0.9
partit-nr 2000 16     0    0.74      16       1      35       1     1.0      16       1      35       1     1.0
partit-nr 2000 16     0    0.65      14       1      33       1     0.9      14       1      33       1     0.9
partit-nr 2000 16     0    0.43       9       0       9       0     1.1       9       0       9       0     1.1
partit-nr 2000 16     0    0.47      10       1      29       1     0.9      10       1      29       1     0.9
partit-nr 2000 16     0    1.26      28       2      66       2     1.0      28       2      66       2     1.0
partit-nr 2000 16     0    1.52      34       4     110       4     0.9      34       4     110       4     0.9
partit-nr 2000 16     0    0.47      10       0      10       0     1.0      10       0      10       0     1.0
partit-nr 2000 16     0    1.74      39       5     134       5     0.9      39       5     134       5     0.9
partit-nr 2000 16     0    1.22      27       3      84       3     1.0      27       3      84       3     1.0
partit-nr 2000 16     0    0.39       8       1      27       1     0.9       8       1      27       1     0.9
partit-nr 2000 16     0    0.82      18       2      56       2     0.9      18       2      56       2     0.9
partit-nr 2000 16     0    1.00      22       2      60       2     1.0      22       2      60       2     1.0
partit-nr 2000 16     0    0.17       3       0       3       0     1.0       3       0       3       0     1.0
partit-nr 2000 16     0    1.00      22       4      98       4     0.8      22       4      98       4     0.8
partit-nr 2000 16     0    1.30      29       4     105       4     0.9      29       4     105       4     0.9
partit-nr 2000 16     0    0.48      10       0      10       0     1.0      10       0      10       0     1.0
partit-nr 2000 16     0    2.87      65       7     198       7     0.9      65       7     198       7     0.9
partit-nr 2000 16     0    2.39      54       9     225       9     0.8      54       9     225       9     0.8
partit-nr 2000 16     0    1.65      37       4     113       4     0.9      37       4     113       4     0.9
partit-nr 2000 16     0    2.96      67       9     238       9     0.9      67       9     238       9     0.9
partit-nr 2000 16     0    1.30      29       4     105       4     0.9      29       4     105       4     0.9
