perfect-square 1 4     0    5.32    2448     936    3384     936     5.2    2448     936    3384     936     5.2
perfect-square 1 4     0    4.99    2462    1035    3497    1035     4.8    2462    1035    3497    1035     4.8
perfect-square 1 4     0    2.94    1374     545    1919     545     4.9    1374     545    1919     545     4.9
perfect-square 1 4     0    0.73     323     120     443     120     4.8     323     120     443     120     4.8
perfect-square 1 4     0   19.74    9138    3576   12714    3576     4.6    9138    3576   12714    3576     4.6
perfect-square 1 4     0    0.21     100      35     135      35     3.0     100      35     135      35     3.0
perfect-square 1 4     0    5.01    2434     975    3409     975     4.7    2434     975    3409     975     4.7
perfect-square 1 4     0    9.15    4229    1647    5876    1647     4.3    4229    1647    5876    1647     4.3
perfect-square 1 4     0    1.99     958     386    1344     386     5.1     958     386    1344     386     5.1
perfect-square 1 4     0    4.42    2026     813    2839     813     4.5    2026     813    2839     813     4.5
perfect-square 1 4     0    6.06    2886    1204    4090    1204     5.3    2886    1204    4090    1204     5.3
perfect-square 1 4     0    0.17      76      27     103      27     4.0      76      27     103      27     4.0
perfect-square 1 4     0    1.18     529     195     724     195     4.8     529     195     724     195     4.8
perfect-square 1 4     0    0.53     252      91     343      91     4.2     252      91     343      91     4.2
perfect-square 1 4     0    2.17    1022     400    1422     400     4.7    1022     400    1422     400     4.7
perfect-square 1 4     0    4.66    2151     842    2993     842     5.1    2151     842    2993     842     5.1
perfect-square 1 4     0    3.43    1644     683    2327     683     4.4    1644     683    2327     683     4.4
perfect-square 1 4     0    0.44     226      97     323      97     5.2     226      97     323      97     5.2
perfect-square 1 4     0    1.23     577     223     800     223     4.3     577     223     800     223     4.3
perfect-square 1 4     0    0.24     112      42     154      42     5.0     112      42     154      42     5.0
perfect-square 1 4     0    7.26    3470    1410    4880    1410     4.8    3470    1410    4880    1410     4.8
perfect-square 1 4     0    1.72     838     336    1174     336     5.2     838     336    1174     336     5.2
perfect-square 1 4     0    0.91     407     154     561     154     5.3     407     154     561     154     5.3
perfect-square 1 4     0    4.03    1842     730    2572     730     4.9    1842     730    2572     730     4.9
perfect-square 1 4     0    1.47     670     251     921     251     5.8     670     251     921     251     5.8
perfect-square 1 4     0   15.26    7230    2932   10162    2932     4.9    7230    2932   10162    2932     4.9
perfect-square 1 4     0    3.63    1647     616    2263     616     4.5    1647     616    2263     616     4.5
perfect-square 1 4     0    4.70    2275     952    3227     952     5.0    2275     952    3227     952     5.0
perfect-square 1 4     0    0.29     131      49     180      49     4.9     131      49     180      49     4.9
perfect-square 1 4     0    1.50     670     238     908     238     4.9     670     238     908     238     4.9
perfect-square 1 8     0    1.03     467     172     639     172     3.4     467     172     639     172     3.4
perfect-square 1 8     0    3.21    1493     600    2093     600     4.6    1493     600    2093     600     4.6
perfect-square 1 8     0    0.06      28       6      34       6     3.0      28       6      34       6     3.0
perfect-square 1 8     0    0.15      61      17      78      17     4.0      61      17      78      17     4.0
perfect-square 1 8     0    2.36    1127     436    1563     436     4.5    1127     436    1563     436     4.5
perfect-square 1 8     0    1.06     504     203     707     203     5.7     504     203     707     203     5.7
perfect-square 1 8     0    1.33     618     248     866     248     4.7     618     248     866     248     4.7
perfect-square 1 8     0    0.53     232      79     311      79     4.5     232      79     311      79     4.5
perfect-square 1 8     0    0.14      88      42     130      42     4.8      88      42     130      42     4.8
perfect-square 1 8     0    0.20      81      27     108      27     6.3      81      27     108      27     6.3
perfect-square 1 8     0    0.68     348     146     494     146     4.2     348     146     494     146     4.2
perfect-square 1 8     0    3.19    1496     591    2087     591     5.2    1496     591    2087     591     5.2
perfect-square 1 8     0    3.07    1505     623    2128     623     4.6    1505     623    2128     623     4.6
perfect-square 1 8     0    3.82    1821     729    2550     729     4.5    1821     729    2550     729     4.5
perfect-square 1 8     0    2.46    1151     455    1606     455     5.0    1151     455    1606     455     5.0
perfect-square 1 8     0    1.18     546     213     759     213     4.7     546     213     759     213     4.7
perfect-square 1 8     0    0.21      86      23     109      23     3.2      86      23     109      23     3.2
perfect-square 1 8     0    1.78     847     338    1185     338     4.5     847     338    1185     338     4.5
perfect-square 1 8     0    0.14      66      23      89      23     5.5      66      23      89      23     5.5
perfect-square 1 8     0    0.49     212      78     290      78     4.9     212      78     290      78     4.9
perfect-square 1 8     0    3.81    1780     708    2488     708     4.3    1780     708    2488     708     4.3
perfect-square 1 8     0    1.72     810     321    1131     321     5.2     810     321    1131     321     5.2
perfect-square 1 8     0    4.45    2086     827    2913     827     4.5    2086     827    2913     827     4.5
perfect-square 1 8     0    0.91     395     145     540     145     5.4     395     145     540     145     5.4
perfect-square 1 8     0    0.83     385     151     536     151     4.2     385     151     536     151     4.2
perfect-square 1 8     0    2.40    1158     466    1624     466     5.0    1158     466    1624     466     5.0
perfect-square 1 8     0    0.96     445     171     616     171     5.0     445     171     616     171     5.0
perfect-square 1 8     0    1.75     803     314    1117     314     3.9     803     314    1117     314     3.9
perfect-square 1 8     0    0.83     373     127     500     127     3.6     373     127     500     127     3.6
perfect-square 1 8     0    2.54    1199     473    1672     473     4.7    1199     473    1672     473     4.7
perfect-square 1 16     0    0.30     144      47     191      47     4.5     144      47     191      47     4.5
perfect-square 1 16     0    1.88     901     352    1253     352     4.9     901     352    1253     352     4.9
perfect-square 1 16     0    0.30     142      58     200      58     2.6     142      58     200      58     2.6
perfect-square 1 16     0    0.32     142      54     196      54     5.7     142      54     196      54     5.7
perfect-square 1 16     0    1.63     789     333    1122     333     5.0     789     333    1122     333     5.0
perfect-square 1 16     0    0.48     218      81     299      81     3.0     218      81     299      81     3.0
perfect-square 1 16     0    0.98     435     158     593     158     3.5     435     158     593     158     3.5
perfect-square 1 16     0    0.26     123      48     171      48     6.5     123      48     171      48     6.5
perfect-square 1 16     0    0.18      81      31     112      31     3.4      81      31     112      31     3.4
perfect-square 1 16     0    0.25     128      55     183      55     4.3     128      55     183      55     4.3
perfect-square 1 16     0    1.10     522     197     719     197     4.5     522     197     719     197     4.5
perfect-square 1 16     0    0.61     277     109     386     109     5.5     277     109     386     109     5.5
perfect-square 1 16     0    1.10     551     215     766     215     5.2     551     215     766     215     5.2
perfect-square 1 16     0    3.05    1380     541    1921     541     4.4    1380     541    1921     541     4.4
perfect-square 1 16     0    2.32    1126     464    1590     464     4.6    1126     464    1590     464     4.6
perfect-square 1 16     0    0.30     132      46     178      46     4.7     132      46     178      46     4.7
perfect-square 1 16     0    1.58     712     262     974     262     3.2     712     262     974     262     3.2
perfect-square 1 16     0    0.21      92      37     129      37     4.8      92      37     129      37     4.8
perfect-square 1 16     0    1.11     509     182     691     182     4.5     509     182     691     182     4.5
perfect-square 1 16     0    0.34     164      64     228      64     3.9     164      64     228      64     3.9
perfect-square 1 16     0    0.66     310     117     427     117     4.7     310     117     427     117     4.7
perfect-square 1 16     0    0.59     264      92     356      92     3.7     264      92     356      92     3.7
perfect-square 1 16     0    0.35     164      59     223      59     3.9     164      59     223      59     3.9
perfect-square 1 16     0    0.90     396     130     526     130     4.0     396     130     526     130     4.0
perfect-square 1 16     0    0.24     101      38     139      38     3.1     101      38     139      38     3.1
perfect-square 1 16     0    0.40     179      68     247      68     4.7     179      68     247      68     4.7
perfect-square 1 16     0    0.14      55      18      73      18     5.6      55      18      73      18     5.6
perfect-square 1 16     0    2.29    1056     419    1475     419     5.4    1056     419    1475     419     5.4
perfect-square 1 16     0    0.85     392     150     542     150     5.4     392     150     542     150     5.4
perfect-square 1 16     0    0.68     294     116     410     116     5.1     294     116     410     116     5.1
perfect-square 2 4     0    5.34    1083     486    1569     486     6.2    1083     486    1569     486     6.2
perfect-square 2 4     0    3.90     715     279     994     279     5.8     715     279     994     279     5.8
perfect-square 2 4     0    1.98     353     127     480     127     5.9     353     127     480     127     5.9
perfect-square 2 4     0    9.87    1942     854    2796     854     6.1    1942     854    2796     854     6.1
perfect-square 2 4     0    4.46     990     469    1459     469     6.8     990     469    1459     469     6.8
perfect-square 2 4     0   17.57    3496    1521    5017    1521     6.7    3496    1521    5017    1521     6.7
perfect-square 2 4     0    5.47    1230     608    1838     608     7.1    1230     608    1838     608     7.1
perfect-square 2 4     0    2.11     423     188     611     188     6.3     423     188     611     188     6.3
perfect-square 2 4     0    0.72     228     134     362     134     8.3     228     134     362     134     8.3
perfect-square 2 4     0   24.29    5269    2523    7792    2523     7.1    5269    2523    7792    2523     7.1
perfect-square 2 4     0    2.14     466     220     686     220     6.4     466     220     686     220     6.4
perfect-square 2 4     0    3.54     728     327    1055     327     6.0     728     327    1055     327     6.0
perfect-square 2 4     0   22.04    4904    2372    7276    2372     7.1    4904    2372    7276    2372     7.1
perfect-square 2 4     0    2.52     585     293     878     293     6.6     585     293     878     293     6.6
perfect-square 2 4     0    3.28     671     316     987     316     6.9     671     316     987     316     6.9
perfect-square 2 4     0    2.79     510     207     717     207     4.5     510     207     717     207     4.5
perfect-square 2 4     0    2.37     485     207     692     207     5.9     485     207     692     207     5.9
perfect-square 2 4     0    4.52    1019     488    1507     488     6.8    1019     488    1507     488     6.8
perfect-square 2 4     0    6.19    1313     610    1923     610     6.6    1313     610    1923     610     6.6
perfect-square 2 4     0    3.88     724     286    1010     286     6.0     724     286    1010     286     6.0
perfect-square 2 4     0    3.69     740     335    1075     335     6.8     740     335    1075     335     6.8
perfect-square 2 4     0    3.92     619     213     832     213     5.0     619     213     832     213     5.0
perfect-square 2 4     0   11.45    2394    1111    3505    1111     6.6    2394    1111    3505    1111     6.6
perfect-square 2 4     0    8.72    1744     777    2521     777     6.2    1744     777    2521     777     6.2
perfect-square 2 4     0    7.59    1525     680    2205     680     6.8    1525     680    2205     680     6.8
perfect-square 2 4     0   27.99    5775    2654    8429    2654     6.4    5775    2654    8429    2654     6.4
perfect-square 2 4     0    6.53    1432     687    2119     687     6.8    1432     687    2119     687     6.8
perfect-square 2 4     0    8.15    1508     609    2117     609     5.3    1508     609    2117     609     5.3
perfect-square 2 4     0   12.81    2459    1066    3525    1066     6.4    2459    1066    3525    1066     6.4
perfect-square 2 4     0    5.81    1198     540    1738     540     7.2    1198     540    1738     540     7.2
perfect-square 2 8     0    1.55     303     136     439     136     7.3     303     136     439     136     7.3
perfect-square 2 8     0    4.47    1048     523    1571     523     6.7    1048     523    1571     523     6.7
perfect-square 2 8     0    1.01     162      50     212      50     5.5     162      50     212      50     5.5
perfect-square 2 8     0    5.92    1306     617    1923     617     7.6    1306     617    1923     617     7.6
perfect-square 2 8     0    4.67     957     421    1378     421     6.2     957     421    1378     421     6.2
perfect-square 2 8     0   10.21    2075     961    3036     961     6.1    2075     961    3036     961     6.1
perfect-square 2 8     0    1.22     194      67     261      67     4.3     194      67     261      67     4.3
perfect-square 2 8     0    3.23     723     366    1089     366     6.5     723     366    1089     366     6.5
perfect-square 2 8     0    1.74     311     122     433     122     6.0     311     122     433     122     6.0
perfect-square 2 8     0    4.39     957     452    1409     452     6.8     957     452    1409     452     6.8
perfect-square 2 8     0    3.31     611     249     860     249     5.4     611     249     860     249     5.4
perfect-square 2 8     0    1.11     227     100     327     100     6.5     227     100     327     100     6.5
perfect-square 2 8     0    4.65     978     457    1435     457     7.6     978     457    1435     457     7.6
perfect-square 2 8     0    6.33    1192     499    1691     499     6.1    1192     499    1691     499     6.1
perfect-square 2 8     0    1.00     163      56     219      56     6.5     163      56     219      56     6.5
perfect-square 2 8     0    0.69     188     111     299     111     8.7     188     111     299     111     8.7
perfect-square 2 8     0    1.63     290     107     397     107     4.5     290     107     397     107     4.5
perfect-square 2 8     0   10.53    2016     852    2868     852     6.5    2016     852    2868     852     6.5
perfect-square 2 8     0    2.24     424     175     599     175     4.8     424     175     599     175     4.8
perfect-square 2 8     0    2.48     483     191     674     191     5.5     483     191     674     191     5.5
perfect-square 2 8     0    0.94     206      96     302      96     7.2     206      96     302      96     7.2
perfect-square 2 8     0    1.37     278     122     400     122     7.5     278     122     400     122     7.5
perfect-square 2 8     0    6.45    1246     549    1795     549     5.2    1246     549    1795     549     5.2
perfect-square 2 8     0    1.25     217      86     303      86     5.8     217      86     303      86     5.8
perfect-square 2 8     0    2.48     428     158     586     158     4.5     428     158     586     158     4.5
perfect-square 2 8     0    4.27     859     377    1236     377     6.6     859     377    1236     377     6.6
perfect-square 2 8     0    0.92     159      54     213      54     6.0     159      54     213      54     6.0
perfect-square 2 8     0   16.08    3535    1680    5215    1680     6.7    3535    1680    5215    1680     6.7
perfect-square 2 8     0    5.84    1074     445    1519     445     5.9    1074     445    1519     445     5.9
perfect-square 2 8     0    5.43    1053     436    1489     436     6.2    1053     436    1489     436     6.2
perfect-square 2 16     0    2.90     668     340    1008     340     7.5     668     340    1008     340     7.5
perfect-square 2 16     0    0.20      36      10      46      10     5.0      36      10      46      10     5.0
perfect-square 2 16     0    3.27     752     372    1124     372     6.7     752     372    1124     372     6.7
perfect-square 2 16     0    1.20     186      58     244      58     4.5     186      58     244      58     4.5
perfect-square 2 16     0    4.62     981     457    1438     457     6.9     981     457    1438     457     6.9
perfect-square 2 16     0    0.95     194      74     268      74     4.2     194      74     268      74     4.2
perfect-square 2 16     0    2.87     558     236     794     236     6.3     558     236     794     236     6.3
perfect-square 2 16     0    4.48    1094     562    1656     562     7.2    1094     562    1656     562     7.2
perfect-square 2 16     0    1.04     223     104     327     104     6.2     223     104     327     104     6.2
perfect-square 2 16     0    1.06     229     108     337     108     7.3     229     108     337     108     7.3
perfect-square 2 16     0    4.91    1001     447    1448     447     5.3    1001     447    1448     447     5.3
perfect-square 2 16     0    1.10     258     128     386     128     5.9     258     128     386     128     5.9
perfect-square 2 16     0    3.59     733     336    1069     336     6.4     733     336    1069     336     6.4
perfect-square 2 16     0    2.39     477     213     690     213     5.5     477     213     690     213     5.5
perfect-square 2 16     0    0.80     157      65     222      65     6.6     157      65     222      65     6.6
perfect-square 2 16     0    1.08     184      63     247      63     3.9     184      63     247      63     3.9
perfect-square 2 16     0   10.81    2326    1087    3413    1087     6.5    2326    1087    3413    1087     6.5
perfect-square 2 16     0    0.71     122      37     159      37     4.5     122      37     159      37     4.5
perfect-square 2 16     0    2.32     371     125     496     125     3.9     371     125     496     125     3.9
perfect-square 2 16     0    4.17     787     311    1098     311     5.9     787     311    1098     311     5.9
perfect-square 2 16     0    2.88     602     276     878     276     6.5     602     276     878     276     6.5
perfect-square 2 16     0    4.01     652     230     882     230     4.8     652     230     882     230     4.8
perfect-square 2 16     0    1.34     249      96     345      96     6.6     249      96     345      96     6.6
perfect-square 2 16     0    1.03     246     119     365     119     6.3     246     119     365     119     6.3
perfect-square 2 16     0    0.95     172      63     235      63     5.2     172      63     235      63     5.2
perfect-square 2 16     0    0.81     152      66     218      66     8.3     152      66     218      66     8.3
perfect-square 2 16     0    2.25     534     268     802     268     7.7     534     268     802     268     7.7
perfect-square 2 16     0    1.23     223      77     300      77     5.8     223      77     300      77     5.8
perfect-square 2 16     0    0.87     179      81     260      81     6.9     179      81     260      81     6.9
perfect-square 2 16     0    1.13     214      88     302      88     5.1     214      88     302      88     5.1
perfect-square 3 4     0   20.12    2881    1377    4258    1377     3.9    2881    1377    4258    1377     3.9
perfect-square 3 4     0    4.94     578     223     801     223     4.8     578     223     801     223     4.8
perfect-square 3 4     0   12.49    1661     760    2421     760     4.0    1661     760    2421     760     4.0
perfect-square 3 4     0    4.40     686     362    1048     362     3.4     686     362    1048     362     3.4
perfect-square 3 4     0   62.50    8775    4226   13001    4226     4.5    8775    4226   13001    4226     4.5
perfect-square 3 4     0    3.24     402     172     574     172     3.0     402     172     574     172     3.0
perfect-square 3 4     0   45.23    6523    3187    9710    3187     4.0    6523    3187    9710    3187     4.0
perfect-square 3 4     0   17.62    2659    1350    4009    1350     4.2    2659    1350    4009    1350     4.2
perfect-square 3 4     0    2.58     347     149     496     149     5.6     347     149     496     149     5.6
perfect-square 3 4     0    4.10     651     330     981     330     3.8     651     330     981     330     3.8
perfect-square 3 4     0   19.58    2743    1314    4057    1314     4.0    2743    1314    4057    1314     4.0
perfect-square 3 4     0   11.98    1796     895    2691     895     4.5    1796     895    2691     895     4.5
perfect-square 3 4     0    8.23    1108     486    1594     486     5.0    1108     486    1594     486     5.0
perfect-square 3 4     0   61.53    8996    4434   13430    4434     3.9    8996    4434   13430    4434     3.9
perfect-square 3 4     0   13.57    2010    1014    3024    1014     4.5    2010    1014    3024    1014     4.5
perfect-square 3 4     0   43.22    6295    3102    9397    3102     3.9    6295    3102    9397    3102     3.9
perfect-square 3 4     0    9.95    1567     799    2366     799     3.6    1567     799    2366     799     3.6
perfect-square 3 4     0   25.95    4070    2127    6197    2127     4.4    4070    2127    6197    2127     4.4
perfect-square 3 4     0    9.86    1263     568    1831     568     4.2    1263     568    1831     568     4.2
perfect-square 3 4     0    9.67    1355     630    1985     630     3.7    1355     630    1985     630     3.7
perfect-square 3 4     0    1.29     136      44     180      44     4.3     136      44     180      44     4.3
perfect-square 3 4     0    3.85     526     244     770     244     4.7     526     244     770     244     4.7
perfect-square 3 4     0   59.17    7960    3714   11674    3714     4.5    7960    3714   11674    3714     4.5
perfect-square 3 4     0    5.60     726     326    1052     326     5.1     726     326    1052     326     5.1
perfect-square 3 4     0   25.44    3543    1661    5204    1661     4.5    3543    1661    5204    1661     4.5
perfect-square 3 4     0   11.50    1826     968    2794     968     3.6    1826     968    2794     968     3.6
perfect-square 3 4     0   28.87    4510    2372    6882    2372     3.3    4510    2372    6882    2372     3.3
perfect-square 3 4     0   14.60    2395    1276    3671    1276     3.7    2395    1276    3671    1276     3.7
perfect-square 3 4     0   12.29    1741     805    2546     805     4.7    1741     805    2546     805     4.7
perfect-square 3 4     0    8.36    1251     620    1871     620     4.3    1251     620    1871     620     4.3
perfect-square 3 8     0    3.72     596     302     898     302     3.0     596     302     898     302     3.0
perfect-square 3 8     0    3.92     507     210     717     210     4.0     507     210     717     210     4.0
perfect-square 3 8     0    3.52     602     325     927     325     3.2     602     325     927     325     3.2
perfect-square 3 8     0    4.35     533     228     761     228     5.0     533     228     761     228     5.0
perfect-square 3 8     0    2.21     302     140     442     140     3.8     302     140     442     140     3.8
perfect-square 3 8     0    8.15    1108     530    1638     530     4.7    1108     530    1638     530     4.7
perfect-square 3 8     0    3.51     414     148     562     148     3.2     414     148     562     148     3.2
perfect-square 3 8     0    1.28     157      62     219      62     3.4     157      62     219      62     3.4
perfect-square 3 8     0    5.60     843     398    1241     398     4.3     843     398    1241     398     4.3
perfect-square 3 8     0    1.93     301     153     454     153     2.7     301     153     454     153     2.7
perfect-square 3 8     0    7.55    1028     477    1505     477     5.2    1028     477    1505     477     5.2
perfect-square 3 8     0    6.24     918     456    1374     456     4.3     918     456    1374     456     4.3
perfect-square 3 8     0    1.72     229      95     324      95     3.8     229      95     324      95     3.8
perfect-square 3 8     0    7.20    1090     541    1631     541     3.2    1090     541    1631     541     3.2
perfect-square 3 8     0    1.02     109      37     146      37     4.2     109      37     146      37     4.2
perfect-square 3 8     0    3.67     578     304     882     304     3.1     578     304     882     304     3.1
perfect-square 3 8     0   30.80    4796    2505    7301    2505     3.6    4796    2505    7301    2505     3.6
perfect-square 3 8     0    1.37     162      68     230      68     7.5     162      68     230      68     7.5
perfect-square 3 8     0    2.21     271     107     378     107     4.9     271     107     378     107     4.9
perfect-square 3 8     0    4.49     545     217     762     217     4.2     545     217     762     217     4.2
perfect-square 3 8     0    0.94     126      50     176      50     3.0     126      50     176      50     3.0
perfect-square 3 8     0    4.58     583     242     825     242     5.4     583     242     825     242     5.4
perfect-square 3 8     0    8.65    1181     558    1739     558     4.3    1181     558    1739     558     4.3
perfect-square 3 8     0   12.96    1997    1025    3022    1025     3.8    1997    1025    3022    1025     3.8
perfect-square 3 8     0    6.73     949     445    1394     445     3.5     949     445    1394     445     3.5
perfect-square 3 8     0   11.14    1595     804    2399     804     3.7    1595     804    2399     804     3.7
perfect-square 3 8     0    6.68    1030     536    1566     536     3.2    1030     536    1566     536     3.2
perfect-square 3 8     0   13.74    1598     678    2276     678     4.5    1598     678    2276     678     4.5
perfect-square 3 8     0    2.40     413     217     630     217     3.5     413     217     630     217     3.5
perfect-square 3 8     0   44.20    6412    3137    9549    3137     4.2    6412    3137    9549    3137     4.2
perfect-square 3 16     0    1.12     186     106     292     106     3.1     186     106     292     106     3.1
perfect-square 3 16     0    2.91     355     153     508     153     4.1     355     153     508     153     4.1
perfect-square 3 16     0   12.37    1560     675    2235     675     3.8    1560     675    2235     675     3.8
perfect-square 3 16     0    3.18     467     232     699     232     2.6     467     232     699     232     2.6
perfect-square 3 16     0    3.90     542     276     818     276     4.7     542     276     818     276     4.7
perfect-square 3 16     0    2.86     481     253     734     253     2.9     481     253     734     253     2.9
perfect-square 3 16     0    5.50     796     376    1172     376     3.9     796     376    1172     376     3.9
perfect-square 3 16     0    4.31     549     253     802     253     5.8     549     253     802     253     5.8
perfect-square 3 16     0   10.22    1542     763    2305     763     3.8    1542     763    2305     763     3.8
perfect-square 3 16     0    9.29    1305     647    1952     647     3.9    1305     647    1952     647     3.9
perfect-square 3 16     0    6.40     926     444    1370     444     4.8     926     444    1370     444     4.8
perfect-square 3 16     0    4.95     722     356    1078     356     3.7     722     356    1078     356     3.7
perfect-square 3 16     0    4.03     535     232     767     232     3.5     535     232     767     232     3.5
perfect-square 3 16     0    3.28     513     266     779     266     3.9     513     266     779     266     3.9
perfect-square 3 16     0    6.20     880     416    1296     416     3.2     880     416    1296     416     3.2
perfect-square 3 16     0   14.82    1959     878    2837     878     4.1    1959     878    2837     878     4.1
perfect-square 3 16     0    7.32    1007     461    1468     461     4.4    1007     461    1468     461     4.4
perfect-square 3 16     0    5.58     743     338    1081     338     4.1     743     338    1081     338     4.1
perfect-square 3 16     0    7.08     962     456    1418     456     3.6     962     456    1418     456     3.6
perfect-square 3 16     0    1.49     283     163     446     163     3.1     283     163     446     163     3.1
perfect-square 3 16     0    7.72    1103     547    1650     547     4.3    1103     547    1650     547     4.3
perfect-square 3 16     0    3.87     534     252     786     252     3.2     534     252     786     252     3.2
perfect-square 3 16     0    2.19     258     100     358     100     2.7     258     100     358     100     2.7
perfect-square 3 16     0    6.13     848     379    1227     379     4.4     848     379    1227     379     4.4
perfect-square 3 16     0    1.03     145      65     210      65     5.2     145      65     210      65     5.2
perfect-square 3 16     0    3.24     456     211     667     211     3.2     456     211     667     211     3.2
perfect-square 3 16     0    1.55     189      75     264      75     3.3     189      75     264      75     3.3
perfect-square 3 16     0    2.31     314     137     451     137     4.5     314     137     451     137     4.5
perfect-square 3 16     0    3.85     696     394    1090     394     3.3     696     394    1090     394     3.3
perfect-square 3 16     0    1.65     239     121     360     121     6.3     239     121     360     121     6.3
perfect-square 4 4     0    4.15     529     324     853     324     3.3     529     324     853     324     3.3
perfect-square 4 4     0    8.21     683     288     971     288     4.1     683     288     971     288     4.1
perfect-square 4 4     0   34.29    3348    1678    5026    1678     4.4    3348    1678    5026    1678     4.4
perfect-square 4 4     0   30.69    3269    1698    4967    1698     4.1    3269    1698    4967    1698     4.1
perfect-square 4 4     0    6.18     575     267     842     267     6.7     575     267     842     267     6.7
perfect-square 4 4     0   72.18    7901    4194   12095    4194     4.8    7901    4194   12095    4194     4.8
perfect-square 4 4     0   21.86    2331    1199    3530    1199     3.8    2331    1199    3530    1199     3.8
perfect-square 4 4     0  104.34   10469    5228   15697    5228     4.7   10469    5228   15697    5228     4.7
perfect-square 4 4     0   28.10    2679    1290    3969    1290     4.8    2679    1290    3969    1290     4.8
perfect-square 4 4     0   44.53    4619    2412    7031    2412     4.4    4619    2412    7031    2412     4.4
perfect-square 4 4     0    9.25    1051     571    1622     571     5.6    1051     571    1622     571     5.6
perfect-square 4 4     0   21.61    2084     987    3071     987     4.8    2084     987    3071     987     4.8
perfect-square 4 4     0   48.60    5297    2784    8081    2784     4.2    5297    2784    8081    2784     4.2
perfect-square 4 4     0   65.95    6394    3148    9542    3148     4.8    6394    3148    9542    3148     4.8
perfect-square 4 4     0   36.66    3870    1982    5852    1982     4.8    3870    1982    5852    1982     4.8
perfect-square 4 4     0   69.40    7606    4013   11619    4013     4.1    7606    4013   11619    4013     4.1
perfect-square 4 4     0   14.99    1582     799    2381     799     4.5    1582     799    2381     799     4.5
perfect-square 4 4     0    1.13      97      35     132      35     3.8      97      35     132      35     3.8
perfect-square 4 4     0   12.50    1258     606    1864     606     5.2    1258     606    1864     606     5.2
perfect-square 4 4     0    9.73     887     411    1298     411     5.5     887     411    1298     411     5.5
perfect-square 4 4     0    2.33     178      72     250      72     6.5     178      72     250      72     6.5
perfect-square 4 4     0   17.30    1735     858    2593     858     4.6    1735     858    2593     858     4.6
perfect-square 4 4     0   10.99    1367     744    2111     744     3.9    1367     744    2111     744     3.9
perfect-square 4 4     0   11.38    1197     639    1836     639     4.0    1197     639    1836     639     4.0
perfect-square 4 4     0    4.32     334     129     463     129     4.3     334     129     463     129     4.3
perfect-square 4 4     0    3.00     288     144     432     144     5.7     288     144     432     144     5.7
perfect-square 4 4     0   24.97    2483    1246    3729    1246     5.2    2483    1246    3729    1246     5.2
perfect-square 4 4     0   83.95    8788    4511   13299    4511     4.6    8788    4511   13299    4511     4.6
perfect-square 4 4     0    9.98    1137     635    1772     635     3.4    1137     635    1772     635     3.4
perfect-square 4 4     0   54.09    5652    2949    8601    2949     4.1    5652    2949    8601    2949     4.1
perfect-square 4 8     0    8.55     745     317    1062     317     4.8     745     317    1062     317     4.8
perfect-square 4 8     0   26.10    2704    1403    4107    1403     4.6    2704    1403    4107    1403     4.6
perfect-square 4 8     0   34.23    3231    1520    4751    1520     5.0    3231    1520    4751    1520     5.0
perfect-square 4 8     0    9.18     954     465    1419     465     3.8     954     465    1419     465     3.8
perfect-square 4 8     0   23.11    2411    1209    3620    1209     4.5    2411    1209    3620    1209     4.5
perfect-square 4 8     0   30.88    3012    1495    4507    1495     4.4    3012    1495    4507    1495     4.4
perfect-square 4 8     0    9.04    1005     522    1527     522     3.6    1005     522    1527     522     3.6
perfect-square 4 8     0    1.74     139      53     192      53     5.0     139      53     192      53     5.0
perfect-square 4 8     0    8.44     922     502    1424     502     3.8     922     502    1424     502     3.8
perfect-square 4 8     0   25.77    2565    1296    3861    1296     4.2    2565    1296    3861    1296     4.2
perfect-square 4 8     0    5.24     386     162     548     162     6.9     386     162     548     162     6.9
perfect-square 4 8     0   13.46    1279     615    1894     615     4.4    1279     615    1894     615     4.4
perfect-square 4 8     0   10.99    1070     521    1591     521     4.8    1070     521    1591     521     4.8
perfect-square 4 8     0    4.81     537     267     804     267     3.2     537     267     804     267     3.2
perfect-square 4 8     0   85.47    8861    4554   13415    4554     4.6    8861    4554   13415    4554     4.6
perfect-square 4 8     0   31.32    3107    1552    4659    1552     4.7    3107    1552    4659    1552     4.7
perfect-square 4 8     0    3.25     205      67     272      67     5.0     205      67     272      67     5.0
perfect-square 4 8     0   12.52    1377     731    2108     731     4.0    1377     731    2108     731     4.0
perfect-square 4 8     0    7.18     821     437    1258     437     5.0     821     437    1258     437     5.0
perfect-square 4 8     0   10.69     892     395    1287     395     4.3     892     395    1287     395     4.3
perfect-square 4 8     0    5.74     551     252     803     252     5.7     551     252     803     252     5.7
perfect-square 4 8     0    8.86    1006     542    1548     542     4.0    1006     542    1548     542     4.0
perfect-square 4 8     0   21.03    2488    1374    3862    1374     4.3    2488    1374    3862    1374     4.3
perfect-square 4 8     0    2.64     263     135     398     135     3.8     263     135     398     135     3.8
perfect-square 4 8     0    3.26     252      90     342      90     5.9     252      90     342      90     5.9
perfect-square 4 8     0   11.35    1247     678    1925     678     5.0    1247     678    1925     678     5.0
perfect-square 4 8     0   16.27    1445     667    2112     667     4.6    1445     667    2112     667     4.6
perfect-square 4 8     0    1.82     144      58     202      58     2.6     144      58     202      58     2.6
perfect-square 4 8     0    8.29     813     389    1202     389     4.5     813     389    1202     389     4.5
perfect-square 4 8     0    9.12     924     459    1383     459     4.6     924     459    1383     459     4.6
perfect-square 4 16     0    0.78      75      27     102      27     6.6      75      27     102      27     6.6
perfect-square 4 16     0    7.64     800     406    1206     406     4.0     800     406    1206     406     4.0
perfect-square 4 16     0    5.31     598     317     915     317     4.9     598     317     915     317     4.9
perfect-square 4 16     0    2.38     249     116     365     116     3.3     249     116     365     116     3.3
perfect-square 4 16     0    3.72     357     170     527     170     4.2     357     170     527     170     4.2
perfect-square 4 16     0   24.17    2454    1223    3677    1223     4.8    2454    1223    3677    1223     4.8
perfect-square 4 16     0    8.61     777     340    1117     340     5.1     777     340    1117     340     5.1
perfect-square 4 16     0   10.17    1059     537    1596     537     5.8    1059     537    1596     537     5.8
perfect-square 4 16     0    2.77     294     156     450     156     5.1     294     156     450     156     5.1
perfect-square 4 16     0    8.46     706     303    1009     303     4.9     706     303    1009     303     4.9
perfect-square 4 16     0    5.61     650     340     990     340     3.7     650     340     990     340     3.7
perfect-square 4 16     0    1.69     205     114     319     114     1.8     205     114     319     114     1.8
perfect-square 4 16     0    0.28      22       4      26       4     2.9      22       4      26       4     2.9
perfect-square 4 16     0    0.77      78      35     113      35     2.4      78      35     113      35     2.4
perfect-square 4 16     0   16.86    2005    1123    3128    1123     4.5    2005    1123    3128    1123     4.5
perfect-square 4 16     0    0.80      82      39     121      39     3.4      82      39     121      39     3.4
perfect-square 4 16     0   23.98    2381    1183    3564    1183     4.6    2381    1183    3564    1183     4.6
perfect-square 4 16     0    2.79     207      80     287      80     4.9     207      80     287      80     4.9
perfect-square 4 16     0    5.16     509     240     749     240     4.1     509     240     749     240     4.1
perfect-square 4 16     0    8.73     845     397    1242     397     3.8     845     397    1242     397     3.8
perfect-square 4 16     0    8.58    1016     546    1562     546     4.1    1016     546    1562     546     4.1
perfect-square 4 16     0    3.90     420     220     640     220     4.9     420     220     640     220     4.9
perfect-square 4 16     0    7.37     681     319    1000     319     4.1     681     319    1000     319     4.1
perfect-square 4 16     0    9.60    1030     519    1549     519     4.5    1030     519    1549     519     4.5
perfect-square 4 16     0   16.31    1727     879    2606     879     4.3    1727     879    2606     879     4.3
perfect-square 4 16     0   10.21    1137     588    1725     588     4.6    1137     588    1725     588     4.6
perfect-square 4 16     0    1.35     119      44     163      44     4.7     119      44     163      44     4.7
perfect-square 4 16     0    1.39     160      82     242      82     4.4     160      82     242      82     4.4
perfect-square 4 16     0    1.08      82      25     107      25     6.3      82      25     107      25     6.3
perfect-square 4 16     0    4.72     526     289     815     289     5.2     526     289     815     289     5.2
