perfect-square 1 1     0   11.85    5692    2387    8079    2387     5.3    5692    2387    8079    2387     5.3
perfect-square 1 1     0    6.40    3003    1214    4217    1214     4.8    3003    1214    4217    1214     4.8
perfect-square 1 1     0    6.29    2890    1107    3997    1107     4.7    2890    1107    3997    1107     4.7
perfect-square 1 1     0    1.56     787     337    1124     337     5.3     787     337    1124     337     5.3
perfect-square 1 1     0   25.87   12119    4878   16997    4878     4.8   12119    4878   16997    4878     4.8
perfect-square 1 1     0    6.64    3174    1323    4497    1323     5.0    3174    1323    4497    1323     5.0
perfect-square 1 1     0   15.55    7125    2764    9889    2764     4.7    7125    2764    9889    2764     4.7
perfect-square 1 1     0    2.08     961     376    1337     376     4.7     961     376    1337     376     4.7
perfect-square 1 1     0   33.12   15234    5999   21233    5999     4.6   15234    5999   21233    5999     4.6
perfect-square 1 1     0    2.38    1150     502    1652     502     5.9    1150     502    1652     502     5.9
perfect-square 1 1     0   31.11   14564    5853   20417    5853     4.8   14564    5853   20417    5853     4.8
perfect-square 1 1     0    4.97    2284     881    3165     881     4.8    2284     881    3165     881     4.8
perfect-square 1 1     0   17.68    8091    3204   11295    3204     4.6    8091    3204   11295    3204     4.6
perfect-square 1 1     0    2.38    1151     474    1625     474     5.1    1151     474    1625     474     5.1
perfect-square 1 1     0   17.73    8297    3301   11598    3301     4.7    8297    3301   11598    3301     4.7
perfect-square 1 1     0    1.01     483     178     661     178     3.4     483     178     661     178     3.4
perfect-square 1 1     0    4.62    2245     905    3150     905     4.7    2245     905    3150     905     4.7
perfect-square 1 1     0   37.39   17317    6819   24136    6819     4.7   17317    6819   24136    6819     4.7
perfect-square 1 1     0    5.46    2672    1142    3814    1142     5.6    2672    1142    3814    1142     5.6
perfect-square 1 1     0    1.43     654     257     911     257     4.5     654     257     911     257     4.5
perfect-square 1 1     0    8.99    4201    1673    5874    1673     4.9    4201    1673    5874    1673     4.9
perfect-square 1 1     0   16.25    7615    3066   10681    3066     4.7    7615    3066   10681    3066     4.7
perfect-square 1 1     0    0.85     428     189     617     189     2.7     428     189     617     189     2.7
perfect-square 1 1     0    2.26    1067     400    1467     400     4.4    1067     400    1467     400     4.4
perfect-square 1 1     0    1.21     583     235     818     235     4.9     583     235     818     235     4.9
perfect-square 1 1     0   17.17    8104    3325   11429    3325     5.1    8104    3325   11429    3325     5.1
perfect-square 1 1     0    3.28    1579     651    2230     651     5.5    1579     651    2230     651     5.5
perfect-square 1 1     0    6.89    3234    1278    4512    1278     4.9    3234    1278    4512    1278     4.9
perfect-square 1 1     0   40.91   19270    7738   27008    7738     4.8   19270    7738   27008    7738     4.8
perfect-square 1 1     0    9.87    4631    1841    6472    1841     5.0    4631    1841    6472    1841     5.0
perfect-square 1 2     0    8.61    4066    1635    5701    1635     4.9    4066    1635    5701    1635     4.9
perfect-square 1 2     0    4.88    2308     919    3227     919     4.1    2308     919    3227     919     4.1
perfect-square 1 2     0    9.34    4496    1824    6320    1824     5.2    4496    1824    6320    1824     5.2
perfect-square 1 2     0   12.19    5794    2365    8159    2365     5.0    5794    2365    8159    2365     5.0
perfect-square 1 2     0    3.12    1407     533    1940     533     4.3    1407     533    1940     533     4.3
perfect-square 1 2     0    7.31    3358    1330    4688    1330     5.0    3358    1330    4688    1330     5.0
perfect-square 1 2     0   14.69    6590    2500    9090    2500     4.4    6590    2500    9090    2500     4.4
perfect-square 1 2     0    7.03    3196    1245    4441    1245     5.0    3196    1245    4441    1245     5.0
perfect-square 1 2     0    7.41    3605    1475    5080    1475     4.8    3605    1475    5080    1475     4.8
perfect-square 1 2     0    0.63     269      91     360      91     3.3     269      91     360      91     3.3
perfect-square 1 2     0   21.70   10023    3965   13988    3965     4.7   10023    3965   13988    3965     4.7
perfect-square 1 2     0   14.47    6610    2600    9210    2600     4.7    6610    2600    9210    2600     4.7
perfect-square 1 2     0    9.30    4431    1817    6248    1817     4.9    4431    1817    6248    1817     4.9
perfect-square 1 2     0    2.28    1044     385    1429     385     4.3    1044     385    1429     385     4.3
perfect-square 1 2     0    4.66    2144     827    2971     827     4.9    2144     827    2971     827     4.9
perfect-square 1 2     0    0.17      74      20      94      20     4.0      74      20      94      20     4.0
perfect-square 1 2     0    2.82    1264     475    1739     475     5.0    1264     475    1739     475     5.0
perfect-square 1 2     0    4.50    2055     806    2861     806     5.3    2055     806    2861     806     5.3
perfect-square 1 2     0    8.52    3970    1534    5504    1534     4.5    3970    1534    5504    1534     4.5
perfect-square 1 2     0    2.54    1214     474    1688     474     5.3    1214     474    1688     474     5.3
perfect-square 1 2     0   13.32    6111    2391    8502    2391     4.7    6111    2391    8502    2391     4.7
perfect-square 1 2     0   10.92    5075    2052    7127    2052     5.0    5075    2052    7127    2052     5.0
perfect-square 1 2     0    1.47     698     268     966     268     4.1     698     268     966     268     4.1
perfect-square 1 2     0    2.37    1118     437    1555     437     4.9    1118     437    1555     437     4.9
perfect-square 1 2     0   10.65    5116    2085    7201    2085     4.8    5116    2085    7201    2085     4.8
perfect-square 1 2     0    3.45    1656     686    2342     686     5.7    1656     686    2342     686     5.7
perfect-square 1 2     0   14.53    6711    2678    9389    2678     4.6    6711    2678    9389    2678     4.6
perfect-square 1 2     0    5.78    2726    1078    3804    1078     4.7    2726    1078    3804    1078     4.7
perfect-square 1 2     0    1.66     794     321    1115     321     4.6     794     321    1115     321     4.6
perfect-square 1 2     0    4.09    1904     728    2632     728     4.1    1904     728    2632     728     4.1
perfect-square 1 4     0    8.20    3831    1493    5324    1493     4.7    3831    1493    5324    1493     4.7
perfect-square 1 4     0    2.39    1137     436    1573     436     4.2    1137     436    1573     436     4.2
perfect-square 1 4     0   13.48    6130    2393    8523    2393     5.0    6130    2393    8523    2393     5.0
perfect-square 1 4     0    0.19      85      27     112      27     3.5      85      27     112      27     3.5
perfect-square 1 4     0    8.70    4008    1560    5568    1560     4.9    4008    1560    5568    1560     4.9
perfect-square 1 4     0    1.08     462     163     625     163     3.5     462     163     625     163     3.5
perfect-square 1 4     0    3.73    1855     777    2632     777     4.7    1855     777    2632     777     4.7
perfect-square 1 4     0    9.11    4310    1759    6069    1759     4.7    4310    1759    6069    1759     4.7
perfect-square 1 4     0    3.38    1576     587    2163     587     4.3    1576     587    2163     587     4.3
perfect-square 1 4     0    1.92     895     354    1249     354     5.1     895     354    1249     354     5.1
perfect-square 1 4     0    3.71    1662     628    2290     628     4.5    1662     628    2290     628     4.5
perfect-square 1 4     0    0.22      95      27     122      27     5.0      95      27     122      27     5.0
perfect-square 1 4     0    2.57    1206     506    1712     506     4.4    1206     506    1712     506     4.4
perfect-square 1 4     0    1.57     750     304    1054     304     5.0     750     304    1054     304     5.0
perfect-square 1 4     0    1.02     490     207     697     207     5.2     490     207     697     207     5.2
perfect-square 1 4     0    1.77     889     368    1257     368     4.5     889     368    1257     368     4.5
perfect-square 1 4     0    0.09      46      14      60      14     4.3      46      14      60      14     4.3
perfect-square 1 4     0    6.48    2998    1199    4197    1199     4.5    2998    1199    4197    1199     4.5
perfect-square 1 4     0    1.35     601     205     806     205     4.5     601     205     806     205     4.5
perfect-square 1 4     0    0.28     134      51     185      51     5.4     134      51     185      51     5.4
perfect-square 1 4     0    2.67    1267     500    1767     500     4.8    1267     500    1767     500     4.8
perfect-square 1 4     0    5.42    2559    1023    3582    1023     4.7    2559    1023    3582    1023     4.7
perfect-square 1 4     0    0.70     313     112     425     112     4.7     313     112     425     112     4.7
perfect-square 1 4     0    1.82     901     379    1280     379     4.9     901     379    1280     379     4.9
perfect-square 1 4     0    1.13     519     191     710     191     4.7     519     191     710     191     4.7
perfect-square 1 4     0    2.21     959     333    1292     333     4.6     959     333    1292     333     4.6
perfect-square 1 4     0    1.06     466     179     645     179     5.0     466     179     645     179     5.0
perfect-square 1 4     0    4.62    2134     851    2985     851     4.3    2134     851    2985     851     4.3
perfect-square 1 4     0    0.24     123      44     167      44     4.7     123      44     167      44     4.7
perfect-square 1 4     0    6.59    2833    1039    3872    1039     4.5    2833    1039    3872    1039     4.5
perfect-square 1 8     0    1.36     601     222     823     222     4.5     601     222     823     222     4.5
perfect-square 1 8     0    0.67     308     112     420     112     4.7     308     112     420     112     4.7
perfect-square 1 8     0    0.87     436     189     625     189     3.6     436     189     625     189     3.6
perfect-square 1 8     0   12.62    5845    2233    8078    2233     4.5    5845    2233    8078    2233     4.5
perfect-square 1 8     0    0.71     322     122     444     122     5.3     322     122     444     122     5.3
perfect-square 1 8     0    4.59    2204     907    3111     907     4.8    2204     907    3111     907     4.8
perfect-square 1 8     0    0.20      87      27     114      27     4.1      87      27     114      27     4.1
perfect-square 1 8     0    0.16      70      21      91      21     3.1      70      21      91      21     3.1
perfect-square 1 8     0    0.18      67      16      83      16     4.0      67      16      83      16     4.0
perfect-square 1 8     0    8.19    3899    1642    5541    1642     4.5    3899    1642    5541    1642     4.5
perfect-square 1 8     0    3.17    1400     552    1952     552     4.6    1400     552    1952     552     4.6
perfect-square 1 8     0    0.77     401     173     574     173     5.4     401     173     574     173     5.4
perfect-square 1 8     0    0.63     274     100     374     100     5.4     274     100     374     100     5.4
perfect-square 1 8     0    2.51    1204     490    1694     490     4.9    1204     490    1694     490     4.9
perfect-square 1 8     0    3.93    1755     667    2422     667     4.8    1755     667    2422     667     4.8
perfect-square 1 8     0    1.71     804     318    1122     318     5.1     804     318    1122     318     5.1
perfect-square 1 8     0    5.61    2638    1063    3701    1063     5.0    2638    1063    3701    1063     5.0
perfect-square 1 8     0    0.07      30      11      41      11     2.9      30      11      41      11     2.9
perfect-square 1 8     0    1.40     646     242     888     242     4.7     646     242     888     242     4.7
perfect-square 1 8     0    1.83     812     313    1125     313     4.3     812     313    1125     313     4.3
perfect-square 1 8     0    4.20    1875     714    2589     714     5.2    1875     714    2589     714     5.2
perfect-square 1 8     0    1.75     801     317    1118     317     4.1     801     317    1118     317     4.1
perfect-square 1 8     0    1.81     833     312    1145     312     4.8     833     312    1145     312     4.8
perfect-square 1 8     0    6.19    2970    1208    4178    1208     4.4    2970    1208    4178    1208     4.4
perfect-square 1 8     0    0.83     373     151     524     151     3.5     373     151     524     151     3.5
perfect-square 1 8     0    2.94    1366     547    1913     547     4.6    1366     547    1913     547     4.6
perfect-square 1 8     0    1.75     839     318    1157     318     4.9     839     318    1157     318     4.9
perfect-square 1 8     0    1.05     547     226     773     226     5.1     547     226     773     226     5.1
perfect-square 1 8     0    0.55     231      81     312      81     3.5     231      81     312      81     3.5
perfect-square 1 8     0    0.18      91      39     130      39     3.4      91      39     130      39     3.4
perfect-square 1 16     0    0.32     127      42     169      42     2.8     127      42     169      42     2.8
perfect-square 1 16     0    0.47     231      90     321      90     4.6     231      90     321      90     4.6
perfect-square 1 16     0    0.38     172      57     229      57     4.1     172      57     229      57     4.1
perfect-square 1 16     0    0.52     235      82     317      82     4.5     235      82     317      82     4.5
perfect-square 1 16     0    0.95     436     172     608     172     4.9     436     172     608     172     4.9
perfect-square 1 16     0    1.98     994     432    1426     432     6.5     994     432    1426     432     6.5
perfect-square 1 16     0    0.44     218      92     310      92     3.9     218      92     310      92     3.9
perfect-square 1 16     0    0.78     361     146     507     146     3.7     361     146     507     146     3.7
perfect-square 1 16     0    0.19      78      23     101      23     2.7      78      23     101      23     2.7
perfect-square 1 16     0    0.61     302     135     437     135     6.0     302     135     437     135     6.0
perfect-square 1 16     0    2.23    1110     466    1576     466     5.4    1110     466    1576     466     5.4
perfect-square 1 16     0    0.79     388     177     565     177     6.5     388     177     565     177     6.5
perfect-square 1 16     0    0.34     173      66     239      66     5.3     173      66     239      66     5.3
perfect-square 1 16     0    0.46     195      72     267      72     3.0     195      72     267      72     3.0
perfect-square 1 16     0    0.15      62      17      79      17     3.4      62      17      79      17     3.4
perfect-square 1 16     0    0.28     133      47     180      47     4.2     133      47     180      47     4.2
perfect-square 1 16     0    1.40     609     218     827     218     4.8     609     218     827     218     4.8
perfect-square 1 16     0    0.32     139      50     189      50     4.9     139      50     189      50     4.9
perfect-square 1 16     0    0.21      89      31     120      31     5.0      89      31     120      31     5.0
perfect-square 1 16     0    0.51     220      69     289      69     3.9     220      69     289      69     3.9
perfect-square 1 16     0    0.61     267     103     370     103     6.1     267     103     370     103     6.1
perfect-square 1 16     0    1.89     833     319    1152     319     5.0     833     319    1152     319     5.0
perfect-square 1 16     0    1.25     510     177     687     177     4.7     510     177     687     177     4.7
perfect-square 1 16     0    0.48     242     108     350     108     5.5     242     108     350     108     5.5
perfect-square 1 16     0    1.02     439     151     590     151     4.5     439     151     590     151     4.5
perfect-square 1 16     0    0.35     148      53     201      53     4.3     148      53     201      53     4.3
perfect-square 1 16     0    2.15     949     355    1304     355     4.0     949     355    1304     355     4.0
perfect-square 1 16     0    0.60     264      91     355      91     2.8     264      91     355      91     2.8
perfect-square 1 16     0    0.11      42       8      50       8     3.0      42       8      50       8     3.0
perfect-square 1 16     0    0.77     349     136     485     136     5.2     349     136     485     136     5.2
perfect-square 2 1     0   28.86    5768    2581    8349    2581     6.7    5768    2581    8349    2581     6.7
perfect-square 2 1     0  123.87   25736   11898   37634   11898     6.7   25736   11898   37634   11898     6.7
perfect-square 2 1     0   19.95    4135    1884    6019    1884     6.9    4135    1884    6019    1884     6.9
perfect-square 2 1     0   25.94    5152    2271    7423    2271     6.3    5152    2271    7423    2271     6.3
perfect-square 2 1     0   54.67   11475    5270   16745    5270     6.5   11475    5270   16745    5270     6.5
perfect-square 2 1     0   69.33   13971    6223   20194    6223     6.4   13971    6223   20194    6223     6.4
perfect-square 2 1     0   19.91    4372    2085    6457    2085     6.9    4372    2085    6457    2085     6.9
perfect-square 2 1     0    3.45     763     361    1124     361     6.8     763     361    1124     361     6.8
perfect-square 2 1     0   18.21    4200    2094    6294    2094     7.2    4200    2094    6294    2094     7.2
perfect-square 2 1     0   23.68    5014    2355    7369    2355     6.9    5014    2355    7369    2355     6.9
perfect-square 2 1     0   39.54    8072    3645   11717    3645     6.5    8072    3645   11717    3645     6.5
perfect-square 2 1     0    6.38    1298     575    1873     575     6.3    1298     575    1873     575     6.3
perfect-square 2 1     0   55.32   12077    5722   17799    5722     6.8   12077    5722   17799    5722     6.8
perfect-square 2 1     0   35.13    7237    3333   10570    3333     6.3    7237    3333   10570    3333     6.3
perfect-square 2 1     0   24.14    4925    2204    7129    2204     6.6    4925    2204    7129    2204     6.6
perfect-square 2 1     0   72.73   15468    7303   22771    7303     6.6   15468    7303   22771    7303     6.6
perfect-square 2 1     0    2.12     462     212     674     212     6.7     462     212     674     212     6.7
perfect-square 2 1     0   22.10    4165    1780    5945    1780     6.1    4165    1780    5945    1780     6.1
perfect-square 2 1     0   17.69    3862    1814    5676    1814     6.5    3862    1814    5676    1814     6.5
perfect-square 2 1     0   11.44    2462    1156    3618    1156     7.1    2462    1156    3618    1156     7.1
perfect-square 2 1     0   65.06   13005    5764   18769    5764     6.6   13005    5764   18769    5764     6.6
perfect-square 2 1     0   20.85    4792    2358    7150    2358     7.3    4792    2358    7150    2358     7.3
perfect-square 2 1     0   61.05   12910    6089   18999    6089     6.7   12910    6089   18999    6089     6.7
perfect-square 2 1     0   28.95    6017    2743    8760    2743     6.8    6017    2743    8760    2743     6.8
perfect-square 2 1     0    5.13    1151     558    1709     558     7.2    1151     558    1709     558     7.2
perfect-square 2 1     0   28.93    5779    2612    8391    2612     6.5    5779    2612    8391    2612     6.5
perfect-square 2 1     0    1.67     368     167     535     167     7.9     368     167     535     167     7.9
perfect-square 2 1     0   26.79    5577    2579    8156    2579     6.7    5577    2579    8156    2579     6.7
perfect-square 2 1     0    9.49    2059     967    3026     967     7.6    2059     967    3026     967     7.6
perfect-square 2 1     0    6.31    1470     731    2201     731     7.4    1470     731    2201     731     7.4
perfect-square 2 2     0   18.85    3899    1786    5685    1786     6.5    3899    1786    5685    1786     6.5
perfect-square 2 2     0    7.33    1659     813    2472     813     7.3    1659     813    2472     813     7.3
perfect-square 2 2     0   17.08    3531    1626    5157    1626     6.8    3531    1626    5157    1626     6.8
perfect-square 2 2     0    2.41     389     127     516     127     4.5     389     127     516     127     4.5
perfect-square 2 2     0   15.22    3339    1608    4947    1608     6.9    3339    1608    4947    1608     6.9
perfect-square 2 2     0   26.46    5612    2599    8211    2599     7.1    5612    2599    8211    2599     7.1
perfect-square 2 2     0   16.50    3539    1672    5211    1672     7.2    3539    1672    5211    1672     7.2
perfect-square 2 2     0   11.79    2631    1305    3936    1305     7.3    2631    1305    3936    1305     7.3
perfect-square 2 2     0    3.78     704     286     990     286     5.6     704     286     990     286     5.6
perfect-square 2 2     0   10.64    2294    1099    3393    1099     6.9    2294    1099    3393    1099     6.9
perfect-square 2 2     0   15.21    3525    1776    5301    1776     7.2    3525    1776    5301    1776     7.2
perfect-square 2 2     0   62.41   12479    5583   18062    5583     6.5   12479    5583   18062    5583     6.5
perfect-square 2 2     0   14.59    2825    1225    4050    1225     6.3    2825    1225    4050    1225     6.3
perfect-square 2 2     0   10.63    2405    1217    3622    1217     7.4    2405    1217    3622    1217     7.4
perfect-square 2 2     0   13.03    2478    1060    3538    1060     6.5    2478    1060    3538    1060     6.5
perfect-square 2 2     0   11.88    2165     860    3025     860     5.8    2165     860    3025     860     5.8
perfect-square 2 2     0    8.16    1712     789    2501     789     6.5    1712     789    2501     789     6.5
perfect-square 2 2     0    0.72     145      61     206      61     5.1     145      61     206      61     5.1
perfect-square 2 2     0   75.88   16226    7742   23968    7742     6.8   16226    7742   23968    7742     6.8
perfect-square 2 2     0   11.11    2320    1072    3392    1072     6.8    2320    1072    3392    1072     6.8
perfect-square 2 2     0   20.58    4356    2006    6362    2006     6.8    4356    2006    6362    2006     6.8
perfect-square 2 2     0   68.95   14483    6741   21224    6741     6.7   14483    6741   21224    6741     6.7
perfect-square 2 2     0    2.02     417     189     606     189     5.7     417     189     606     189     5.7
perfect-square 2 2     0    4.94     894     361    1255     361     6.2     894     361    1255     361     6.2
perfect-square 2 2     0   12.39    2522    1143    3665    1143     6.8    2522    1143    3665    1143     6.8
perfect-square 2 2     0    6.46    1689     907    2596     907     7.6    1689     907    2596     907     7.6
perfect-square 2 2     0   11.63    2644    1310    3954    1310     7.1    2644    1310    3954    1310     7.1
perfect-square 2 2     0    5.28    1134     536    1670     536     6.9    1134     536    1670     536     6.9
perfect-square 2 2     0   20.05    4224    1975    6199    1975     7.0    4224    1975    6199    1975     7.0
perfect-square 2 2     0   21.04    4009    1738    5747    1738     5.8    4009    1738    5747    1738     5.8
perfect-square 2 4     0    1.71     351     149     500     149     5.3     351     149     500     149     5.3
perfect-square 2 4     0    0.88     203      92     295      92     7.3     203      92     295      92     7.3
perfect-square 2 4     0    7.98    1572     693    2265     693     6.8    1572     693    2265     693     6.8
perfect-square 2 4     0    6.43    1362     640    2002     640     6.2    1362     640    2002     640     6.2
perfect-square 2 4     0   11.86    2581    1221    3802    1221     6.0    2581    1221    3802    1221     6.0
perfect-square 2 4     0   16.76    3820    1894    5714    1894     7.0    3820    1894    5714    1894     7.0
perfect-square 2 4     0   39.42    8095    3679   11774    3679     6.5    8095    3679   11774    3679     6.5
perfect-square 2 4     0   12.32    2623    1225    3848    1225     7.4    2623    1225    3848    1225     7.4
perfect-square 2 4     0   20.05    4253    2004    6257    2004     6.6    4253    2004    6257    2004     6.6
perfect-square 2 4     0    2.31     547     282     829     282     8.0     547     282     829     282     8.0
perfect-square 2 4     0    1.86     379     170     549     170     6.3     379     170     549     170     6.3
perfect-square 2 4     0    8.36    1737     797    2534     797     7.0    1737     797    2534     797     7.0
perfect-square 2 4     0   10.28    2350    1133    3483    1133     6.8    2350    1133    3483    1133     6.8
perfect-square 2 4     0   15.92    3356    1566    4922    1566     7.1    3356    1566    4922    1566     7.1
perfect-square 2 4     0   29.16    6139    2922    9061    2922     6.6    6139    2922    9061    2922     6.6
perfect-square 2 4     0   11.65    2664    1297    3961    1297     7.0    2664    1297    3961    1297     7.0
perfect-square 2 4     0    3.00     611     280     891     280     6.5     611     280     891     280     6.5
perfect-square 2 4     0    6.88    1578     783    2361     783     7.6    1578     783    2361     783     7.6
perfect-square 2 4     0    1.23     222      90     312      90     5.6     222      90     312      90     5.6
perfect-square 2 4     0    9.29    1966     931    2897     931     7.0    1966     931    2897     931     7.0
perfect-square 2 4     0    1.32     248      95     343      95     5.7     248      95     343      95     5.7
perfect-square 2 4     0   14.74    3155    1471    4626    1471     6.4    3155    1471    4626    1471     6.4
perfect-square 2 4     0    1.66     267      88     355      88     5.7     267      88     355      88     5.7
perfect-square 2 4     0   20.69    4410    2055    6465    2055     7.0    4410    2055    6465    2055     7.0
perfect-square 2 4     0    1.12     212      87     299      87     2.4     212      87     299      87     2.4
perfect-square 2 4     0   27.82    5918    2821    8739    2821     6.8    5918    2821    8739    2821     6.8
perfect-square 2 4     0    0.82     197      96     293      96     7.3     197      96     293      96     7.3
perfect-square 2 4     0    2.94     584     245     829     245     6.3     584     245     829     245     6.3
perfect-square 2 4     0    1.41     282     123     405     123     6.6     282     123     405     123     6.6
perfect-square 2 4     0    9.95    2086     955    3041     955     6.8    2086     955    3041     955     6.8
perfect-square 2 8     0    3.37     777     380    1157     380     6.4     777     380    1157     380     6.4
perfect-square 2 8     0    4.71    1101     565    1666     565     7.0    1101     565    1666     565     7.0
perfect-square 2 8     0    2.32     478     213     691     213     5.9     478     213     691     213     5.9
perfect-square 2 8     0    5.43    1104     508    1612     508     6.6    1104     508    1612     508     6.6
perfect-square 2 8     0    0.91     196      84     280      84     7.6     196      84     280      84     7.6
perfect-square 2 8     0    6.00    1210     552    1762     552     6.3    1210     552    1762     552     6.3
perfect-square 2 8     0    1.31     278     130     408     130     7.0     278     130     408     130     7.0
perfect-square 2 8     0    0.53      87      22     109      22     4.0      87      22     109      22     4.0
perfect-square 2 8     0    0.69     116      38     154      38     4.4     116      38     154      38     4.4
perfect-square 2 8     0    6.63    1395     655    2050     655     6.2    1395     655    2050     655     6.2
perfect-square 2 8     0   14.56    3028    1405    4433    1405     6.7    3028    1405    4433    1405     6.7
perfect-square 2 8     0   13.04    2830    1344    4174    1344     6.9    2830    1344    4174    1344     6.9
perfect-square 2 8     0    3.11     618     274     892     274     5.4     618     274     892     274     5.4
perfect-square 2 8     0    0.26      57      21      78      21     6.6      57      21      78      21     6.6
perfect-square 2 8     0    7.03    1539     726    2265     726     6.9    1539     726    2265     726     6.9
perfect-square 2 8     0    2.51     579     293     872     293     6.4     579     293     872     293     6.4
perfect-square 2 8     0    4.69    1011     490    1501     490     7.0    1011     490    1501     490     7.0
perfect-square 2 8     0   19.77    3900    1710    5610    1710     6.3    3900    1710    5610    1710     6.3
perfect-square 2 8     0    1.85     332     120     452     120     5.6     332     120     452     120     5.6
perfect-square 2 8     0    8.20    1861     939    2800     939     7.6    1861     939    2800     939     7.6
perfect-square 2 8     0    0.56     123      58     181      58     5.4     123      58     181      58     5.4
perfect-square 2 8     0   11.83    2426    1127    3553    1127     6.6    2426    1127    3553    1127     6.6
perfect-square 2 8     0    1.30     204      71     275      71     4.1     204      71     275      71     4.1
perfect-square 2 8     0    4.32     908     411    1319     411     6.3     908     411    1319     411     6.3
perfect-square 2 8     0    8.10    1867     948    2815     948     6.5    1867     948    2815     948     6.5
perfect-square 2 8     0    3.72     750     325    1075     325     5.4     750     325    1075     325     5.4
perfect-square 2 8     0    7.64    1733     851    2584     851     6.7    1733     851    2584     851     6.7
perfect-square 2 8     0   15.22    2921    1230    4151    1230     6.1    2921    1230    4151    1230     6.1
perfect-square 2 8     0    1.19     314     166     480     166     7.9     314     166     480     166     7.9
perfect-square 2 8     0    0.57     131      55     186      55     5.9     131      55     186      55     5.9
perfect-square 2 16     0    1.41     290     127     417     127     7.3     290     127     417     127     7.3
perfect-square 2 16     0    0.57      97      31     128      31     1.7      97      31     128      31     1.7
perfect-square 2 16     0    0.58     124      52     176      52     5.2     124      52     176      52     5.2
perfect-square 2 16     0    6.06    1155     475    1630     475     6.6    1155     475    1630     475     6.6
perfect-square 2 16     0    2.18     448     192     640     192     6.3     448     192     640     192     6.3
perfect-square 2 16     0    1.38     222      82     304      82     6.3     222      82     304      82     6.3
perfect-square 2 16     0    2.18     429     190     619     190     7.5     429     190     619     190     7.5
perfect-square 2 16     0    1.41     279     115     394     115     6.3     279     115     394     115     6.3
perfect-square 2 16     0    0.99     217     103     320     103     6.8     217     103     320     103     6.8
perfect-square 2 16     0    2.89     585     253     838     253     7.1     585     253     838     253     7.1
perfect-square 2 16     0    2.51     474     198     672     198     6.2     474     198     672     198     6.2
perfect-square 2 16     0    0.46     111      51     162      51     5.9     111      51     162      51     5.9
perfect-square 2 16     0    1.22     208      71     279      71     6.3     208      71     279      71     6.3
perfect-square 2 16     0    2.14     452     202     654     202     6.0     452     202     654     202     6.0
perfect-square 2 16     0    2.09     375     150     525     150     5.7     375     150     525     150     5.7
perfect-square 2 16     0    2.64     499     214     713     214     6.8     499     214     713     214     6.8
perfect-square 2 16     0    2.51     588     299     887     299     7.3     588     299     887     299     7.3
perfect-square 2 16     0    2.41     629     335     964     335     7.5     629     335     964     335     7.5
perfect-square 2 16     0    1.88     432     221     653     221     7.5     432     221     653     221     7.5
perfect-square 2 16     0    0.69     107      33     140      33     3.8     107      33     140      33     3.8
perfect-square 2 16     0    2.33     447     187     634     187     4.7     447     187     634     187     4.7
perfect-square 2 16     0    4.67     905     369    1274     369     6.5     905     369    1274     369     6.5
perfect-square 2 16     0    0.72     135      57     192      57     6.5     135      57     192      57     6.5
perfect-square 2 16     0    0.91     177      71     248      71     7.7     177      71     248      71     7.7
perfect-square 2 16     0    1.94     435     201     636     201     7.9     435     201     636     201     7.9
perfect-square 2 16     0    3.63     713     299    1012     299     6.3     713     299    1012     299     6.3
perfect-square 2 16     0    0.26      64      28      92      28     7.2      64      28      92      28     7.2
perfect-square 2 16     0    2.85     544     231     775     231     6.5     544     231     775     231     6.5
perfect-square 2 16     0    0.33      67      27      94      27     6.1      67      27      94      27     6.1
perfect-square 2 16     0    1.00     190      78     268      78     6.3     190      78     268      78     6.3
perfect-square 3 1     0  162.55   22870   11091   33961   11091     4.0   22870   11091   33961   11091     4.0
perfect-square 3 1     0  270.84   38958   19206   58164   19206     4.1   38958   19206   58164   19206     4.1
perfect-square 3 1     0   39.73    5527    2642    8169    2642     4.3    5527    2642    8169    2642     4.3
perfect-square 3 1     0  173.03   24842   12206   37048   12206     4.1   24842   12206   37048   12206     4.1
perfect-square 3 1     0    6.77     890     416    1306     416     3.1     890     416    1306     416     3.1
perfect-square 3 1     0  133.80   19012    9228   28240    9228     4.1   19012    9228   28240    9228     4.1
perfect-square 3 1     0   23.11    3144    1450    4594    1450     3.7    3144    1450    4594    1450     3.7
perfect-square 3 1     0   11.00    1655     799    2454     799     3.8    1655     799    2454     799     3.8
perfect-square 3 1     0   44.81    6955    3630   10585    3630     3.9    6955    3630   10585    3630     3.9
perfect-square 3 1     0   23.09    3064    1421    4485    1421     4.2    3064    1421    4485    1421     4.2
perfect-square 3 1     0   24.16    3191    1523    4714    1523     4.4    3191    1523    4714    1523     4.4
perfect-square 3 1     0   21.56    3246    1671    4917    1671     4.0    3246    1671    4917    1671     4.0
perfect-square 3 1     0  168.43   24602   12120   36722   12120     4.0   24602   12120   36722   12120     4.0
perfect-square 3 1     0   95.55   14127    7026   21153    7026     3.7   14127    7026   21153    7026     3.7
perfect-square 3 1     0  156.81   22136   10680   32816   10680     4.1   22136   10680   32816   10680     4.1
perfect-square 3 1     0    2.55     330     140     470     140     2.8     330     140     470     140     2.8
perfect-square 3 1     0   63.50    9270    4652   13922    4652     4.2    9270    4652   13922    4652     4.2
perfect-square 3 1     0   44.53    6348    3077    9425    3077     3.9    6348    3077    9425    3077     3.9
perfect-square 3 1     0   76.28   11126    5533   16659    5533     4.1   11126    5533   16659    5533     4.1
perfect-square 3 1     0    1.81     246     106     352     106     5.3     246     106     352     106     5.3
perfect-square 3 1     0   41.54    5616    2607    8223    2607     4.6    5616    2607    8223    2607     4.6
perfect-square 3 1     0  116.73   16728    8185   24913    8185     4.0   16728    8185   24913    8185     4.0
perfect-square 3 1     0    0.32      39       9      48       9     3.2      39       9      48       9     3.2
perfect-square 3 1     0  158.85   22931   11330   34261   11330     4.2   22931   11330   34261   11330     4.2
perfect-square 3 1     0    9.65    1588     883    2471     883     3.6    1588     883    2471     883     3.6
perfect-square 3 1     0   29.78    4364    2123    6487    2123     4.2    4364    2123    6487    2123     4.2
perfect-square 3 1     0    9.36    1346     675    2021     675     4.4    1346     675    2021     675     4.4
perfect-square 3 1     0    0.52      87      43     130      43     8.8      87      43     130      43     8.8
perfect-square 3 1     0  133.32   18880    9133   28013    9133     4.0   18880    9133   28013    9133     4.0
perfect-square 3 1     0   20.24    3176    1660    4836    1660     3.6    3176    1660    4836    1660     3.6
perfect-square 3 2     0   14.28    2025     955    2980     955     3.4    2025     955    2980     955     3.4
perfect-square 3 2     0   24.47    3490    1705    5195    1705     4.1    3490    1705    5195    1705     4.1
perfect-square 3 2     0  101.21   14857    7405   22262    7405     3.7   14857    7405   22262    7405     3.7
perfect-square 3 2     0    7.07     977     448    1425     448     3.2     977     448    1425     448     3.2
perfect-square 3 2     0   34.85    4930    2371    7301    2371     4.1    4930    2371    7301    2371     4.1
perfect-square 3 2     0   18.02    2361    1044    3405    1044     4.6    2361    1044    3405    1044     4.6
perfect-square 3 2     0   17.58    2433    1126    3559    1126     3.7    2433    1126    3559    1126     3.7
perfect-square 3 2     0   38.96    5759    2904    8663    2904     3.3    5759    2904    8663    2904     3.3
perfect-square 3 2     0   72.58   10928    5552   16480    5552     4.2   10928    5552   16480    5552     4.2
perfect-square 3 2     0    1.10     185      99     284      99     3.3     185      99     284      99     3.3
perfect-square 3 2     0   38.63    5669    2828    8497    2828     4.0    5669    2828    8497    2828     4.0
perfect-square 3 2     0    7.51    1005     468    1473     468     3.0    1005     468    1473     468     3.0
perfect-square 3 2     0   18.48    2375    1067    3442    1067     4.9    2375    1067    3442    1067     4.9
perfect-square 3 2     0   12.11    1628     759    2387     759     4.3    1628     759    2387     759     4.3
perfect-square 3 2     0   88.64   13308    6712   20020    6712     3.8   13308    6712   20020    6712     3.8
perfect-square 3 2     0    1.92     230      91     321      91     3.6     230      91     321      91     3.6
perfect-square 3 2     0    7.13     993     481    1474     481     4.7     993     481    1474     481     4.7
perfect-square 3 2     0   58.16    8407    4138   12545    4138     4.0    8407    4138   12545    4138     4.0
perfect-square 3 2     0   18.90    2614    1240    3854    1240     4.8    2614    1240    3854    1240     4.8
perfect-square 3 2     0   21.85    3264    1682    4946    1682     3.9    3264    1682    4946    1682     3.9
perfect-square 3 2     0    2.09     340     180     520     180     2.6     340     180     520     180     2.6
perfect-square 3 2     0   12.79    1795     846    2641     846     4.4    1795     846    2641     846     4.4
perfect-square 3 2     0   36.90    5307    2610    7917    2610     4.3    5307    2610    7917    2610     4.3
perfect-square 3 2     0   45.42    6524    3190    9714    3190     4.4    6524    3190    9714    3190     4.4
perfect-square 3 2     0   20.84    3028    1453    4481    1453     4.3    3028    1453    4481    1453     4.3
perfect-square 3 2     0   19.38    2456    1070    3526    1070     4.0    2456    1070    3526    1070     4.0
perfect-square 3 2     0   58.30    8636    4298   12934    4298     3.9    8636    4298   12934    4298     3.9
perfect-square 3 2     0   11.78    1625     775    2400     775     4.4    1625     775    2400     775     4.4
perfect-square 3 2     0  103.27   14832    7353   22185    7353     4.1   14832    7353   22185    7353     4.1
perfect-square 3 2     0   66.04    9525    4691   14216    4691     4.1    9525    4691   14216    4691     4.1
perfect-square 3 4     0   33.66    5104    2625    7729    2625     3.7    5104    2625    7729    2625     3.7
perfect-square 3 4     0    3.05     501     268     769     268     3.2     501     268     769     268     3.2
perfect-square 3 4     0   23.33    3283    1602    4885    1602     3.9    3283    1602    4885    1602     3.9
perfect-square 3 4     0   21.60    3127    1497    4624    1497     3.8    3127    1497    4624    1497     3.8
perfect-square 3 4     0    2.05     289     130     419     130     2.7     289     130     419     130     2.7
perfect-square 3 4     0    9.82    1551     807    2358     807     3.8    1551     807    2358     807     3.8
perfect-square 3 4     0    0.88     147      73     220      73     1.9     147      73     220      73     1.9
perfect-square 3 4     0    3.87     531     264     795     264     2.0     531     264     795     264     2.0
perfect-square 3 4     0   19.77    2901    1474    4375    1474     3.8    2901    1474    4375    1474     3.8
perfect-square 3 4     0   53.81    7636    3744   11380    3744     4.3    7636    3744   11380    3744     4.3
perfect-square 3 4     0    7.32    1116     584    1700     584     4.4    1116     584    1700     584     4.4
perfect-square 3 4     0   12.28    1848     890    2738     890     3.5    1848     890    2738     890     3.5
perfect-square 3 4     0   42.04    5996    2854    8850    2854     4.1    5996    2854    8850    2854     4.1
perfect-square 3 4     0    6.22     898     426    1324     426     3.8     898     426    1324     426     3.8
perfect-square 3 4     0    9.27    1503     812    2315     812     2.9    1503     812    2315     812     2.9
perfect-square 3 4     0    2.77     457     231     688     231     2.6     457     231     688     231     2.6
perfect-square 3 4     0   31.83    4400    2091    6491    2091     4.1    4400    2091    6491    2091     4.1
perfect-square 3 4     0   24.02    3600    1859    5459    1859     3.6    3600    1859    5459    1859     3.6
perfect-square 3 4     0    6.87     907     429    1336     429     5.3     907     429    1336     429     5.3
perfect-square 3 4     0   26.50    3818    1872    5690    1872     3.7    3818    1872    5690    1872     3.7
perfect-square 3 4     0   56.21    7907    3844   11751    3844     4.0    7907    3844   11751    3844     4.0
perfect-square 3 4     0   12.89    1788     868    2656     868     4.9    1788     868    2656     868     4.9
perfect-square 3 4     0   10.49    1523     751    2274     751     3.3    1523     751    2274     751     3.3
perfect-square 3 4     0    1.18     158      58     216      58     3.0     158      58     216      58     3.0
perfect-square 3 4     0   18.07    2649    1349    3998    1349     4.2    2649    1349    3998    1349     4.2
perfect-square 3 4     0    6.17     832     380    1212     380     3.1     832     380    1212     380     3.1
perfect-square 3 4     0   32.01    4770    2401    7171    2401     4.0    4770    2401    7171    2401     4.0
perfect-square 3 4     0   10.73    1586     792    2378     792     3.9    1586     792    2378     792     3.9
perfect-square 3 4     0   29.77    4433    2233    6666    2233     3.7    4433    2233    6666    2233     3.7
perfect-square 3 4     0   31.27    4773    2469    7242    2469     3.7    4773    2469    7242    2469     3.7
perfect-square 3 8     0    3.13     449     217     666     217     4.1     449     217     666     217     4.1
perfect-square 3 8     0    9.88    1174     482    1656     482     4.2    1174     482    1656     482     4.2
perfect-square 3 8     0    7.10    1031     484    1515     484     3.9    1031     484    1515     484     3.9
perfect-square 3 8     0    6.30     866     397    1263     397     4.7     866     397    1263     397     4.7
perfect-square 3 8     0    3.33     442     200     642     200     4.6     442     200     642     200     4.6
perfect-square 3 8     0    1.65     257     128     385     128     2.9     257     128     385     128     2.9
perfect-square 3 8     0   21.43    2917    1358    4275    1358     4.3    2917    1358    4275    1358     4.3
perfect-square 3 8     0    9.42    1321     654    1975     654     4.1    1321     654    1975     654     4.1
perfect-square 3 8     0    8.55    1168     530    1698     530     5.2    1168     530    1698     530     5.2
perfect-square 3 8     0    4.33     605     280     885     280     3.1     605     280     885     280     3.1
perfect-square 3 8     0    8.29    1139     560    1699     560     4.9    1139     560    1699     560     4.9
perfect-square 3 8     0    9.40    1516     806    2322     806     3.5    1516     806    2322     806     3.5
perfect-square 3 8     0    9.92    1304     595    1899     595     5.0    1304     595    1899     595     5.0
perfect-square 3 8     0    5.91     937     498    1435     498     2.9     937     498    1435     498     2.9
perfect-square 3 8     0   16.02    2245    1080    3325    1080     3.2    2245    1080    3325    1080     3.2
perfect-square 3 8     0   19.95    2841    1403    4244    1403     4.0    2841    1403    4244    1403     4.0
perfect-square 3 8     0    2.48     420     237     657     237     3.1     420     237     657     237     3.1
perfect-square 3 8     0    2.37     313     131     444     131     2.9     313     131     444     131     2.9
perfect-square 3 8     0    1.28     191      83     274      83     2.4     191      83     274      83     2.4
perfect-square 3 8     0    4.38     656     318     974     318     3.0     656     318     974     318     3.0
perfect-square 3 8     0    2.73     396     185     581     185     4.1     396     185     581     185     4.1
perfect-square 3 8     0   21.36    3240    1678    4918    1678     4.1    3240    1678    4918    1678     4.1
perfect-square 3 8     0    7.73    1328     724    2052     724     2.8    1328     724    2052     724     2.8
perfect-square 3 8     0    3.06     429     191     620     191     3.0     429     191     620     191     3.0
perfect-square 3 8     0    8.48    1129     500    1629     500     4.8    1129     500    1629     500     4.8
perfect-square 3 8     0   19.25    2440    1070    3510    1070     4.6    2440    1070    3510    1070     4.6
perfect-square 3 8     0   11.64    1835     993    2828     993     3.3    1835     993    2828     993     3.3
perfect-square 3 8     0    3.02     479     258     737     258     3.7     479     258     737     258     3.7
perfect-square 3 8     0   12.55    1847     921    2768     921     2.9    1847     921    2768     921     2.9
perfect-square 3 8     0    1.10     126      45     171      45     5.7     126      45     171      45     5.7
perfect-square 3 16     0    6.86    1053     533    1586     533     3.4    1053     533    1586     533     3.4
perfect-square 3 16     0    3.64     476     199     675     199     4.2     476     199     675     199     4.2
perfect-square 3 16     0   12.30    1683     772    2455     772     4.2    1683     772    2455     772     4.2
perfect-square 3 16     0   11.23    1824     969    2793     969     3.2    1824     969    2793     969     3.2
perfect-square 3 16     0    1.30     191      83     274      83     2.4     191      83     274      83     2.4
perfect-square 3 16     0    0.78     102      41     143      41     3.0     102      41     143      41     3.0
perfect-square 3 16     0    3.85     524     250     774     250     3.3     524     250     774     250     3.3
perfect-square 3 16     0    2.73     504     277     781     277     3.2     504     277     781     277     3.2
perfect-square 3 16     0    4.41     515     213     728     213     5.3     515     213     728     213     5.3
perfect-square 3 16     0    4.72     618     270     888     270     5.4     618     270     888     270     5.4
perfect-square 3 16     0    2.02     337     175     512     175     2.7     337     175     512     175     2.7
perfect-square 3 16     0    3.16     397     161     558     161     4.7     397     161     558     161     4.7
perfect-square 3 16     0    2.57     280      90     370      90     2.5     280      90     370      90     2.5
perfect-square 3 16     0    5.44     827     425    1252     425     3.5     827     425    1252     425     3.5
perfect-square 3 16     0    0.96     165      86     251      86     2.8     165      86     251      86     2.8
perfect-square 3 16     0    3.00     457     224     681     224     3.5     457     224     681     224     3.5
perfect-square 3 16     0    2.09     266     116     382     116     3.1     266     116     382     116     3.1
perfect-square 3 16     0    4.10     542     242     784     242     2.3     542     242     784     242     2.3
perfect-square 3 16     0    2.99     392     170     562     170     3.3     392     170     562     170     3.3
perfect-square 3 16     0    6.99    1022     520    1542     520     3.0    1022     520    1542     520     3.0
perfect-square 3 16     0    1.44     226     109     335     109     2.3     226     109     335     109     2.3
perfect-square 3 16     0    1.98     264     117     381     117     4.1     264     117     381     117     4.1
perfect-square 3 16     0    0.76     102      40     142      40     1.7     102      40     142      40     1.7
perfect-square 3 16     0    5.22     827     437    1264     437     3.7     827     437    1264     437     3.7
perfect-square 3 16     0   17.20    2440    1183    3623    1183     3.7    2440    1183    3623    1183     3.7
perfect-square 3 16     0    0.96     132      58     190      58     1.6     132      58     190      58     1.6
perfect-square 3 16     0   13.56    1847     885    2732     885     4.2    1847     885    2732     885     4.2
perfect-square 3 16     0   16.76    2378    1156    3534    1156     4.3    2378    1156    3534    1156     4.3
perfect-square 3 16     0    4.20     544     230     774     230     3.5     544     230     774     230     3.5
perfect-square 3 16     0    1.24     153      60     213      60     5.3     153      60     213      60     5.3
perfect-square 4 1     0  120.84   12715    6538   19253    6538     4.4   12715    6538   19253    6538     4.4
perfect-square 4 1     0  120.39   13043    6807   19850    6807     4.0   13043    6807   19850    6807     4.0
perfect-square 4 1     0  173.30   18465    9602   28067    9602     4.2   18465    9602   28067    9602     4.2
perfect-square 4 1     0   21.13    2234    1130    3364    1130     4.1    2234    1130    3364    1130     4.1
perfect-square 4 1     0   27.41    2773    1392    4165    1392     4.9    2773    1392    4165    1392     4.9
perfect-square 4 1     0   12.21    1305     690    1995     690     4.3    1305     690    1995     690     4.3
perfect-square 4 1     0  267.92   27206   13745   40951   13745     4.6   27206   13745   40951   13745     4.6
perfect-square 4 1     0   60.73    6482    3321    9803    3321     4.5    6482    3321    9803    3321     4.5
perfect-square 4 1     0  165.53   17297    8944   26241    8944     4.4   17297    8944   26241    8944     4.4
perfect-square 4 1     0   46.84    4777    2455    7232    2455     3.9    4777    2455    7232    2455     3.9
perfect-square 4 1     0   70.74    7131    3528   10659    3528     4.6    7131    3528   10659    3528     4.6
perfect-square 4 1     0   41.17    4939    2769    7708    2769     3.8    4939    2769    7708    2769     3.8
perfect-square 4 1     0  208.30   21466   10956   32422   10956     4.4   21466   10956   32422   10956     4.4
perfect-square 4 1     0   46.82    4958    2594    7552    2594     4.4    4958    2594    7552    2594     4.4
perfect-square 4 1     0  279.11   28419   14549   42968   14549     4.8   28419   14549   42968   14549     4.8
perfect-square 4 1     0   46.09    4782    2432    7214    2432     4.7    4782    2432    7214    2432     4.7
perfect-square 4 1     0   18.84    1869     904    2773     904     4.2    1869     904    2773     904     4.2
perfect-square 4 1     0   15.35    1423     712    2135     712     4.9    1423     712    2135     712     4.9
perfect-square 4 1     0  264.12   27574   14243   41817   14243     4.6   27574   14243   41817   14243     4.6
perfect-square 4 1     0   74.16    7523    3802   11325    3802     4.2    7523    3802   11325    3802     4.2
perfect-square 4 1     0  108.93   11129    5657   16786    5657     4.3   11129    5657   16786    5657     4.3
perfect-square 4 1     0   12.60    1436     777    2213     777     3.9    1436     777    2213     777     3.9
perfect-square 4 1     0  119.93   12875    6739   19614    6739     4.2   12875    6739   19614    6739     4.2
perfect-square 4 1     0   23.41    2360    1190    3550    1190     4.9    2360    1190    3550    1190     4.9
perfect-square 4 1     0   83.31    8002    3896   11898    3896     4.6    8002    3896   11898    3896     4.6
perfect-square 4 1     0  244.53   26436   14003   40439   14003     4.5   26436   14003   40439   14003     4.5
perfect-square 4 1     0   41.86    4570    2370    6940    2370     4.0    4570    2370    6940    2370     4.0
perfect-square 4 1     0  144.91   14500    7274   21774    7274     4.6   14500    7274   21774    7274     4.6
perfect-square 4 1     0   51.32    5447    2838    8285    2838     4.1    5447    2838    8285    2838     4.1
perfect-square 4 1     0  151.19   16002    8297   24299    8297     4.2   16002    8297   24299    8297     4.2
perfect-square 4 2     0    8.71     916     461    1377     461     5.3     916     461    1377     461     5.3
perfect-square 4 2     0  159.60   16566    8511   25077    8511     4.4   16566    8511   25077    8511     4.4
perfect-square 4 2     0   68.36    7058    3621   10679    3621     4.9    7058    3621   10679    3621     4.9
perfect-square 4 2     0  147.34   16003    8437   24440    8437     4.1   16003    8437   24440    8437     4.1
perfect-square 4 2     0   56.77    6221    3312    9533    3312     4.4    6221    3312    9533    3312     4.4
perfect-square 4 2     0   35.30    3482    1696    5178    1696     3.7    3482    1696    5178    1696     3.7
perfect-square 4 2     0   44.97    4470    2178    6648    2178     4.9    4470    2178    6648    2178     4.9
perfect-square 4 2     0   48.77    4564    2202    6766    2202     4.4    4564    2202    6766    2202     4.4
perfect-square 4 2     0    2.23     232     118     350     118     2.4     232     118     350     118     2.4
perfect-square 4 2     0   67.70    7143    3729   10872    3729     4.9    7143    3729   10872    3729     4.9
perfect-square 4 2     0    2.86     303     157     460     157     3.7     303     157     460     157     3.7
perfect-square 4 2     0   32.73    3754    1981    5735    1981     4.6    3754    1981    5735    1981     4.6
perfect-square 4 2     0   88.61    8795    4441   13236    4441     4.4    8795    4441   13236    4441     4.4
perfect-square 4 2     0    4.57     441     219     660     219     5.1     441     219     660     219     5.1
perfect-square 4 2     0  129.06   13575    7028   20603    7028     4.4   13575    7028   20603    7028     4.4
perfect-square 4 2     0    2.33     236     106     342     106     5.5     236     106     342     106     5.5
perfect-square 4 2     0    8.97     831     376    1207     376     5.3     831     376    1207     376     5.3
perfect-square 4 2     0   26.24    2503    1218    3721    1218     4.4    2503    1218    3721    1218     4.4
perfect-square 4 2     0   10.88     946     416    1362     416     4.2     946     416    1362     416     4.2
perfect-square 4 2     0   24.32    2422    1205    3627    1205     4.3    2422    1205    3627    1205     4.3
perfect-square 4 2     0   16.47    1644     801    2445     801     4.4    1644     801    2445     801     4.4
perfect-square 4 2     0    2.47     314     171     485     171     2.3     314     171     485     171     2.3
perfect-square 4 2     0   23.05    2132    1062    3194    1062     5.3    2132    1062    3194    1062     5.3
perfect-square 4 2     0   19.93    2375    1290    3665    1290     3.8    2375    1290    3665    1290     3.8
perfect-square 4 2     0    9.77    1034     536    1570     536     5.1    1034     536    1570     536     5.1
perfect-square 4 2     0   40.07    4050    2031    6081    2031     4.9    4050    2031    6081    2031     4.9
perfect-square 4 2     0   13.85    1405     689    2094     689     4.8    1405     689    2094     689     4.8
perfect-square 4 2     0   39.42    4106    2115    6221    2115     4.6    4106    2115    6221    2115     4.6
perfect-square 4 2     0   30.24    2881    1386    4267    1386     5.4    2881    1386    4267    1386     5.4
perfect-square 4 2     0  125.11   13195    6818   20013    6818     4.4   13195    6818   20013    6818     4.4
perfect-square 4 4     0   38.67    4422    2399    6821    2399     3.9    4422    2399    6821    2399     3.9
perfect-square 4 4     0   27.30    2503    1169    3672    1169     5.2    2503    1169    3672    1169     5.2
perfect-square 4 4     0   52.10    5394    2769    8163    2769     4.5    5394    2769    8163    2769     4.5
perfect-square 4 4     0   12.50    1370     690    2060     690     3.8    1370     690    2060     690     3.8
perfect-square 4 4     0   51.84    5189    2594    7783    2594     4.2    5189    2594    7783    2594     4.2
perfect-square 4 4     0    4.07     413     193     606     193     3.2     413     193     606     193     3.2
perfect-square 4 4     0   14.28    1602     843    2445     843     3.4    1602     843    2445     843     3.4
perfect-square 4 4     0   33.04    3522    1864    5386    1864     4.1    3522    1864    5386    1864     4.1
perfect-square 4 4     0   22.36    2279    1137    3416    1137     4.1    2279    1137    3416    1137     4.1
perfect-square 4 4     0   16.24    1707     866    2573     866     4.3    1707     866    2573     866     4.3
perfect-square 4 4     0    1.72     204     103     307     103     2.6     204     103     307     103     2.6
perfect-square 4 4     0   49.89    5334    2839    8173    2839     4.8    5334    2839    8173    2839     4.8
perfect-square 4 4     0    1.15      99      37     136      37     2.6      99      37     136      37     2.6
perfect-square 4 4     0   17.53    1492     680    2172     680     6.1    1492     680    2172     680     6.1
perfect-square 4 4     0   38.70    4025    2050    6075    2050     4.9    4025    2050    6075    2050     4.9
perfect-square 4 4     0   34.09    3915    2123    6038    2123     4.1    3915    2123    6038    2123     4.1
perfect-square 4 4     0    5.85     446     187     633     187     5.2     446     187     633     187     5.2
perfect-square 4 4     0   24.75    2661    1416    4077    1416     4.2    2661    1416    4077    1416     4.2
perfect-square 4 4     0   10.01     943     431    1374     431     4.0     943     431    1374     431     4.0
perfect-square 4 4     0   14.48    1835    1052    2887    1052     3.4    1835    1052    2887    1052     3.4
perfect-square 4 4     0   43.09    4342    2199    6541    2199     4.6    4342    2199    6541    2199     4.6
perfect-square 4 4     0   41.49    4415    2284    6699    2284     4.1    4415    2284    6699    2284     4.1
perfect-square 4 4     0    1.38     151      76     227      76     3.3     151      76     227      76     3.3
perfect-square 4 4     0    8.94     926     488    1414     488     5.0     926     488    1414     488     5.0
perfect-square 4 4     0    3.60     396     203     599     203     3.6     396     203     599     203     3.6
perfect-square 4 4     0   47.89    4576    2278    6854    2278     4.3    4576    2278    6854    2278     4.3
perfect-square 4 4     0   39.70    3320    1454    4774    1454     5.1    3320    1454    4774    1454     5.1
perfect-square 4 4     0    7.39     682     313     995     313     5.4     682     313     995     313     5.4
perfect-square 4 4     0   41.35    4601    2449    7050    2449     4.1    4601    2449    7050    2449     4.1
perfect-square 4 4     0   48.97    4890    2431    7321    2431     4.5    4890    2431    7321    2431     4.5
perfect-square 4 8     0    2.81     237      97     334      97     3.9     237      97     334      97     3.9
perfect-square 4 8     0   24.23    2573    1286    3859    1286     4.1    2573    1286    3859    1286     4.1
perfect-square 4 8     0    2.27     215      92     307      92     4.8     215      92     307      92     4.8
perfect-square 4 8     0    8.37     916     477    1393     477     3.6     916     477    1393     477     3.6
perfect-square 4 8     0   18.60    1822     920    2742     920     3.7    1822     920    2742     920     3.7
perfect-square 4 8     0   21.08    2429    1332    3761    1332     4.2    2429    1332    3761    1332     4.2
perfect-square 4 8     0    2.08     164      69     233      69     3.0     164      69     233      69     3.0
perfect-square 4 8     0    5.26     497     234     731     234     3.4     497     234     731     234     3.4
perfect-square 4 8     0   56.31    6109    3211    9320    3211     4.5    6109    3211    9320    3211     4.5
perfect-square 4 8     0    5.21     688     394    1082     394     2.9     688     394    1082     394     2.9
perfect-square 4 8     0    8.31     808     384    1192     384     3.4     808     384    1192     384     3.4
perfect-square 4 8     0    0.89      77      26     103      26     5.8      77      26     103      26     5.8
perfect-square 4 8     0    0.61      56      20      76      20     5.7      56      20      76      20     5.7
perfect-square 4 8     0    1.88     149      52     201      52     6.7     149      52     201      52     6.7
perfect-square 4 8     0    0.92     106      49     155      49     2.8     106      49     155      49     2.8
perfect-square 4 8     0   16.42    1622     779    2401     779     4.3    1622     779    2401     779     4.3
perfect-square 4 8     0   10.21     916     417    1333     417     5.2     916     417    1333     417     5.2
perfect-square 4 8     0    2.97     316     170     486     170     4.1     316     170     486     170     4.1
perfect-square 4 8     0    8.66     712     304    1016     304     3.4     712     304    1016     304     3.4
perfect-square 4 8     0    5.20     520     258     778     258     6.4     520     258     778     258     6.4
perfect-square 4 8     0    8.28     772     373    1145     373     5.6     772     373    1145     373     5.6
perfect-square 4 8     0    4.23     307     108     415     108     2.7     307     108     415     108     2.7
perfect-square 4 8     0   23.16    2745    1546    4291    1546     4.5    2745    1546    4291    1546     4.5
perfect-square 4 8     0   13.15    1269     617    1886     617     5.1    1269     617    1886     617     5.1
perfect-square 4 8     0   15.23    1172     474    1646     474     5.4    1172     474    1646     474     5.4
perfect-square 4 8     0    2.23     193      72     265      72     4.6     193      72     265      72     4.6
perfect-square 4 8     0    6.58     650     319     969     319     4.4     650     319     969     319     4.4
perfect-square 4 8     0    4.66     423     191     614     191     4.8     423     191     614     191     4.8
perfect-square 4 8     0   13.11    1299     652    1951     652     3.7    1299     652    1951     652     3.7
perfect-square 4 8     0    5.86     540     249     789     249     4.0     540     249     789     249     4.0
perfect-square 4 16     0    1.12     111      50     161      50     3.9     111      50     161      50     3.9
perfect-square 4 16     0    1.36     103      29     132      29     5.6     103      29     132      29     5.6
perfect-square 4 16     0   12.63    1378     729    2107     729     4.5    1378     729    2107     729     4.5
perfect-square 4 16     0    6.10     634     304     938     304     3.7     634     304     938     304     3.7
perfect-square 4 16     0    4.02     411     199     610     199     5.9     411     199     610     199     5.9
perfect-square 4 16     0    3.22     249     100     349     100     5.5     249     100     349     100     5.5
perfect-square 4 16     0    1.61     143      63     206      63     5.0     143      63     206      63     5.0
perfect-square 4 16     0    4.05     309     115     424     115     4.1     309     115     424     115     4.1
perfect-square 4 16     0   11.54    1340     713    2053     713     4.4    1340     713    2053     713     4.4
perfect-square 4 16     0    3.22     293     128     421     128     4.4     293     128     421     128     4.4
perfect-square 4 16     0   10.31    1082     560    1642     560     4.5    1082     560    1642     560     4.5
perfect-square 4 16     0    8.58     642     259     901     259     5.3     642     259     901     259     5.3
perfect-square 4 16     0   20.28    2116    1056    3172    1056     4.2    2116    1056    3172    1056     4.2
perfect-square 4 16     0   15.10    1722     956    2678     956     3.8    1722     956    2678     956     3.8
perfect-square 4 16     0    3.69     318     133     451     133     3.3     318     133     451     133     3.3
perfect-square 4 16     0    0.95      94      46     140      46     4.5      94      46     140      46     4.5
perfect-square 4 16     0    3.60     437     252     689     252     4.1     437     252     689     252     4.1
perfect-square 4 16     0    5.84     664     358    1022     358     3.5     664     358    1022     358     3.5
perfect-square 4 16     0    2.10     165      61     226      61     4.9     165      61     226      61     4.9
perfect-square 4 16     0    7.97     740     338    1078     338     4.6     740     338    1078     338     4.6
perfect-square 4 16     0    7.57     787     388    1175     388     4.1     787     388    1175     388     4.1
perfect-square 4 16     0    3.23     309     143     452     143     4.8     309     143     452     143     4.8
perfect-square 4 16     0    7.34     762     388    1150     388     3.4     762     388    1150     388     3.4
perfect-square 4 16     0    9.73    1200     671    1871     671     3.8    1200     671    1871     671     3.8
perfect-square 4 16     0    4.29     397     186     583     186     5.4     397     186     583     186     5.4
perfect-square 4 16     0   14.74    1685     933    2618     933     4.9    1685     933    2618     933     4.9
perfect-square 4 16     0    0.98     104      53     157      53     1.9     104      53     157      53     1.9
perfect-square 4 16     0    2.25     207      94     301      94     4.5     207      94     301      94     4.5
perfect-square 4 16     0    3.15     315     146     461     146     7.4     315     146     461     146     7.4
perfect-square 4 16     0    4.09     335     130     465     130     6.4     335     130     465     130     6.4
