queens 1000 1     0    0.07     199       0     199       0    70.2     199       0     199       0    70.2
queens 1000 1     0    0.08     209       0     209       0    70.4     209       0     209       0    70.4
queens 1000 1     0    0.08     214       0     214       0    62.8     214       0     214       0    62.8
queens 1000 1     0    0.08     204       0     204       0    68.8     204       0     204       0    68.8
queens 1000 1     0    0.07     201       0     201       0    67.2     201       0     201       0    67.2
queens 1000 1     0    0.08     206       0     206       0    66.9     206       0     206       0    66.9
queens 1000 1     0    0.08     212       0     212       0    74.8     212       0     212       0    74.8
queens 1000 1     0    0.08     208       0     208       0    79.7     208       0     208       0    79.7
queens 1000 1     0    0.08     218       0     218       0    62.1     218       0     218       0    62.1
queens 1000 1     0    0.08     207       0     207       0    62.9     207       0     207       0    62.9
queens 1000 1     0    0.08     210       0     210       0    63.5     210       0     210       0    63.5
queens 1000 1     0    0.08     220       0     220       0    75.9     220       0     220       0    75.9
queens 1000 1     0    0.08     212       0     212       0    64.1     212       0     212       0    64.1
queens 1000 1     0    0.08     212       0     212       0    73.6     212       0     212       0    73.6
queens 1000 1     0    0.08     219       0     219       0    72.8     219       0     219       0    72.8
queens 1000 1     0    0.07     199       0     199       0    65.2     199       0     199       0    65.2
queens 1000 1     0    0.08     203       0     203       0    66.4     203       0     203       0    66.4
queens 1000 1     0    0.08     203       0     203       0    70.4     203       0     203       0    70.4
queens 1000 1     0    0.08     217       0     217       0    72.0     217       0     217       0    72.0
queens 1000 1     0    0.08     213       0     213       0    60.5     213       0     213       0    60.5
queens 1000 1     0    0.08     213       0     213       0    68.5     213       0     213       0    68.5
queens 1000 1     0    0.08     212       0     212       0    76.8     212       0     212       0    76.8
queens 1000 1     0    0.08     203       0     203       0    74.3     203       0     203       0    74.3
queens 1000 1     0    0.08     218       0     218       0    72.8     218       0     218       0    72.8
queens 1000 1     0    0.08     205       0     205       0    71.4     205       0     205       0    71.4
queens 1000 1     0    0.08     203       0     203       0    67.9     203       0     203       0    67.9
queens 1000 1     0    0.08     206       0     206       0    84.5     206       0     206       0    84.5
queens 1000 1     0    0.08     221       0     221       0    74.7     221       0     221       0    74.7
queens 1000 1     0    0.08     208       0     208       0    73.7     208       0     208       0    73.7
queens 1000 1     0    0.08     202       0     202       0    70.5     202       0     202       0    70.5
queens 1000 2     0    0.08     214       0     214       0    76.7     214       0     214       0    76.7
queens 1000 2     0    0.08     215       0     215       0    73.9     215       0     215       0    73.9
queens 1000 2     0    0.08     208       0     208       0    70.9     208       0     208       0    70.9
queens 1000 2     0    0.08     211       0     211       0    76.7     211       0     211       0    76.7
queens 1000 2     0    0.08     204       0     204       0    71.1     204       0     204       0    71.1
queens 1000 2     0    0.08     209       0     209       0    82.0     209       0     209       0    82.0
queens 1000 2     0    0.08     201       0     201       0    69.8     201       0     201       0    69.8
queens 1000 2     0    0.08     206       0     206       0    56.1     206       0     206       0    56.1
queens 1000 2     0    0.08     205       0     205       0    64.3     205       0     205       0    64.3
queens 1000 2     0    0.08     207       0     207       0    70.2     207       0     207       0    70.2
queens 1000 2     0    0.08     204       0     204       0    78.0     204       0     204       0    78.0
queens 1000 2     0    0.08     205       0     205       0    69.8     205       0     205       0    69.8
queens 1000 2     0    0.08     210       0     210       0    86.5     210       0     210       0    86.5
queens 1000 2     0    0.08     204       0     204       0    74.8     204       0     204       0    74.8
queens 1000 2     0    0.08     206       0     206       0    62.9     206       0     206       0    62.9
queens 1000 2     0    0.08     200       0     200       0    75.0     200       0     200       0    75.0
queens 1000 2     0    0.08     206       0     206       0    81.5     206       0     206       0    81.5
queens 1000 2     0    0.08     218       0     218       0    68.8     218       0     218       0    68.8
queens 1000 2     0    0.08     207       0     207       0    63.5     207       0     207       0    63.5
queens 1000 2     0    0.08     206       0     206       0    71.0     206       0     206       0    71.0
queens 1000 2     0    0.08     197       0     197       0    53.9     197       0     197       0    53.9
queens 1000 2     0    0.07     195       0     195       0    70.9     195       0     195       0    70.9
queens 1000 2     0    0.08     206       0     206       0    74.5     206       0     206       0    74.5
queens 1000 2     0    0.08     206       0     206       0    75.3     206       0     206       0    75.3
queens 1000 2     0    0.08     202       0     202       0    80.8     202       0     202       0    80.8
queens 1000 2     0    0.08     211       0     211       0    85.4     211       0     211       0    85.4
queens 1000 2     0    0.08     213       0     213       0    72.9     213       0     213       0    72.9
queens 1000 2     0    0.08     211       0     211       0    82.1     211       0     211       0    82.1
queens 1000 2     0    0.08     211       0     211       0    78.1     211       0     211       0    78.1
queens 1000 2     0    0.08     216       0     216       0    76.4     216       0     216       0    76.4
queens 1000 4     0    0.08     203       0     203       0    71.4     203       0     203       0    71.4
queens 1000 4     0    0.08     215       0     215       0    74.5     215       0     215       0    74.5
queens 1000 4     0    0.08     207       0     207       0    66.8     207       0     207       0    66.8
queens 1000 4     0    0.08     208       0     208       0    67.9     208       0     208       0    67.9
queens 1000 4     0    0.08     202       0     202       0    67.9     202       0     202       0    67.9
queens 1000 4     0    0.08     205       0     205       0    79.3     205       0     205       0    79.3
queens 1000 4     0    0.08     211       0     211       0    71.6     211       0     211       0    71.6
queens 1000 4     0    0.08     208       0     208       0    84.3     208       0     208       0    84.3
queens 1000 4     0    0.08     210       0     210       0    67.2     210       0     210       0    67.2
queens 1000 4     0    0.08     205       0     205       0    69.2     205       0     205       0    69.2
queens 1000 4     0    0.08     208       0     208       0    65.9     208       0     208       0    65.9
queens 1000 4     0    0.08     204       0     204       0    64.4     204       0     204       0    64.4
queens 1000 4     0    0.08     206       0     206       0    83.6     206       0     206       0    83.6
queens 1000 4     0    0.08     206       0     206       0    69.2     206       0     206       0    69.2
queens 1000 4     0    0.08     205       0     205       0    76.1     205       0     205       0    76.1
queens 1000 4     0    0.08     210       0     210       0    71.9     210       0     210       0    71.9
queens 1000 4     0    0.08     201       0     201       0    58.2     201       0     201       0    58.2
queens 1000 4     0    0.08     214       0     214       0    72.8     214       0     214       0    72.8
queens 1000 4     0    0.08     211       0     211       0    71.0     211       0     211       0    71.0
queens 1000 4     0    0.08     210       0     210       0    73.9     210       0     210       0    73.9
queens 1000 4     0    0.08     204       0     204       0    77.8     204       0     204       0    77.8
queens 1000 4     0    0.08     202       0     202       0    71.5     202       0     202       0    71.5
queens 1000 4     0    0.08     203       0     203       0    72.6     203       0     203       0    72.6
queens 1000 4     0    0.08     207       0     207       0    83.1     207       0     207       0    83.1
queens 1000 4     0    0.08     201       0     201       0    64.3     201       0     201       0    64.3
queens 1000 4     0    0.08     206       0     206       0    72.5     206       0     206       0    72.5
queens 1000 4     0    0.08     206       0     206       0    76.6     206       0     206       0    76.6
queens 1000 4     0    0.08     210       0     210       0    70.6     210       0     210       0    70.6
queens 1000 4     0    0.08     209       0     209       0    59.5     209       0     209       0    59.5
queens 1000 4     0    0.08     207       0     207       0    63.4     207       0     207       0    63.4
queens 1000 8     0    0.09     210       0     210       0    69.7     210       0     210       0    69.7
queens 1000 8     0    0.08     199       0     199       0    75.2     199       0     199       0    75.2
queens 1000 8     0    0.09     204       0     204       0    69.5     204       0     204       0    69.5
queens 1000 8     0    0.09     207       0     207       0    72.2     207       0     207       0    72.2
queens 1000 8     0    0.09     204       0     204       0    69.3     204       0     204       0    69.3
queens 1000 8     0    0.09     205       0     205       0    79.1     205       0     205       0    79.1
queens 1000 8     0    0.09     200       0     200       0    72.9     200       0     200       0    72.9
queens 1000 8     0    0.09     204       0     204       0    80.6     204       0     204       0    80.6
queens 1000 8     0    0.09     205       0     205       0    66.0     205       0     205       0    66.0
queens 1000 8     0    0.09     206       0     206       0    81.4     206       0     206       0    81.4
queens 1000 8     0    0.09     203       0     203       0    64.8     203       0     203       0    64.8
queens 1000 8     0    0.09     203       0     203       0    61.8     203       0     203       0    61.8
queens 1000 8     0    0.09     203       0     203       0    64.9     203       0     203       0    64.9
queens 1000 8     0    0.09     202       0     202       0    70.1     202       0     202       0    70.1
queens 1000 8     0    0.09     205       0     205       0    72.9     205       0     205       0    72.9
queens 1000 8     0    0.08     204       0     204       0    69.4     204       0     204       0    69.4
queens 1000 8     0    0.09     202       0     202       0    72.2     202       0     202       0    72.2
queens 1000 8     0    0.09     207       0     207       0    67.5     207       0     207       0    67.5
queens 1000 8     0    0.09     203       0     203       0    65.5     203       0     203       0    65.5
queens 1000 8     0    0.08     200       0     200       0    64.4     200       0     200       0    64.4
queens 1000 8     0    0.08     198       0     198       0    68.8     198       0     198       0    68.8
queens 1000 8     0    0.09     204       0     204       0    63.4     204       0     204       0    63.4
queens 1000 8     0    0.09     207       0     207       0    80.8     207       0     207       0    80.8
queens 1000 8     0    0.09     204       0     204       0    78.1     204       0     204       0    78.1
queens 1000 8     0    0.09     201       0     201       0    69.5     201       0     201       0    69.5
queens 1000 8     0    0.08     201       0     201       0    75.3     201       0     201       0    75.3
queens 1000 8     0    0.08     202       0     202       0    66.9     202       0     202       0    66.9
queens 1000 8     0    0.08     202       0     202       0    73.3     202       0     202       0    73.3
queens 1000 8     0    0.09     203       0     203       0    66.6     203       0     203       0    66.6
queens 1000 8     0    0.09     207       0     207       0    67.3     207       0     207       0    67.3
queens 1000 16     0    0.10     207       0     207       0    74.4     207       0     207       0    74.4
queens 1000 16     0    0.09     204       0     204       0    65.0     204       0     204       0    65.0
queens 1000 16     0    0.10     196       0     196       0    74.8     196       0     196       0    74.8
queens 1000 16     0    0.09     198       0     198       0    68.7     198       0     198       0    68.7
queens 1000 16     0    0.10     205       0     205       0    68.0     205       0     205       0    68.0
queens 1000 16     0    0.09     202       0     202       0    70.1     202       0     202       0    70.1
queens 1000 16     0    0.09     202       0     202       0    69.4     202       0     202       0    69.4
queens 1000 16     0    0.09     201       0     201       0    77.7     201       0     201       0    77.7
queens 1000 16     0    0.10     208       0     208       0    66.8     208       0     208       0    66.8
queens 1000 16     0    0.09     201       0     201       0    62.6     201       0     201       0    62.6
queens 1000 16     0    0.10     208       0     208       0    67.7     208       0     208       0    67.7
queens 1000 16     0    0.09     196       0     196       0    67.5     196       0     196       0    67.5
queens 1000 16     0    0.10     199       0     199       0    71.1     199       0     199       0    71.1
queens 1000 16     0    0.09     200       0     200       0    70.0     200       0     200       0    70.0
queens 1000 16     0    0.09     203       0     203       0    70.8     203       0     203       0    70.8
queens 1000 16     0    0.09     201       0     201       0    73.5     201       0     201       0    73.5
queens 1000 16     0    0.09     202       0     202       0    80.0     202       0     202       0    80.0
queens 1000 16     0    0.09     207       0     207       0    68.3     207       0     207       0    68.3
queens 1000 16     0    0.09     192       0     192       0    63.0     192       0     192       0    63.0
queens 1000 16     0    0.09     197       0     197       0    78.9     197       0     197       0    78.9
queens 1000 16     0    0.09     205       0     205       0    69.8     205       0     205       0    69.8
queens 1000 16     0    0.09     193       0     193       0    64.8     193       0     193       0    64.8
queens 1000 16     0    0.09     201       0     201       0    81.1     201       0     201       0    81.1
queens 1000 16     0    0.09     201       0     201       0    75.5     201       0     201       0    75.5
queens 1000 16     0    0.09     201       0     201       0    72.2     201       0     201       0    72.2
queens 1000 16     0    0.09     205       0     205       0    61.8     205       0     205       0    61.8
queens 1000 16     0    0.10     203       0     203       0    58.8     203       0     203       0    58.8
queens 1000 16     0    0.09     205       0     205       0    67.6     205       0     205       0    67.6
queens 1000 16     0    0.09     201       0     201       0    69.6     201       0     201       0    69.6
queens 1000 16     0    0.09     204       0     204       0    57.5     204       0     204       0    57.5
queens 2000 1     0    0.30     406       0     406       0   149.5     406       0     406       0   149.5
queens 2000 1     0    0.30     410       0     410       0   154.0     410       0     410       0   154.0
queens 2000 1     0    0.30     413       0     413       0   140.0     413       0     413       0   140.0
queens 2000 1     0    0.29     390       0     390       0   138.8     390       0     390       0   138.8
queens 2000 1     0    0.30     402       0     402       0   146.4     402       0     402       0   146.4
queens 2000 1     0    0.29     398       0     398       0   168.5     398       0     398       0   168.5
queens 2000 1     0    0.30     412       0     412       0   147.0     412       0     412       0   147.0
queens 2000 1     0    0.29     395       0     395       0   164.5     395       0     395       0   164.5
queens 2000 1     0    0.30     411       0     411       0   153.2     411       0     411       0   153.2
queens 2000 1     0    0.30     400       0     400       0   147.7     400       0     400       0   147.7
queens 2000 1     0    0.29     399       0     399       0   155.7     399       0     399       0   155.7
queens 2000 1     0    0.30     409       0     409       0   152.2     409       0     409       0   152.2
queens 2000 1     0    0.30     408       0     408       0   158.5     408       0     408       0   158.5
queens 2000 1     0    0.29     393       0     393       0   130.9     393       0     393       0   130.9
queens 2000 1     0    0.30     405       0     405       0   143.8     405       0     405       0   143.8
queens 2000 1     0    0.31     419       0     419       0   145.9     419       0     419       0   145.9
queens 2000 1     0    0.30     399       0     399       0   127.3     399       0     399       0   127.3
queens 2000 1     0    0.29     390       0     390       0   125.9     390       0     390       0   125.9
queens 2000 1     0    0.30     410       0     410       0   139.1     410       0     410       0   139.1
queens 2000 1     0    0.30     399       0     399       0   150.8     399       0     399       0   150.8
queens 2000 1     0    0.29     397       0     397       0   145.5     397       0     397       0   145.5
queens 2000 1     0    0.30     411       0     411       0   138.0     411       0     411       0   138.0
queens 2000 1     0    0.30     402       0     402       0   159.1     402       0     402       0   159.1
queens 2000 1     0    0.30     408       0     408       0   149.4     408       0     408       0   149.4
queens 2000 1     0    0.30     407       0     407       0   159.1     407       0     407       0   159.1
queens 2000 1     0    0.30     409       0     409       0   156.3     409       0     409       0   156.3
queens 2000 1     0    0.30     405       0     405       0   150.2     405       0     405       0   150.2
queens 2000 1     0    0.30     399       0     399       0   142.5     399       0     399       0   142.5
queens 2000 1     0    0.29     392       0     392       0   155.2     392       0     392       0   155.2
queens 2000 1     0    0.30     400       0     400       0   137.2     400       0     400       0   137.2
queens 2000 2     0    0.30     410       0     410       0   148.9     410       0     410       0   148.9
queens 2000 2     0    0.30     401       0     401       0   152.0     401       0     401       0   152.0
queens 2000 2     0    0.30     402       0     402       0   146.1     402       0     402       0   146.1
queens 2000 2     0    0.29     391       0     391       0   148.5     391       0     391       0   148.5
queens 2000 2     0    0.29     393       0     393       0   123.3     393       0     393       0   123.3
queens 2000 2     0    0.29     391       0     391       0   152.3     391       0     391       0   152.3
queens 2000 2     0    0.30     408       0     408       0   151.9     408       0     408       0   151.9
queens 2000 2     0    0.30     403       0     403       0   139.3     403       0     403       0   139.3
queens 2000 2     0    0.30     398       0     398       0   151.8     398       0     398       0   151.8
queens 2000 2     0    0.30     405       0     405       0   146.1     405       0     405       0   146.1
queens 2000 2     0    0.30     401       0     401       0   147.5     401       0     401       0   147.5
queens 2000 2     0    0.29     395       0     395       0   138.5     395       0     395       0   138.5
queens 2000 2     0    0.30     399       0     399       0   150.2     399       0     399       0   150.2
queens 2000 2     0    0.30     398       0     398       0   142.5     398       0     398       0   142.5
queens 2000 2     0    0.30     404       0     404       0   153.2     404       0     404       0   153.2
queens 2000 2     0    0.29     392       0     392       0   161.8     392       0     392       0   161.8
queens 2000 2     0    0.30     407       0     407       0   163.7     407       0     407       0   163.7
queens 2000 2     0    0.29     395       0     395       0   155.5     395       0     395       0   155.5
queens 2000 2     0    0.29     392       0     392       0   142.9     392       0     392       0   142.9
queens 2000 2     0    0.29     397       0     397       0   148.5     397       0     397       0   148.5
queens 2000 2     0    0.29     391       0     391       0   155.0     391       0     391       0   155.0
queens 2000 2     0    0.30     398       0     398       0   152.9     398       0     398       0   152.9
queens 2000 2     0    0.29     394       0     394       0   149.6     394       0     394       0   149.6
queens 2000 2     0    0.30     401       0     401       0   135.8     401       0     401       0   135.8
queens 2000 2     0    0.29     392       0     392       0   148.4     392       0     392       0   148.4
queens 2000 2     0    0.30     407       0     407       0   151.2     407       0     407       0   151.2
queens 2000 2     0    0.30     404       0     404       0   153.6     404       0     404       0   153.6
queens 2000 2     0    0.30     401       0     401       0   136.1     401       0     401       0   136.1
queens 2000 2     0    0.29     391       0     391       0   139.8     391       0     391       0   139.8
queens 2000 2     0    0.30     411       0     411       0   155.2     411       0     411       0   155.2
queens 2000 4     0    0.30     393       0     393       0   163.8     393       0     393       0   163.8
queens 2000 4     0    0.30     397       0     397       0   158.5     397       0     397       0   158.5
queens 2000 4     0    0.30     397       0     397       0   141.3     397       0     397       0   141.3
queens 2000 4     0    0.29     390       0     390       0   146.6     390       0     390       0   146.6
queens 2000 4     0    0.30     394       0     394       0   139.4     394       0     394       0   139.4
queens 2000 4     0    0.30     398       0     398       0   149.0     398       0     398       0   149.0
queens 2000 4     0    0.29     390       0     390       0   143.2     390       0     390       0   143.2
queens 2000 4     0    0.30     396       0     396       0   149.3     396       0     396       0   149.3
queens 2000 4     0    0.29     390       0     390       0   143.7     390       0     390       0   143.7
queens 2000 4     0    0.30     396       0     396       0   160.4     396       0     396       0   160.4
queens 2000 4     0    0.29     392       0     392       0   135.1     392       0     392       0   135.1
queens 2000 4     0    0.29     392       0     392       0   145.3     392       0     392       0   145.3
queens 2000 4     0    0.30     400       0     400       0   145.8     400       0     400       0   145.8
queens 2000 4     0    0.30     399       0     399       0   138.1     399       0     399       0   138.1
queens 2000 4     0    0.30     394       0     394       0   147.5     394       0     394       0   147.5
queens 2000 4     0    0.30     394       0     394       0   167.8     394       0     394       0   167.8
queens 2000 4     0    0.29     391       0     391       0   144.8     391       0     391       0   144.8
queens 2000 4     0    0.30     400       0     400       0   167.9     400       0     400       0   167.9
queens 2000 4     0    0.30     405       0     405       0   148.2     405       0     405       0   148.2
queens 2000 4     0    0.30     396       0     396       0   141.3     396       0     396       0   141.3
queens 2000 4     0    0.30     397       0     397       0   152.7     397       0     397       0   152.7
queens 2000 4     0    0.30     403       0     403       0   150.6     403       0     403       0   150.6
queens 2000 4     0    0.29     389       0     389       0   143.8     389       0     389       0   143.8
queens 2000 4     0    0.30     394       0     394       0   150.5     394       0     394       0   150.5
queens 2000 4     0    0.30     394       0     394       0   140.3     394       0     394       0   140.3
queens 2000 4     0    0.29     390       0     390       0   157.3     390       0     390       0   157.3
queens 2000 4     0    0.30     398       0     398       0   146.0     398       0     398       0   146.0
queens 2000 4     0    0.30     398       0     398       0   140.4     398       0     398       0   140.4
queens 2000 4     0    0.30     397       0     397       0   142.2     397       0     397       0   142.2
queens 2000 4     0    0.30     404       0     404       0   147.9     404       0     404       0   147.9
queens 2000 8     0    0.30     399       0     399       0   141.3     399       0     399       0   141.3
queens 2000 8     0    0.29     383       0     383       0   135.5     383       0     383       0   135.5
queens 2000 8     0    0.30     395       0     395       0   137.5     395       0     395       0   137.5
queens 2000 8     0    0.31     400       0     400       0   133.1     400       0     400       0   133.1
queens 2000 8     0    0.31     401       0     401       0   158.8     401       0     401       0   158.8
queens 2000 8     0    0.30     388       0     388       0   136.7     388       0     388       0   136.7
queens 2000 8     0    0.29     385       0     385       0   153.9     385       0     385       0   153.9
queens 2000 8     0    0.30     394       0     394       0   129.3     394       0     394       0   129.3
queens 2000 8     0    0.30     397       0     397       0   137.8     397       0     397       0   137.8
queens 2000 8     0    0.30     393       0     393       0   151.9     393       0     393       0   151.9
queens 2000 8     0    0.30     393       0     393       0   150.8     393       0     393       0   150.8
queens 2000 8     0    0.29     385       0     385       0   155.7     385       0     385       0   155.7
queens 2000 8     0    0.30     388       0     388       0   137.0     388       0     388       0   137.0
queens 2000 8     0    0.30     398       0     398       0   144.9     398       0     398       0   144.9
queens 2000 8     0    0.30     395       0     395       0   140.4     395       0     395       0   140.4
queens 2000 8     0    0.30     394       0     394       0   140.3     394       0     394       0   140.3
queens 2000 8     0    0.30     390       0     390       0   136.7     390       0     390       0   136.7
queens 2000 8     0    0.29     386       0     386       0   172.9     386       0     386       0   172.9
queens 2000 8     0    0.30     398       0     398       0   150.7     398       0     398       0   150.7
queens 2000 8     0    0.30     392       0     392       0   136.4     392       0     392       0   136.4
queens 2000 8     0    0.30     396       0     396       0   141.8     396       0     396       0   141.8
queens 2000 8     0    0.30     395       0     395       0   147.2     395       0     395       0   147.2
queens 2000 8     0    0.30     393       0     393       0   148.5     393       0     393       0   148.5
queens 2000 8     0    0.30     393       0     393       0   152.6     393       0     393       0   152.6
queens 2000 8     0    0.30     395       0     395       0   135.0     395       0     395       0   135.0
queens 2000 8     0    0.30     398       0     398       0   158.4     398       0     398       0   158.4
queens 2000 8     0    0.30     389       0     389       0   154.4     389       0     389       0   154.4
queens 2000 8     0    0.30     402       0     402       0   142.0     402       0     402       0   142.0
queens 2000 8     0    0.30     393       0     393       0   149.5     393       0     393       0   149.5
queens 2000 8     0    0.30     392       0     392       0   144.8     392       0     392       0   144.8
queens 2000 16     0    0.31     386       0     386       0   138.2     386       0     386       0   138.2
queens 2000 16     0    0.31     387       0     387       0   144.5     387       0     387       0   144.5
queens 2000 16     0    0.31     395       0     395       0   142.2     395       0     395       0   142.2
queens 2000 16     0    0.31     401       0     401       0   158.8     401       0     401       0   158.8
queens 2000 16     0    0.31     389       0     389       0   155.6     389       0     389       0   155.6
queens 2000 16     0    0.31     391       0     391       0   142.5     391       0     391       0   142.5
queens 2000 16     0    0.31     392       0     392       0   144.9     392       0     392       0   144.9
queens 2000 16     0    0.31     391       0     391       0   153.2     391       0     391       0   153.2
queens 2000 16     0    0.31     394       0     394       0   152.7     394       0     394       0   152.7
queens 2000 16     0    0.31     389       0     389       0   134.8     389       0     389       0   134.8
queens 2000 16     0    0.31     387       0     387       0   150.7     387       0     387       0   150.7
queens 2000 16     0    0.31     394       0     394       0   148.1     394       0     394       0   148.1
queens 2000 16     0    0.31     391       0     391       0   149.6     391       0     391       0   149.6
queens 2000 16     0    0.31     392       0     392       0   136.4     392       0     392       0   136.4
queens 2000 16     0    0.31     392       0     392       0   147.6     392       0     392       0   147.6
queens 2000 16     0    0.31     391       0     391       0   149.1     391       0     391       0   149.1
queens 2000 16     0    0.31     393       0     393       0   148.3     393       0     393       0   148.3
queens 2000 16     0    0.31     391       0     391       0   164.0     391       0     391       0   164.0
queens 2000 16     0    0.31     391       0     391       0   141.8     391       0     391       0   141.8
queens 2000 16     0    0.31     392       0     392       0   149.5     392       0     392       0   149.5
queens 2000 16     0    0.30     383       0     383       0   135.5     383       0     383       0   135.5
queens 2000 16     0    0.31     392       0     392       0   148.5     392       0     392       0   148.5
queens 2000 16     0    0.30     384       0     384       0   142.4     384       0     384       0   142.4
queens 2000 16     0    0.31     390       0     390       0   148.2     390       0     390       0   148.2
queens 2000 16     0    0.31     386       0     386       0   129.8     386       0     386       0   129.8
queens 2000 16     0    0.31     390       0     390       0   153.9     390       0     390       0   153.9
queens 2000 16     0    0.31     389       0     389       0   135.0     389       0     389       0   135.0
queens 2000 16     0    0.31     391       0     391       0   147.9     391       0     391       0   147.9
queens 2000 16     0    0.31     389       0     389       0   145.2     389       0     389       0   145.2
queens 2000 16     0    0.31     395       0     395       0   162.2     395       0     395       0   162.2
queens 4000 1     0    1.16     783       0     783       0   303.4     783       0     783       0   303.4
queens 4000 1     0    1.17     791       0     791       0   289.1     791       0     791       0   289.1
queens 4000 1     0    1.15     775       0     775       0   302.6     775       0     775       0   302.6
queens 4000 1     0    1.17     791       0     791       0   321.0     791       0     791       0   321.0
queens 4000 1     0    1.17     793       0     793       0   309.3     793       0     793       0   309.3
queens 4000 1     0    1.15     781       0     781       0   322.6     781       0     781       0   322.6
queens 4000 1     0    1.16     788       0     788       0   313.6     788       0     788       0   313.6
queens 4000 1     0    1.15     776       0     776       0   326.6     776       0     776       0   326.6
queens 4000 1     0    1.16     788       0     788       0   312.2     788       0     788       0   312.2
queens 4000 1     0    1.14     771       0     771       0   313.7     771       0     771       0   313.7
queens 4000 1     0    1.19     810       0     810       0   316.6     810       0     810       0   316.6
queens 4000 1     0    1.19     807       0     807       0   312.7     807       0     807       0   312.7
queens 4000 1     0    1.15     775       0     775       0   305.0     775       0     775       0   305.0
queens 4000 1     0    1.16     787       0     787       0   307.6     787       0     787       0   307.6
queens 4000 1     0    1.12     756       0     756       0   293.0     756       0     756       0   293.0
queens 4000 1     0    1.16     785       0     785       0   311.8     785       0     785       0   311.8
queens 4000 1     0    1.15     781       0     781       0   298.6     781       0     781       0   298.6
queens 4000 1     0    1.17     795       0     795       0   340.6     795       0     795       0   340.6
queens 4000 1     0    1.15     781       0     781       0   316.2     781       0     781       0   316.2
queens 4000 1     0    1.15     779       0     779       0   311.1     779       0     779       0   311.1
queens 4000 1     0    1.13     763       0     763       0   312.7     763       0     763       0   312.7
queens 4000 1     0    1.17     795       0     795       0   325.3     795       0     795       0   325.3
queens 4000 1     0    1.15     776       0     776       0   317.1     776       0     776       0   317.1
queens 4000 1     0    1.18     796       0     796       0   318.1     796       0     796       0   318.1
queens 4000 1     0    1.17     793       0     793       0   300.4     793       0     793       0   300.4
queens 4000 1     0    1.14     769       0     769       0   327.9     769       0     769       0   327.9
queens 4000 1     0    1.14     767       0     767       0   305.3     767       0     767       0   305.3
queens 4000 1     0    1.17     790       0     790       0   309.1     790       0     790       0   309.1
queens 4000 1     0    1.15     775       0     775       0   278.6     775       0     775       0   278.6
queens 4000 1     0    1.16     782       0     782       0   312.2     782       0     782       0   312.2
queens 4000 2     0    1.16     782       0     782       0   315.7     782       0     782       0   315.7
queens 4000 2     0    1.17     788       0     788       0   314.0     788       0     788       0   314.0
queens 4000 2     0    1.16     784       0     784       0   323.2     784       0     784       0   323.2
queens 4000 2     0    1.14     767       0     767       0   290.4     767       0     767       0   290.4
queens 4000 2     0    1.14     771       0     771       0   293.0     771       0     771       0   293.0
queens 4000 2     0    1.14     769       0     769       0   309.8     769       0     769       0   309.8
queens 4000 2     0    1.15     779       0     779       0   307.8     779       0     779       0   307.8
queens 4000 2     0    1.15     774       0     774       0   308.1     774       0     774       0   308.1
queens 4000 2     0    1.14     769       0     769       0   312.3     769       0     769       0   312.3
queens 4000 2     0    1.17     788       0     788       0   300.5     788       0     788       0   300.5
queens 4000 2     0    1.14     766       0     766       0   284.2     766       0     766       0   284.2
queens 4000 2     0    1.15     776       0     776       0   334.8     776       0     776       0   334.8
queens 4000 2     0    1.16     781       0     781       0   314.6     781       0     781       0   314.6
queens 4000 2     0    1.14     770       0     770       0   293.6     770       0     770       0   293.6
queens 4000 2     0    1.16     782       0     782       0   316.6     782       0     782       0   316.6
queens 4000 2     0    1.16     780       0     780       0   314.4     780       0     780       0   314.4
queens 4000 2     0    1.15     779       0     779       0   291.3     779       0     779       0   291.3
queens 4000 2     0    1.16     781       0     781       0   308.3     781       0     781       0   308.3
queens 4000 2     0    1.16     785       0     785       0   327.5     785       0     785       0   327.5
queens 4000 2     0    1.15     779       0     779       0   313.8     779       0     779       0   313.8
queens 4000 2     0    1.14     766       0     766       0   306.3     766       0     766       0   306.3
queens 4000 2     0    1.15     776       0     776       0   336.7     776       0     776       0   336.7
queens 4000 2     0    1.15     777       0     777       0   291.9     777       0     777       0   291.9
queens 4000 2     0    1.16     782       0     782       0   315.7     782       0     782       0   315.7
queens 4000 2     0    1.15     774       0     774       0   271.1     774       0     774       0   271.1
queens 4000 2     0    1.17     788       0     788       0   305.8     788       0     788       0   305.8
queens 4000 2     0    1.16     783       0     783       0   310.3     783       0     783       0   310.3
queens 4000 2     0    1.13     765       0     765       0   305.9     765       0     765       0   305.9
queens 4000 2     0    1.15     775       0     775       0   291.5     775       0     775       0   291.5
queens 4000 2     0    1.18     797       0     797       0   301.4     797       0     797       0   301.4
queens 4000 4     0    1.15     772       0     772       0   311.1     772       0     772       0   311.1
queens 4000 4     0    1.15     771       0     771       0   317.7     771       0     771       0   317.7
queens 4000 4     0    1.14     768       0     768       0   315.3     768       0     768       0   315.3
queens 4000 4     0    1.15     775       0     775       0   320.9     775       0     775       0   320.9
queens 4000 4     0    1.14     771       0     771       0   283.7     771       0     771       0   283.7
queens 4000 4     0    1.15     776       0     776       0   284.6     776       0     776       0   284.6
queens 4000 4     0    1.15     773       0     773       0   285.1     773       0     773       0   285.1
queens 4000 4     0    1.14     770       0     770       0   298.8     770       0     770       0   298.8
queens 4000 4     0    1.14     771       0     771       0   287.7     771       0     771       0   287.7
queens 4000 4     0    1.14     765       0     765       0   292.9     765       0     765       0   292.9
queens 4000 4     0    1.15     776       0     776       0   316.5     776       0     776       0   316.5
queens 4000 4     0    1.15     775       0     775       0   316.2     775       0     775       0   316.2
queens 4000 4     0    1.15     776       0     776       0   282.9     776       0     776       0   282.9
queens 4000 4     0    1.17     787       0     787       0   285.2     787       0     787       0   285.2
queens 4000 4     0    1.15     774       0     774       0   303.0     774       0     774       0   303.0
queens 4000 4     0    1.17     787       0     787       0   306.3     787       0     787       0   306.3
queens 4000 4     0    1.15     777       0     777       0   330.8     777       0     777       0   330.8
queens 4000 4     0    1.15     772       0     772       0   326.7     772       0     772       0   326.7
queens 4000 4     0    1.13     759       0     759       0   319.5     759       0     759       0   319.5
queens 4000 4     0    1.15     778       0     778       0   300.7     778       0     778       0   300.7
queens 4000 4     0    1.13     761       0     761       0   314.7     761       0     761       0   314.7
queens 4000 4     0    1.15     775       0     775       0   332.8     775       0     775       0   332.8
queens 4000 4     0    1.14     766       0     766       0   308.8     766       0     766       0   308.8
queens 4000 4     0    1.15     777       0     777       0   311.8     777       0     777       0   311.8
queens 4000 4     0    1.15     772       0     772       0   316.0     772       0     772       0   316.0
queens 4000 4     0    1.15     778       0     778       0   310.5     778       0     778       0   310.5
queens 4000 4     0    1.15     778       0     778       0   291.6     778       0     778       0   291.6
queens 4000 4     0    1.16     784       0     784       0   304.8     784       0     784       0   304.8
queens 4000 4     0    1.14     769       0     769       0   298.7     769       0     769       0   298.7
queens 4000 4     0    1.15     778       0     778       0   317.2     778       0     778       0   317.2
queens 4000 8     0    1.15     769       0     769       0   308.2     769       0     769       0   308.2
queens 4000 8     0    1.13     757       0     757       0   302.1     757       0     757       0   302.1
queens 4000 8     0    1.14     767       0     767       0   305.9     767       0     767       0   305.9
queens 4000 8     0    1.15     770       0     770       0   296.6     770       0     770       0   296.6
queens 4000 8     0    1.15     769       0     769       0   313.4     769       0     769       0   313.4
queens 4000 8     0    1.15     768       0     768       0   322.5     768       0     768       0   322.5
queens 4000 8     0    1.14     765       0     765       0   310.4     765       0     765       0   310.4
queens 4000 8     0    1.14     763       0     763       0   314.6     763       0     763       0   314.6
queens 4000 8     0    1.15     773       0     773       0   303.5     773       0     773       0   303.5
queens 4000 8     0    1.16     780       0     780       0   331.7     780       0     780       0   331.7
queens 4000 8     0    1.13     757       0     757       0   289.6     757       0     757       0   289.6
queens 4000 8     0    1.14     767       0     767       0   305.7     767       0     767       0   305.7
queens 4000 8     0    1.16     775       0     775       0   313.7     775       0     775       0   313.7
queens 4000 8     0    1.13     760       0     760       0   306.8     760       0     760       0   306.8
queens 4000 8     0    1.15     772       0     772       0   312.2     772       0     772       0   312.2
queens 4000 8     0    1.14     767       0     767       0   297.1     767       0     767       0   297.1
queens 4000 8     0    1.15     769       0     769       0   287.5     769       0     769       0   287.5
queens 4000 8     0    1.15     773       0     773       0   304.1     773       0     773       0   304.1
queens 4000 8     0    1.16     777       0     777       0   332.5     777       0     777       0   332.5
queens 4000 8     0    1.16     777       0     777       0   314.0     777       0     777       0   314.0
queens 4000 8     0    1.15     771       0     771       0   319.9     771       0     771       0   319.9
queens 4000 8     0    1.15     769       0     769       0   314.5     769       0     769       0   314.5
queens 4000 8     0    1.14     766       0     766       0   280.3     766       0     766       0   280.3
queens 4000 8     0    1.15     771       0     771       0   320.5     771       0     771       0   320.5
queens 4000 8     0    1.14     764       0     764       0   278.3     764       0     764       0   278.3
queens 4000 8     0    1.15     769       0     769       0   312.0     769       0     769       0   312.0
queens 4000 8     0    1.15     770       0     770       0   288.5     770       0     770       0   288.5
queens 4000 8     0    1.15     770       0     770       0   314.5     770       0     770       0   314.5
queens 4000 8     0    1.16     779       0     779       0   292.3     779       0     779       0   292.3
queens 4000 8     0    1.14     767       0     767       0   343.1     767       0     767       0   343.1
queens 4000 16     0    1.16     769       0     769       0   326.7     769       0     769       0   326.7
queens 4000 16     0    1.14     755       0     755       0   316.3     755       0     755       0   316.3
queens 4000 16     0    1.16     773       0     773       0   308.1     773       0     773       0   308.1
queens 4000 16     0    1.17     779       0     779       0   317.9     779       0     779       0   317.9
queens 4000 16     0    1.15     763       0     763       0   313.3     763       0     763       0   313.3
queens 4000 16     0    1.15     766       0     766       0   319.0     766       0     766       0   319.0
queens 4000 16     0    1.15     761       0     761       0   307.6     761       0     761       0   307.6
queens 4000 16     0    1.16     767       0     767       0   318.3     767       0     767       0   318.3
queens 4000 16     0    1.17     775       0     775       0   319.4     775       0     775       0   319.4
queens 4000 16     0    1.16     772       0     772       0   298.0     772       0     772       0   298.0
queens 4000 16     0    1.15     761       0     761       0   294.2     761       0     761       0   294.2
queens 4000 16     0    1.17     776       0     776       0   309.6     776       0     776       0   309.6
queens 4000 16     0    1.15     763       0     763       0   285.1     763       0     763       0   285.1
queens 4000 16     0    1.16     767       0     767       0   302.1     767       0     767       0   302.1
queens 4000 16     0    1.16     769       0     769       0   307.3     769       0     769       0   307.3
queens 4000 16     0    1.14     756       0     756       0   322.5     756       0     756       0   322.5
queens 4000 16     0    1.16     772       0     772       0   307.0     772       0     772       0   307.0
queens 4000 16     0    1.15     767       0     767       0   297.8     767       0     767       0   297.8
queens 4000 16     0    1.16     770       0     770       0   300.2     770       0     770       0   300.2
queens 4000 16     0    1.16     769       0     769       0   349.3     769       0     769       0   349.3
queens 4000 16     0    1.14     757       0     757       0   283.5     757       0     757       0   283.5
queens 4000 16     0    1.16     771       0     771       0   299.3     771       0     771       0   299.3
queens 4000 16     0    1.15     766       0     766       0   304.9     766       0     766       0   304.9
queens 4000 16     0    1.16     774       0     774       0   303.0     774       0     774       0   303.0
queens 4000 16     0    1.15     761       0     761       0   336.2     761       0     761       0   336.2
queens 4000 16     0    1.14     759       0     759       0   303.5     759       0     759       0   303.5
queens 4000 16     0    1.15     764       0     764       0   325.7     764       0     764       0   325.7
queens 4000 16     0    1.16     767       0     767       0   311.1     767       0     767       0   311.1
queens 4000 16     0    1.15     767       0     767       0   300.5     767       0     767       0   300.5
queens 4000 16     0    1.15     764       0     764       0   305.5     764       0     764       0   305.5
queens 5000 1     0    1.80     978       0     978       0   405.0     978       0     978       0   405.0
queens 5000 1     0    1.82     987       0     987       0   411.7     987       0     987       0   411.7
queens 5000 1     0    1.79     970       0     970       0   400.7     970       0     970       0   400.7
queens 5000 1     0    1.77     959       0     959       0   376.8     959       0     959       0   376.8
queens 5000 1     0    1.83     994       0     994       0   412.1     994       0     994       0   412.1
queens 5000 1     0    1.83     991       0     991       0   390.8     991       0     991       0   390.8
queens 5000 1     0    1.82     988       0     988       0   383.4     988       0     988       0   383.4
queens 5000 1     0    1.83     993       0     993       0   393.7     993       0     993       0   393.7
queens 5000 1     0    1.79     970       0     970       0   406.8     970       0     970       0   406.8
queens 5000 1     0    1.77     959       0     959       0   390.4     959       0     959       0   390.4
queens 5000 1     0    1.79     968       0     968       0   381.3     968       0     968       0   381.3
queens 5000 1     0    1.82     989       0     989       0   358.4     989       0     989       0   358.4
queens 5000 1     0    1.79     968       0     968       0   373.6     968       0     968       0   373.6
queens 5000 1     0    1.79     971       0     971       0   399.0     971       0     971       0   399.0
queens 5000 1     0    1.83     993       0     993       0   386.8     993       0     993       0   386.8
queens 5000 1     0    1.81     983       0     983       0   386.8     983       0     983       0   386.8
queens 5000 1     0    1.78     961       0     961       0   400.5     961       0     961       0   400.5
queens 5000 1     0    1.80     977       0     977       0   383.8     977       0     977       0   383.8
queens 5000 1     0    1.79     967       0     967       0   386.3     967       0     967       0   386.3
queens 5000 1     0    1.80     976       0     976       0   401.2     976       0     976       0   401.2
queens 5000 1     0    1.78     965       0     965       0   399.7     965       0     965       0   399.7
queens 5000 1     0    1.81     982       0     982       0   391.9     982       0     982       0   391.9
queens 5000 1     0    1.83     994       0     994       0   412.8     994       0     994       0   412.8
queens 5000 1     0    1.79     971       0     971       0   408.8     971       0     971       0   408.8
queens 5000 1     0    1.78     965       0     965       0   386.1     965       0     965       0   386.1
queens 5000 1     0    1.80     975       0     975       0   361.7     975       0     975       0   361.7
queens 5000 1     0    1.78     961       0     961       0   414.5     961       0     961       0   414.5
queens 5000 1     0    1.81     980       0     980       0   410.2     980       0     980       0   410.2
queens 5000 1     0    1.80     975       0     975       0   383.0     975       0     975       0   383.0
queens 5000 1     0    1.82     985       0     985       0   395.8     985       0     985       0   395.8
queens 5000 2     0    1.80     976       0     976       0   369.4     976       0     976       0   369.4
queens 5000 2     0    1.76     952       0     952       0   385.0     952       0     952       0   385.0
queens 5000 2     0    1.80     972       0     972       0   382.9     972       0     972       0   382.9
queens 5000 2     0    1.77     956       0     956       0   389.2     956       0     956       0   389.2
queens 5000 2     0    1.79     967       0     967       0   387.7     967       0     967       0   387.7
queens 5000 2     0    1.79     971       0     971       0   402.9     971       0     971       0   402.9
queens 5000 2     0    1.76     949       0     949       0   380.0     949       0     949       0   380.0
queens 5000 2     0    1.80     973       0     973       0   390.5     973       0     973       0   390.5
queens 5000 2     0    1.79     966       0     966       0   374.4     966       0     966       0   374.4
queens 5000 2     0    1.79     968       0     968       0   403.7     968       0     968       0   403.7
queens 5000 2     0    1.75     943       0     943       0   390.4     943       0     943       0   390.4
queens 5000 2     0    1.80     974       0     974       0   384.5     974       0     974       0   384.5
queens 5000 2     0    1.78     962       0     962       0   428.0     962       0     962       0   428.0
queens 5000 2     0    1.78     964       0     964       0   381.8     964       0     964       0   381.8
queens 5000 2     0    1.80     977       0     977       0   407.6     977       0     977       0   407.6
queens 5000 2     0    1.79     967       0     967       0   396.5     967       0     967       0   396.5
queens 5000 2     0    1.78     961       0     961       0   373.4     961       0     961       0   373.4
queens 5000 2     0    1.80     975       0     975       0   389.9     975       0     975       0   389.9
queens 5000 2     0    1.78     960       0     960       0   386.0     960       0     960       0   386.0
queens 5000 2     0    1.80     976       0     976       0   407.2     976       0     976       0   407.2
queens 5000 2     0    1.80     972       0     972       0   397.1     972       0     972       0   397.1
queens 5000 2     0    1.79     966       0     966       0   393.1     966       0     966       0   393.1
queens 5000 2     0    1.78     964       0     964       0   414.9     964       0     964       0   414.9
queens 5000 2     0    1.80     976       0     976       0   380.3     976       0     976       0   380.3
queens 5000 2     0    1.78     964       0     964       0   414.4     964       0     964       0   414.4
queens 5000 2     0    1.80     974       0     974       0   387.8     974       0     974       0   387.8
queens 5000 2     0    1.74     941       0     941       0   380.8     941       0     941       0   380.8
queens 5000 2     0    1.80     973       0     973       0   399.6     973       0     973       0   399.6
queens 5000 2     0    1.77     958       0     958       0   410.8     958       0     958       0   410.8
queens 5000 2     0    1.80     973       0     973       0   401.3     973       0     973       0   401.3
queens 5000 4     0    1.75     943       0     943       0   379.7     943       0     943       0   379.7
queens 5000 4     0    1.80     975       0     975       0   376.4     975       0     975       0   376.4
queens 5000 4     0    1.78     960       0     960       0   376.2     960       0     960       0   376.2
queens 5000 4     0    1.79     965       0     965       0   387.9     965       0     965       0   387.9
queens 5000 4     0    1.75     941       0     941       0   390.2     941       0     941       0   390.2
queens 5000 4     0    1.78     964       0     964       0   391.4     964       0     964       0   391.4
queens 5000 4     0    1.79     965       0     965       0   376.9     965       0     965       0   376.9
queens 5000 4     0    1.78     961       0     961       0   381.2     961       0     961       0   381.2
queens 5000 4     0    1.77     954       0     954       0   386.2     954       0     954       0   386.2
queens 5000 4     0    1.78     964       0     964       0   365.5     964       0     964       0   365.5
queens 5000 4     0    1.80     971       0     971       0   379.4     971       0     971       0   379.4
queens 5000 4     0    1.77     955       0     955       0   372.9     955       0     955       0   372.9
queens 5000 4     0    1.78     962       0     962       0   405.1     962       0     962       0   405.1
queens 5000 4     0    1.78     964       0     964       0   400.6     964       0     964       0   400.6
queens 5000 4     0    1.77     953       0     953       0   364.5     953       0     953       0   364.5
queens 5000 4     0    1.79     967       0     967       0   379.0     967       0     967       0   379.0
queens 5000 4     0    1.78     963       0     963       0   364.8     963       0     963       0   364.8
queens 5000 4     0    1.77     956       0     956       0   404.3     956       0     956       0   404.3
queens 5000 4     0    1.79     966       0     966       0   389.6     966       0     966       0   389.6
queens 5000 4     0    1.79     966       0     966       0   374.0     966       0     966       0   374.0
queens 5000 4     0    1.77     953       0     953       0   390.0     953       0     953       0   390.0
queens 5000 4     0    1.77     956       0     956       0   407.5     956       0     956       0   407.5
queens 5000 4     0    1.79     969       0     969       0   413.1     969       0     969       0   413.1
queens 5000 4     0    1.77     958       0     958       0   378.8     958       0     958       0   378.8
queens 5000 4     0    1.80     976       0     976       0   380.5     976       0     976       0   380.5
queens 5000 4     0    1.80     972       0     972       0   390.6     972       0     972       0   390.6
queens 5000 4     0    1.79     966       0     966       0   385.8     966       0     966       0   385.8
queens 5000 4     0    1.79     968       0     968       0   404.5     968       0     968       0   404.5
queens 5000 4     0    1.76     949       0     949       0   388.7     949       0     949       0   388.7
queens 5000 4     0    1.77     953       0     953       0   356.5     953       0     953       0   356.5
queens 5000 8     0    1.80     969       0     969       0   371.3     969       0     969       0   371.3
queens 5000 8     0    1.78     958       0     958       0   386.7     958       0     958       0   386.7
queens 5000 8     0    1.77     950       0     950       0   381.4     950       0     950       0   381.4
queens 5000 8     0    1.76     948       0     948       0   383.1     948       0     948       0   383.1
queens 5000 8     0    1.80     970       0     970       0   422.2     970       0     970       0   422.2
queens 5000 8     0    1.77     955       0     955       0   389.2     955       0     955       0   389.2
queens 5000 8     0    1.79     964       0     964       0   394.3     964       0     964       0   394.3
queens 5000 8     0    1.79     966       0     966       0   396.2     966       0     966       0   396.2
queens 5000 8     0    1.77     952       0     952       0   387.1     952       0     952       0   387.1
queens 5000 8     0    1.78     958       0     958       0   413.9     958       0     958       0   413.9
queens 5000 8     0    1.79     965       0     965       0   405.3     965       0     965       0   405.3
queens 5000 8     0    1.79     967       0     967       0   390.0     967       0     967       0   390.0
queens 5000 8     0    1.78     959       0     959       0   401.8     959       0     959       0   401.8
queens 5000 8     0    1.77     954       0     954       0   376.7     954       0     954       0   376.7
queens 5000 8     0    1.78     959       0     959       0   413.2     959       0     959       0   413.2
queens 5000 8     0    1.76     949       0     949       0   401.5     949       0     949       0   401.5
queens 5000 8     0    1.77     955       0     955       0   397.7     955       0     955       0   397.7
queens 5000 8     0    1.77     953       0     953       0   396.3     953       0     953       0   396.3
queens 5000 8     0    1.77     955       0     955       0   391.0     955       0     955       0   391.0
queens 5000 8     0    1.78     956       0     956       0   393.5     956       0     956       0   393.5
queens 5000 8     0    1.78     959       0     959       0   391.2     959       0     959       0   391.2
queens 5000 8     0    1.77     952       0     952       0   387.8     952       0     952       0   387.8
queens 5000 8     0    1.79     966       0     966       0   364.8     966       0     966       0   364.8
queens 5000 8     0    1.78     956       0     956       0   393.3     956       0     956       0   393.3
queens 5000 8     0    1.77     955       0     955       0   385.3     955       0     955       0   385.3
queens 5000 8     0    1.79     964       0     964       0   378.7     964       0     964       0   378.7
queens 5000 8     0    1.76     948       0     948       0   402.0     948       0     948       0   402.0
queens 5000 8     0    1.78     960       0     960       0   392.1     960       0     960       0   392.1
queens 5000 8     0    1.78     956       0     956       0   383.2     956       0     956       0   383.2
queens 5000 8     0    1.79     964       0     964       0   428.0     964       0     964       0   428.0
queens 5000 16     0    1.75     933       0     933       0   379.6     933       0     933       0   379.6
queens 5000 16     0    1.77     949       0     949       0   381.5     949       0     949       0   381.5
queens 5000 16     0    1.78     955       0     955       0   380.9     955       0     955       0   380.9
queens 5000 16     0    1.79     956       0     956       0   395.2     956       0     956       0   395.2
queens 5000 16     0    1.78     953       0     953       0   377.0     953       0     953       0   377.0
queens 5000 16     0    1.78     953       0     953       0   383.1     953       0     953       0   383.1
queens 5000 16     0    1.78     953       0     953       0   368.7     953       0     953       0   368.7
queens 5000 16     0    1.79     958       0     958       0   396.0     958       0     958       0   396.0
queens 5000 16     0    1.79     961       0     961       0   394.1     961       0     961       0   394.1
queens 5000 16     0    1.79     957       0     957       0   393.3     957       0     957       0   393.3
queens 5000 16     0    1.79     957       0     957       0   380.0     957       0     957       0   380.0
queens 5000 16     0    1.79     960       0     960       0   400.7     960       0     960       0   400.7
queens 5000 16     0    1.79     957       0     957       0   370.1     957       0     957       0   370.1
queens 5000 16     0    1.76     940       0     940       0   374.3     940       0     940       0   374.3
queens 5000 16     0    1.77     948       0     948       0   372.5     948       0     948       0   372.5
queens 5000 16     0    1.77     947       0     947       0   389.2     947       0     947       0   389.2
queens 5000 16     0    1.77     948       0     948       0   375.0     948       0     948       0   375.0
queens 5000 16     0    1.77     949       0     949       0   372.7     949       0     949       0   372.7
queens 5000 16     0    1.76     943       0     943       0   400.5     943       0     943       0   400.5
queens 5000 16     0    1.79     959       0     959       0   397.2     959       0     959       0   397.2
queens 5000 16     0    1.78     950       0     950       0   374.3     950       0     950       0   374.3
queens 5000 16     0    1.78     953       0     953       0   385.0     953       0     953       0   385.0
queens 5000 16     0    1.78     951       0     951       0   383.4     951       0     951       0   383.4
queens 5000 16     0    1.77     946       0     946       0   366.7     946       0     946       0   366.7
queens 5000 16     0    1.78     953       0     953       0   371.8     953       0     953       0   371.8
queens 5000 16     0    1.79     956       0     956       0   381.7     956       0     956       0   381.7
queens 5000 16     0    1.77     950       0     950       0   363.0     950       0     950       0   363.0
queens 5000 16     0    1.79     961       0     961       0   399.1     961       0     961       0   399.1
queens 5000 16     0    1.77     948       0     948       0   401.8     948       0     948       0   401.8
queens 5000 16     0    1.78     951       0     951       0   400.8     951       0     951       0   400.8
queens 6000 1     0    2.57    1159       0    1159       0   485.8    1159       0    1159       0   485.8
queens 6000 1     0    2.61    1178       0    1178       0   494.6    1178       0    1178       0   494.6
queens 6000 1     0    2.58    1163       0    1163       0   479.8    1163       0    1163       0   479.8
queens 6000 1     0    2.60    1177       0    1177       0   494.2    1177       0    1177       0   494.2
queens 6000 1     0    2.55    1150       0    1150       0   487.9    1150       0    1150       0   487.9
queens 6000 1     0    2.59    1170       0    1170       0   484.3    1170       0    1170       0   484.3
queens 6000 1     0    2.59    1168       0    1168       0   456.5    1168       0    1168       0   456.5
queens 6000 1     0    2.61    1181       0    1181       0   483.3    1181       0    1181       0   483.3
queens 6000 1     0    2.59    1170       0    1170       0   465.7    1170       0    1170       0   465.7
queens 6000 1     0    2.58    1163       0    1163       0   479.9    1163       0    1163       0   479.9
queens 6000 1     0    2.60    1173       0    1173       0   470.0    1173       0    1173       0   470.0
queens 6000 1     0    2.57    1159       0    1159       0   475.7    1159       0    1159       0   475.7
queens 6000 1     0    2.58    1163       0    1163       0   470.0    1163       0    1163       0   470.0
queens 6000 1     0    2.56    1156       0    1156       0   482.8    1156       0    1156       0   482.8
queens 6000 1     0    2.58    1164       0    1164       0   472.4    1164       0    1164       0   472.4
queens 6000 1     0    2.55    1149       0    1149       0   479.5    1149       0    1149       0   479.5
queens 6000 1     0    2.60    1174       0    1174       0   495.2    1174       0    1174       0   495.2
queens 6000 1     0    2.55    1152       0    1152       0   463.0    1152       0    1152       0   463.0
queens 6000 1     0    2.59    1171       0    1171       0   492.5    1171       0    1171       0   492.5
queens 6000 1     0    2.56    1155       0    1155       0   477.3    1155       0    1155       0   477.3
queens 6000 1     0    2.59    1170       0    1170       0   435.1    1170       0    1170       0   435.1
queens 6000 1     0    2.56    1156       0    1156       0   482.8    1156       0    1156       0   482.8
queens 6000 1     0    2.57    1158       0    1158       0   484.4    1158       0    1158       0   484.4
queens 6000 1     0    2.57    1161       0    1161       0   444.4    1161       0    1161       0   444.4
queens 6000 1     0    2.59    1170       0    1170       0   471.1    1170       0    1170       0   471.1
queens 6000 1     0    2.58    1167       0    1167       0   482.9    1167       0    1167       0   482.9
queens 6000 1     0    2.62    1185       0    1185       0   468.8    1185       0    1185       0   468.8
queens 6000 1     0    2.58    1164       0    1164       0   474.9    1164       0    1164       0   474.9
queens 6000 1     0    2.58    1163       0    1163       0   485.0    1163       0    1163       0   485.0
queens 6000 1     0    2.51    1130       0    1130       0   445.8    1130       0    1130       0   445.8
queens 6000 2     0    2.55    1151       0    1151       0   499.2    1151       0    1151       0   499.2
queens 6000 2     0    2.54    1146       0    1146       0   463.1    1146       0    1146       0   463.1
queens 6000 2     0    2.54    1144       0    1144       0   460.7    1144       0    1144       0   460.7
queens 6000 2     0    2.56    1156       0    1156       0   463.7    1156       0    1156       0   463.7
queens 6000 2     0    2.56    1152       0    1152       0   466.2    1152       0    1152       0   466.2
queens 6000 2     0    2.60    1173       0    1173       0   484.1    1173       0    1173       0   484.1
queens 6000 2     0    2.56    1154       0    1154       0   473.4    1154       0    1154       0   473.4
queens 6000 2     0    2.56    1157       0    1157       0   464.8    1157       0    1157       0   464.8
queens 6000 2     0    2.57    1157       0    1157       0   475.0    1157       0    1157       0   475.0
queens 6000 2     0    2.60    1174       0    1174       0   438.9    1174       0    1174       0   438.9
queens 6000 2     0    2.60    1173       0    1173       0   446.0    1173       0    1173       0   446.0
queens 6000 2     0    2.51    1128       0    1128       0   453.3    1128       0    1128       0   453.3
queens 6000 2     0    2.57    1161       0    1161       0   497.4    1161       0    1161       0   497.4
queens 6000 2     0    2.60    1171       0    1171       0   470.1    1171       0    1171       0   470.1
queens 6000 2     0    2.53    1141       0    1141       0   479.5    1141       0    1141       0   479.5
queens 6000 2     0    2.59    1167       0    1167       0   476.4    1167       0    1167       0   476.4
queens 6000 2     0    2.58    1163       0    1163       0   468.2    1163       0    1163       0   468.2
queens 6000 2     0    2.57    1161       0    1161       0   455.7    1161       0    1161       0   455.7
queens 6000 2     0    2.54    1146       0    1146       0   445.8    1146       0    1146       0   445.8
queens 6000 2     0    2.56    1152       0    1152       0   471.9    1152       0    1152       0   471.9
queens 6000 2     0    2.61    1180       0    1180       0   469.9    1180       0    1180       0   469.9
queens 6000 2     0    2.56    1156       0    1156       0   473.7    1156       0    1156       0   473.7
queens 6000 2     0    2.54    1145       0    1145       0   458.1    1145       0    1145       0   458.1
queens 6000 2     0    2.55    1147       0    1147       0   488.0    1147       0    1147       0   488.0
queens 6000 2     0    2.57    1159       0    1159       0   473.7    1159       0    1159       0   473.7
queens 6000 2     0    2.57    1160       0    1160       0   452.9    1160       0    1160       0   452.9
queens 6000 2     0    2.54    1143       0    1143       0   466.5    1143       0    1143       0   466.5
queens 6000 2     0    2.60    1171       0    1171       0   464.6    1171       0    1171       0   464.6
queens 6000 2     0    2.54    1147       0    1147       0   465.3    1147       0    1147       0   465.3
queens 6000 2     0    2.55    1149       0    1149       0   455.7    1149       0    1149       0   455.7
queens 6000 4     0    2.58    1160       0    1160       0   462.9    1160       0    1160       0   462.9
queens 6000 4     0    2.54    1144       0    1144       0   478.0    1144       0    1144       0   478.0
queens 6000 4     0    2.56    1155       0    1155       0   493.7    1155       0    1155       0   493.7
queens 6000 4     0    2.54    1141       0    1141       0   466.3    1141       0    1141       0   466.3
queens 6000 4     0    2.55    1146       0    1146       0   462.3    1146       0    1146       0   462.3
queens 6000 4     0    2.56    1155       0    1155       0   444.2    1155       0    1155       0   444.2
queens 6000 4     0    2.57    1158       0    1158       0   475.6    1158       0    1158       0   475.6
queens 6000 4     0    2.54    1146       0    1146       0   446.8    1146       0    1146       0   446.8
queens 6000 4     0    2.55    1148       0    1148       0   461.5    1148       0    1148       0   461.5
queens 6000 4     0    2.54    1141       0    1141       0   477.2    1141       0    1141       0   477.2
queens 6000 4     0    2.56    1151       0    1151       0   480.3    1151       0    1151       0   480.3
queens 6000 4     0    2.57    1159       0    1159       0   482.3    1159       0    1159       0   482.3
queens 6000 4     0    2.55    1147       0    1147       0   471.7    1147       0    1147       0   471.7
queens 6000 4     0    2.56    1155       0    1155       0   455.4    1155       0    1155       0   455.4
queens 6000 4     0    2.57    1160       0    1160       0   488.5    1160       0    1160       0   488.5
queens 6000 4     0    2.58    1160       0    1160       0   481.7    1160       0    1160       0   481.7
queens 6000 4     0    2.57    1156       0    1156       0   488.9    1156       0    1156       0   488.9
queens 6000 4     0    2.55    1146       0    1146       0   492.1    1146       0    1146       0   492.1
queens 6000 4     0    2.56    1155       0    1155       0   478.5    1155       0    1155       0   478.5
queens 6000 4     0    2.53    1140       0    1140       0   482.0    1140       0    1140       0   482.0
queens 6000 4     0    2.58    1162       0    1162       0   464.3    1162       0    1162       0   464.3
queens 6000 4     0    2.55    1147       0    1147       0   497.8    1147       0    1147       0   497.8
queens 6000 4     0    2.54    1143       0    1143       0   464.7    1143       0    1143       0   464.7
queens 6000 4     0    2.54    1141       0    1141       0   470.4    1141       0    1141       0   470.4
queens 6000 4     0    2.58    1163       0    1163       0   488.8    1163       0    1163       0   488.8
queens 6000 4     0    2.58    1163       0    1163       0   499.3    1163       0    1163       0   499.3
queens 6000 4     0    2.53    1138       0    1138       0   478.2    1138       0    1138       0   478.2
queens 6000 4     0    2.55    1147       0    1147       0   482.1    1147       0    1147       0   482.1
queens 6000 4     0    2.57    1156       0    1156       0   476.6    1156       0    1156       0   476.6
queens 6000 4     0    2.55    1150       0    1150       0   476.0    1150       0    1150       0   476.0
queens 6000 8     0    2.56    1149       0    1149       0   497.2    1149       0    1149       0   497.2
queens 6000 8     0    2.55    1147       0    1147       0   472.0    1147       0    1147       0   472.0
queens 6000 8     0    2.57    1155       0    1155       0   463.7    1155       0    1155       0   463.7
queens 6000 8     0    2.54    1141       0    1141       0   456.2    1141       0    1141       0   456.2
queens 6000 8     0    2.55    1148       0    1148       0   478.0    1148       0    1148       0   478.0
queens 6000 8     0    2.57    1156       0    1156       0   471.2    1156       0    1156       0   471.2
queens 6000 8     0    2.55    1145       0    1145       0   514.0    1145       0    1145       0   514.0
queens 6000 8     0    2.56    1150       0    1150       0   444.4    1150       0    1150       0   444.4
queens 6000 8     0    2.53    1135       0    1135       0   444.7    1135       0    1135       0   444.7
queens 6000 8     0    2.52    1132       0    1132       0   468.6    1132       0    1132       0   468.6
queens 6000 8     0    2.55    1144       0    1144       0   448.5    1144       0    1144       0   448.5
queens 6000 8     0    2.55    1145       0    1145       0   480.1    1145       0    1145       0   480.1
queens 6000 8     0    2.54    1141       0    1141       0   478.0    1141       0    1141       0   478.0
queens 6000 8     0    2.54    1141       0    1141       0   480.5    1141       0    1141       0   480.5
queens 6000 8     0    2.57    1154       0    1154       0   442.2    1154       0    1154       0   442.2
queens 6000 8     0    2.56    1149       0    1149       0   461.0    1149       0    1149       0   461.0
queens 6000 8     0    2.53    1137       0    1137       0   484.1    1137       0    1137       0   484.1
queens 6000 8     0    2.54    1143       0    1143       0   486.5    1143       0    1143       0   486.5
queens 6000 8     0    2.56    1148       0    1148       0   459.1    1148       0    1148       0   459.1
queens 6000 8     0    2.54    1139       0    1139       0   482.9    1139       0    1139       0   482.9
queens 6000 8     0    2.55    1147       0    1147       0   460.4    1147       0    1147       0   460.4
queens 6000 8     0    2.54    1143       0    1143       0   512.1    1143       0    1143       0   512.1
queens 6000 8     0    2.57    1156       0    1156       0   454.1    1156       0    1156       0   454.1
queens 6000 8     0    2.56    1148       0    1148       0   471.2    1148       0    1148       0   471.2
queens 6000 8     0    2.56    1151       0    1151       0   453.8    1151       0    1151       0   453.8
queens 6000 8     0    2.55    1146       0    1146       0   475.3    1146       0    1146       0   475.3
queens 6000 8     0    2.54    1138       0    1138       0   468.2    1138       0    1138       0   468.2
queens 6000 8     0    2.56    1152       0    1152       0   464.5    1152       0    1152       0   464.5
queens 6000 8     0    2.56    1150       0    1150       0   455.3    1150       0    1150       0   455.3
queens 6000 8     0    2.55    1147       0    1147       0   445.9    1147       0    1147       0   445.9
queens 6000 16     0    2.54    1136       0    1136       0   458.7    1136       0    1136       0   458.7
queens 6000 16     0    2.55    1142       0    1142       0   443.0    1142       0    1142       0   443.0
queens 6000 16     0    2.55    1143       0    1143       0   495.5    1143       0    1143       0   495.5
queens 6000 16     0    2.53    1131       0    1131       0   466.1    1131       0    1131       0   466.1
queens 6000 16     0    2.56    1148       0    1148       0   490.5    1148       0    1148       0   490.5
queens 6000 16     0    2.55    1142       0    1142       0   452.7    1142       0    1142       0   452.7
queens 6000 16     0    2.54    1136       0    1136       0   492.0    1136       0    1136       0   492.0
queens 6000 16     0    2.53    1130       0    1130       0   450.2    1130       0    1130       0   450.2
queens 6000 16     0    2.56    1147       0    1147       0   479.4    1147       0    1147       0   479.4
queens 6000 16     0    2.56    1145       0    1145       0   464.9    1145       0    1145       0   464.9
queens 6000 16     0    2.53    1130       0    1130       0   436.0    1130       0    1130       0   436.0
queens 6000 16     0    2.56    1148       0    1148       0   471.3    1148       0    1148       0   471.3
queens 6000 16     0    2.52    1125       0    1125       0   489.2    1125       0    1125       0   489.2
queens 6000 16     0    2.55    1139       0    1139       0   473.2    1139       0    1139       0   473.2
queens 6000 16     0    2.54    1135       0    1135       0   469.4    1135       0    1135       0   469.4
queens 6000 16     0    2.56    1146       0    1146       0   479.3    1146       0    1146       0   479.3
queens 6000 16     0    2.55    1141       0    1141       0   440.5    1141       0    1141       0   440.5
queens 6000 16     0    2.54    1135       0    1135       0   475.3    1135       0    1135       0   475.3
queens 6000 16     0    2.57    1148       0    1148       0   474.3    1148       0    1148       0   474.3
queens 6000 16     0    2.56    1144       0    1144       0   466.8    1144       0    1144       0   466.8
queens 6000 16     0    2.52    1127       0    1127       0   465.4    1127       0    1127       0   465.4
queens 6000 16     0    2.55    1141       0    1141       0   454.3    1141       0    1141       0   454.3
queens 6000 16     0    2.57    1147       0    1147       0   492.0    1147       0    1147       0   492.0
queens 6000 16     0    2.55    1143       0    1143       0   480.6    1143       0    1143       0   480.6
queens 6000 16     0    2.56    1146       0    1146       0   455.6    1146       0    1146       0   455.6
queens 6000 16     0    2.56    1144       0    1144       0   462.1    1144       0    1144       0   462.1
queens 6000 16     0    2.56    1146       0    1146       0   480.5    1146       0    1146       0   480.5
queens 6000 16     0    2.56    1146       0    1146       0   465.7    1146       0    1146       0   465.7
queens 6000 16     0    2.52    1128       0    1128       0   466.4    1128       0    1128       0   466.4
queens 6000 16     0    2.55    1142       0    1142       0   474.5    1142       0    1142       0   474.5
