queens 1000 4     0    0.07     206       0     206       0    63.9     206       0     206       0    63.9
queens 1000 4     0    0.08     206       0     206       0    65.5     206       0     206       0    65.5
queens 1000 4     0    0.08     207       0     207       0    61.1     207       0     207       0    61.1
queens 1000 4     0    0.08     209       0     209       0    74.6     209       0     209       0    74.6
queens 1000 4     0    0.08     207       0     207       0    80.0     207       0     207       0    80.0
queens 1000 4     0    0.08     208       0     208       0    83.2     208       0     208       0    83.2
queens 1000 4     0    0.08     212       0     212       0    77.2     212       0     212       0    77.2
queens 1000 4     0    0.07     204       0     204       0    66.4     204       0     204       0    66.4
queens 1000 4     0    0.08     213       0     213       0    72.4     213       0     213       0    72.4
queens 1000 4     0    0.08     210       0     210       0    67.6     210       0     210       0    67.6
queens 1000 4     0    0.08     208       0     208       0    75.0     208       0     208       0    75.0
queens 1000 4     0    0.07     198       0     198       0    74.3     198       0     198       0    74.3
queens 1000 4     0    0.07     198       0     198       0    63.8     198       0     198       0    63.8
queens 1000 4     0    0.07     200       0     200       0    63.5     200       0     200       0    63.5
queens 1000 4     0    0.08     207       0     207       0    71.6     207       0     207       0    71.6
queens 1000 4     0    0.08     213       0     213       0    62.6     213       0     213       0    62.6
queens 1000 4     0    0.08     205       0     205       0    72.3     205       0     205       0    72.3
queens 1000 4     0    0.08     216       0     216       0    67.1     216       0     216       0    67.1
queens 1000 4     0    0.07     201       0     201       0    62.1     201       0     201       0    62.1
queens 1000 4     0    0.08     218       0     218       0    67.3     218       0     218       0    67.3
queens 1000 4     0    0.08     214       0     214       0    76.8     214       0     214       0    76.8
queens 1000 4     0    0.07     197       0     197       0    69.0     197       0     197       0    69.0
queens 1000 4     0    0.08     208       0     208       0    61.6     208       0     208       0    61.6
queens 1000 4     0    0.08     215       0     215       0    70.9     215       0     215       0    70.9
queens 1000 4     0    0.08     213       0     213       0    80.5     213       0     213       0    80.5
queens 1000 4     0    0.08     209       0     209       0    61.9     209       0     209       0    61.9
queens 1000 4     0    0.08     214       0     214       0    81.8     214       0     214       0    81.8
queens 1000 4     0    0.08     209       0     209       0    80.1     209       0     209       0    80.1
queens 1000 4     0    0.08     211       0     211       0    70.1     211       0     211       0    70.1
queens 1000 4     0    0.08     212       0     212       0    69.3     212       0     212       0    69.3
queens 1000 8     0    0.08     209       0     209       0    70.2     209       0     209       0    70.2
queens 1000 8     0    0.08     213       0     213       0    76.0     213       0     213       0    76.0
queens 1000 8     0    0.08     204       0     204       0    75.5     204       0     204       0    75.5
queens 1000 8     0    0.08     203       0     203       0    74.0     203       0     203       0    74.0
queens 1000 8     0    0.08     210       0     210       0    72.9     210       0     210       0    72.9
queens 1000 8     0    0.08     199       0     199       0    58.2     199       0     199       0    58.2
queens 1000 8     0    0.08     204       0     204       0    72.2     204       0     204       0    72.2
queens 1000 8     0    0.08     216       0     216       0    67.8     216       0     216       0    67.8
queens 1000 8     0    0.08     203       0     203       0    61.1     203       0     203       0    61.1
queens 1000 8     0    0.08     206       0     206       0    65.8     206       0     206       0    65.8
queens 1000 8     0    0.08     198       0     198       0    68.7     198       0     198       0    68.7
queens 1000 8     0    0.08     217       0     217       0    66.7     217       0     217       0    66.7
queens 1000 8     0    0.08     206       0     206       0    78.5     206       0     206       0    78.5
queens 1000 8     0    0.08     208       0     208       0    79.0     208       0     208       0    79.0
queens 1000 8     0    0.08     212       0     212       0    77.1     212       0     212       0    77.1
queens 1000 8     0    0.08     209       0     209       0    71.3     209       0     209       0    71.3
queens 1000 8     0    0.08     205       0     205       0    80.4     205       0     205       0    80.4
queens 1000 8     0    0.08     209       0     209       0    70.2     209       0     209       0    70.2
queens 1000 8     0    0.08     214       0     214       0    78.3     214       0     214       0    78.3
queens 1000 8     0    0.08     213       0     213       0    66.5     213       0     213       0    66.5
queens 1000 8     0    0.08     208       0     208       0    64.6     208       0     208       0    64.6
queens 1000 8     0    0.08     213       0     213       0    72.9     213       0     213       0    72.9
queens 1000 8     0    0.08     209       0     209       0    72.1     209       0     209       0    72.1
queens 1000 8     0    0.08     212       0     212       0    71.6     212       0     212       0    71.6
queens 1000 8     0    0.08     207       0     207       0    66.0     207       0     207       0    66.0
queens 1000 8     0    0.08     198       0     198       0    70.2     198       0     198       0    70.2
queens 1000 8     0    0.08     209       0     209       0    77.8     209       0     209       0    77.8
queens 1000 8     0    0.09     219       0     219       0    69.6     219       0     219       0    69.6
queens 1000 8     0    0.08     204       0     204       0    69.1     204       0     204       0    69.1
queens 1000 8     0    0.08     212       0     212       0    74.2     212       0     212       0    74.2
queens 1000 16     0    0.09     206       0     206       0    70.7     206       0     206       0    70.7
queens 1000 16     0    0.09     206       0     206       0    63.4     206       0     206       0    63.4
queens 1000 16     0    0.09     208       0     208       0    70.4     208       0     208       0    70.4
queens 1000 16     0    0.09     211       0     211       0    69.7     211       0     211       0    69.7
queens 1000 16     0    0.09     209       0     209       0    70.2     209       0     209       0    70.2
queens 1000 16     0    0.09     210       0     210       0    66.1     210       0     210       0    66.1
queens 1000 16     0    0.09     208       0     208       0    65.3     208       0     208       0    65.3
queens 1000 16     0    0.09     204       0     204       0    66.8     204       0     204       0    66.8
queens 1000 16     0    0.09     203       0     203       0    65.5     203       0     203       0    65.5
queens 1000 16     0    0.09     202       0     202       0    66.7     202       0     202       0    66.7
queens 1000 16     0    0.09     211       0     211       0    66.5     211       0     211       0    66.5
queens 1000 16     0    0.09     203       0     203       0    69.7     203       0     203       0    69.7
queens 1000 16     0    0.09     206       0     206       0    58.7     206       0     206       0    58.7
queens 1000 16     0    0.09     201       0     201       0    68.5     201       0     201       0    68.5
queens 1000 16     0    0.09     217       0     217       0    76.9     217       0     217       0    76.9
queens 1000 16     0    0.09     214       0     214       0    68.3     214       0     214       0    68.3
queens 1000 16     0    0.09     210       0     210       0    69.8     210       0     210       0    69.8
queens 1000 16     0    0.09     211       0     211       0    72.1     211       0     211       0    72.1
queens 1000 16     0    0.09     209       0     209       0    71.0     209       0     209       0    71.0
queens 1000 16     0    0.09     211       0     211       0    78.5     211       0     211       0    78.5
queens 1000 16     0    0.09     207       0     207       0    62.3     207       0     207       0    62.3
queens 1000 16     0    0.09     213       0     213       0    77.5     213       0     213       0    77.5
queens 1000 16     0    0.09     217       0     217       0    66.7     217       0     217       0    66.7
queens 1000 16     0    0.09     200       0     200       0    70.5     200       0     200       0    70.5
queens 1000 16     0    0.09     193       0     193       0    67.0     193       0     193       0    67.0
queens 1000 16     0    0.09     202       0     202       0    76.4     202       0     202       0    76.4
queens 1000 16     0    0.09     215       0     215       0    73.3     215       0     215       0    73.3
queens 1000 16     0    0.09     211       0     211       0    69.3     211       0     211       0    69.3
queens 1000 16     0    0.09     210       0     210       0    63.3     210       0     210       0    63.3
queens 1000 16     0    0.09     216       0     216       0    82.2     216       0     216       0    82.2
queens 2000 4     0    0.29     411       0     411       0   164.5     411       0     411       0   164.5
queens 2000 4     0    0.27     393       0     393       0   144.5     393       0     393       0   144.5
queens 2000 4     0    0.28     401       0     401       0   149.8     401       0     401       0   149.8
queens 2000 4     0    0.28     397       0     397       0   141.9     397       0     397       0   141.9
queens 2000 4     0    0.28     399       0     399       0   147.4     399       0     399       0   147.4
queens 2000 4     0    0.28     394       0     394       0   153.7     394       0     394       0   153.7
queens 2000 4     0    0.28     403       0     403       0   152.5     403       0     403       0   152.5
queens 2000 4     0    0.29     412       0     412       0   150.0     412       0     412       0   150.0
queens 2000 4     0    0.29     416       0     416       0   156.9     416       0     416       0   156.9
queens 2000 4     0    0.28     404       0     404       0   146.0     404       0     404       0   146.0
queens 2000 4     0    0.28     402       0     402       0   152.1     402       0     402       0   152.1
queens 2000 4     0    0.28     409       0     409       0   149.0     409       0     409       0   149.0
queens 2000 4     0    0.28     396       0     396       0   160.4     396       0     396       0   160.4
queens 2000 4     0    0.27     388       0     388       0   146.8     388       0     388       0   146.8
queens 2000 4     0    0.29     415       0     415       0   153.6     415       0     415       0   153.6
queens 2000 4     0    0.28     400       0     400       0   145.4     400       0     400       0   145.4
queens 2000 4     0    0.28     400       0     400       0   148.3     400       0     400       0   148.3
queens 2000 4     0    0.28     398       0     398       0   157.7     398       0     398       0   157.7
queens 2000 4     0    0.28     408       0     408       0   152.0     408       0     408       0   152.0
queens 2000 4     0    0.27     392       0     392       0   145.4     392       0     392       0   145.4
queens 2000 4     0    0.28     400       0     400       0   160.3     400       0     400       0   160.3
queens 2000 4     0    0.28     400       0     400       0   144.6     400       0     400       0   144.6
queens 2000 4     0    0.28     405       0     405       0   145.1     405       0     405       0   145.1
queens 2000 4     0    0.28     400       0     400       0   153.0     400       0     400       0   153.0
queens 2000 4     0    0.28     398       0     398       0   138.2     398       0     398       0   138.2
queens 2000 4     0    0.29     410       0     410       0   137.3     410       0     410       0   137.3
queens 2000 4     0    0.28     399       0     399       0   149.9     399       0     399       0   149.9
queens 2000 4     0    0.29     414       0     414       0   145.1     414       0     414       0   145.1
queens 2000 4     0    0.28     399       0     399       0   147.9     399       0     399       0   147.9
queens 2000 4     0    0.27     393       0     393       0   166.2     393       0     393       0   166.2
queens 2000 8     0    0.28     402       0     402       0   146.1     402       0     402       0   146.1
queens 2000 8     0    0.29     408       0     408       0   161.0     408       0     408       0   161.0
queens 2000 8     0    0.29     402       0     402       0   162.5     402       0     402       0   162.5
queens 2000 8     0    0.28     403       0     403       0   156.9     403       0     403       0   156.9
queens 2000 8     0    0.28     396       0     396       0   145.6     396       0     396       0   145.6
queens 2000 8     0    0.29     404       0     404       0   136.1     404       0     404       0   136.1
queens 2000 8     0    0.29     404       0     404       0   163.5     404       0     404       0   163.5
queens 2000 8     0    0.29     404       0     404       0   147.4     404       0     404       0   147.4
queens 2000 8     0    0.28     397       0     397       0   154.6     397       0     397       0   154.6
queens 2000 8     0    0.28     396       0     396       0   153.6     396       0     396       0   153.6
queens 2000 8     0    0.28     396       0     396       0   158.8     396       0     396       0   158.8
queens 2000 8     0    0.29     406       0     406       0   148.4     406       0     406       0   148.4
queens 2000 8     0    0.29     405       0     405       0   136.5     405       0     405       0   136.5
queens 2000 8     0    0.28     398       0     398       0   153.1     398       0     398       0   153.1
queens 2000 8     0    0.28     401       0     401       0   149.8     401       0     401       0   149.8
queens 2000 8     0    0.28     397       0     397       0   150.8     397       0     397       0   150.8
queens 2000 8     0    0.28     403       0     403       0   142.6     403       0     403       0   142.6
queens 2000 8     0    0.29     409       0     409       0   142.3     409       0     409       0   142.3
queens 2000 8     0    0.28     390       0     390       0   145.0     390       0     390       0   145.0
queens 2000 8     0    0.29     407       0     407       0   167.3     407       0     407       0   167.3
queens 2000 8     0    0.29     411       0     411       0   155.5     411       0     411       0   155.5
queens 2000 8     0    0.28     403       0     403       0   142.4     403       0     403       0   142.4
queens 2000 8     0    0.29     402       0     402       0   156.2     402       0     402       0   156.2
queens 2000 8     0    0.28     400       0     400       0   155.0     400       0     400       0   155.0
queens 2000 8     0    0.28     393       0     393       0   152.3     393       0     393       0   152.3
queens 2000 8     0    0.28     394       0     394       0   135.4     394       0     394       0   135.4
queens 2000 8     0    0.28     390       0     390       0   149.4     390       0     390       0   149.4
queens 2000 8     0    0.28     398       0     398       0   147.2     398       0     398       0   147.2
queens 2000 8     0    0.28     393       0     393       0   146.8     393       0     393       0   146.8
queens 2000 8     0    0.28     391       0     391       0   148.4     391       0     391       0   148.4
queens 2000 16     0    0.29     387       0     387       0   150.6     387       0     387       0   150.6
queens 2000 16     0    0.30     402       0     402       0   132.5     402       0     402       0   132.5
queens 2000 16     0    0.29     392       0     392       0   151.3     392       0     392       0   151.3
queens 2000 16     0    0.29     392       0     392       0   170.5     392       0     392       0   170.5
queens 2000 16     0    0.30     406       0     406       0   138.7     406       0     406       0   138.7
queens 2000 16     0    0.29     399       0     399       0   162.1     399       0     399       0   162.1
queens 2000 16     0    0.28     385       0     385       0   164.4     385       0     385       0   164.4
queens 2000 16     0    0.29     391       0     391       0   151.9     391       0     391       0   151.9
queens 2000 16     0    0.29     398       0     398       0   155.6     398       0     398       0   155.6
queens 2000 16     0    0.28     387       0     387       0   148.6     387       0     387       0   148.6
queens 2000 16     0    0.29     399       0     399       0   153.7     399       0     399       0   153.7
queens 2000 16     0    0.29     394       0     394       0   143.6     394       0     394       0   143.6
queens 2000 16     0    0.28     387       0     387       0   131.0     387       0     387       0   131.0
queens 2000 16     0    0.29     395       0     395       0   140.4     395       0     395       0   140.4
queens 2000 16     0    0.29     398       0     398       0   155.8     398       0     398       0   155.8
queens 2000 16     0    0.29     396       0     396       0   152.3     396       0     396       0   152.3
queens 2000 16     0    0.29     389       0     389       0   144.9     389       0     389       0   144.9
queens 2000 16     0    0.29     388       0     388       0   159.4     388       0     388       0   159.4
queens 2000 16     0    0.29     401       0     401       0   158.8     401       0     401       0   158.8
queens 2000 16     0    0.29     398       0     398       0   134.7     398       0     398       0   134.7
queens 2000 16     0    0.28     382       0     382       0   152.4     382       0     382       0   152.4
queens 2000 16     0    0.30     417       0     417       0   151.4     417       0     417       0   151.4
queens 2000 16     0    0.29     390       0     390       0   150.7     390       0     390       0   150.7
queens 2000 16     0    0.29     396       0     396       0   160.0     396       0     396       0   160.0
queens 2000 16     0    0.29     397       0     397       0   165.0     397       0     397       0   165.0
queens 2000 16     0    0.29     393       0     393       0   157.9     393       0     393       0   157.9
queens 2000 16     0    0.29     398       0     398       0   157.3     398       0     398       0   157.3
queens 2000 16     0    0.30     401       0     401       0   156.6     401       0     401       0   156.6
queens 2000 16     0    0.30     405       0     405       0   153.6     405       0     405       0   153.6
queens 2000 16     0    0.29     391       0     391       0   146.0     391       0     391       0   146.0
queens 4000 4     0    1.07     777       0     777       0   309.0     777       0     777       0   309.0
queens 4000 4     0    1.11     810       0     810       0   344.9     810       0     810       0   344.9
queens 4000 4     0    1.07     777       0     777       0   302.3     777       0     777       0   302.3
queens 4000 4     0    1.07     780       0     780       0   295.1     780       0     780       0   295.1
queens 4000 4     0    1.06     770       0     770       0   319.2     770       0     770       0   319.2
queens 4000 4     0    1.07     778       0     778       0   319.0     778       0     778       0   319.0
queens 4000 4     0    1.05     767       0     767       0   296.4     767       0     767       0   296.4
queens 4000 4     0    1.07     778       0     778       0   328.1     778       0     778       0   328.1
queens 4000 4     0    1.07     779       0     779       0   325.7     779       0     779       0   325.7
queens 4000 4     0    1.05     766       0     766       0   288.4     766       0     766       0   288.4
queens 4000 4     0    1.06     772       0     772       0   299.9     772       0     772       0   299.9
queens 4000 4     0    1.08     785       0     785       0   309.3     785       0     785       0   309.3
queens 4000 4     0    1.07     780       0     780       0   300.2     780       0     780       0   300.2
queens 4000 4     0    1.08     783       0     783       0   301.5     783       0     783       0   301.5
queens 4000 4     0    1.10     801       0     801       0   314.9     801       0     801       0   314.9
queens 4000 4     0    1.08     786       0     786       0   329.0     786       0     786       0   329.0
queens 4000 4     0    1.08     783       0     783       0   279.7     783       0     783       0   279.7
queens 4000 4     0    1.07     781       0     781       0   316.4     781       0     781       0   316.4
queens 4000 4     0    1.06     769       0     769       0   314.0     769       0     769       0   314.0
queens 4000 4     0    1.08     782       0     782       0   325.9     782       0     782       0   325.9
queens 4000 4     0    1.08     788       0     788       0   321.9     788       0     788       0   321.9
queens 4000 4     0    1.11     806       0     806       0   320.3     806       0     806       0   320.3
queens 4000 4     0    1.08     788       0     788       0   350.7     788       0     788       0   350.7
queens 4000 4     0    1.08     785       0     785       0   310.5     785       0     785       0   310.5
queens 4000 4     0    1.07     776       0     776       0   299.1     776       0     776       0   299.1
queens 4000 4     0    1.08     782       0     782       0   315.2     782       0     782       0   315.2
queens 4000 4     0    1.09     791       0     791       0   329.9     791       0     791       0   329.9
queens 4000 4     0    1.08     783       0     783       0   315.9     783       0     783       0   315.9
queens 4000 4     0    1.07     777       0     777       0   312.0     777       0     777       0   312.0
queens 4000 4     0    1.07     776       0     776       0   316.4     776       0     776       0   316.4
queens 4000 8     0    1.08     779       0     779       0   331.4     779       0     779       0   331.4
queens 4000 8     0    1.10     794       0     794       0   300.1     794       0     794       0   300.1
queens 4000 8     0    1.07     778       0     778       0   327.5     778       0     778       0   327.5
queens 4000 8     0    1.08     783       0     783       0   298.1     783       0     783       0   298.1
queens 4000 8     0    1.07     776       0     776       0   311.7     776       0     776       0   311.7
queens 4000 8     0    1.08     785       0     785       0   313.9     785       0     785       0   313.9
queens 4000 8     0    1.09     788       0     788       0   334.0     788       0     788       0   334.0
queens 4000 8     0    1.08     785       0     785       0   323.2     785       0     785       0   323.2
queens 4000 8     0    1.09     786       0     786       0   302.8     786       0     786       0   302.8
queens 4000 8     0    1.09     786       0     786       0   293.5     786       0     786       0   293.5
queens 4000 8     0    1.06     768       0     768       0   319.8     768       0     768       0   319.8
queens 4000 8     0    1.06     767       0     767       0   319.8     767       0     767       0   319.8
queens 4000 8     0    1.06     765       0     765       0   323.5     765       0     765       0   323.5
queens 4000 8     0    1.05     760       0     760       0   292.5     760       0     760       0   292.5
queens 4000 8     0    1.10     792       0     792       0   313.9     792       0     792       0   313.9
queens 4000 8     0    1.08     781       0     781       0   304.1     781       0     781       0   304.1
queens 4000 8     0    1.07     775       0     775       0   317.3     775       0     775       0   317.3
queens 4000 8     0    1.09     791       0     791       0   312.8     791       0     791       0   312.8
queens 4000 8     0    1.07     773       0     773       0   293.3     773       0     773       0   293.3
queens 4000 8     0    1.09     790       0     790       0   324.9     790       0     790       0   324.9
queens 4000 8     0    1.08     784       0     784       0   301.2     784       0     784       0   301.2
queens 4000 8     0    1.07     773       0     773       0   311.1     773       0     773       0   311.1
queens 4000 8     0    1.11     800       0     800       0   306.7     800       0     800       0   306.7
queens 4000 8     0    1.08     781       0     781       0   317.9     781       0     781       0   317.9
queens 4000 8     0    1.07     773       0     773       0   311.7     773       0     773       0   311.7
queens 4000 8     0    1.05     760       0     760       0   291.4     760       0     760       0   291.4
queens 4000 8     0    1.08     779       0     779       0   296.2     779       0     779       0   296.2
queens 4000 8     0    1.06     767       0     767       0   307.3     767       0     767       0   307.3
queens 4000 8     0    1.08     784       0     784       0   315.4     784       0     784       0   315.4
queens 4000 8     0    1.07     772       0     772       0   305.4     772       0     772       0   305.4
queens 4000 16     0    1.08     776       0     776       0   315.1     776       0     776       0   315.1
queens 4000 16     0    1.09     781       0     781       0   310.2     781       0     781       0   310.2
queens 4000 16     0    1.10     784       0     784       0   321.4     784       0     784       0   321.4
queens 4000 16     0    1.10     786       0     786       0   318.7     786       0     786       0   318.7
queens 4000 16     0    1.06     760       0     760       0   316.3     760       0     760       0   316.3
queens 4000 16     0    1.10     787       0     787       0   304.2     787       0     787       0   304.2
queens 4000 16     0    1.09     781       0     781       0   292.4     781       0     781       0   292.4
queens 4000 16     0    1.10     787       0     787       0   336.6     787       0     787       0   336.6
queens 4000 16     0    1.09     779       0     779       0   322.3     779       0     779       0   322.3
queens 4000 16     0    1.08     774       0     774       0   326.8     774       0     774       0   326.8
queens 4000 16     0    1.09     784       0     784       0   307.5     784       0     784       0   307.5
queens 4000 16     0    1.08     777       0     777       0   307.6     777       0     777       0   307.6
queens 4000 16     0    1.07     768       0     768       0   324.7     768       0     768       0   324.7
queens 4000 16     0    1.09     780       0     780       0   303.1     780       0     780       0   303.1
queens 4000 16     0    1.09     785       0     785       0   308.1     785       0     785       0   308.1
queens 4000 16     0    1.09     780       0     780       0   293.1     780       0     780       0   293.1
queens 4000 16     0    1.09     782       0     782       0   322.7     782       0     782       0   322.7
queens 4000 16     0    1.08     773       0     773       0   309.7     773       0     773       0   309.7
queens 4000 16     0    1.07     765       0     765       0   308.2     765       0     765       0   308.2
queens 4000 16     0    1.07     767       0     767       0   311.5     767       0     767       0   311.5
queens 4000 16     0    1.08     774       0     774       0   322.2     774       0     774       0   322.2
queens 4000 16     0    1.09     780       0     780       0   335.2     780       0     780       0   335.2
queens 4000 16     0    1.07     771       0     771       0   304.8     771       0     771       0   304.8
queens 4000 16     0    1.09     781       0     781       0   329.1     781       0     781       0   329.1
queens 4000 16     0    1.10     792       0     792       0   302.8     792       0     792       0   302.8
queens 4000 16     0    1.07     769       0     769       0   294.7     769       0     769       0   294.7
queens 4000 16     0    1.08     771       0     771       0   324.3     771       0     771       0   324.3
queens 4000 16     0    1.10     787       0     787       0   315.0     787       0     787       0   315.0
queens 4000 16     0    1.11     797       0     797       0   319.4     797       0     797       0   319.4
queens 4000 16     0    1.08     776       0     776       0   319.3     776       0     776       0   319.3
queens 5000 4     0    1.63     949       0     949       0   378.4     949       0     949       0   378.4
queens 5000 4     0    1.67     975       0     975       0   386.3     975       0     975       0   386.3
queens 5000 4     0    1.67     973       0     973       0   383.5     973       0     973       0   383.5
queens 5000 4     0    1.65     961       0     961       0   382.8     961       0     961       0   382.8
queens 5000 4     0    1.68     977       0     977       0   423.9     977       0     977       0   423.9
queens 5000 4     0    1.66     967       0     967       0   375.1     967       0     967       0   375.1
queens 5000 4     0    1.65     959       0     959       0   379.1     959       0     959       0   379.1
queens 5000 4     0    1.68     980       0     980       0   410.8     980       0     980       0   410.8
queens 5000 4     0    1.67     971       0     971       0   380.4     971       0     971       0   380.4
queens 5000 4     0    1.68     979       0     979       0   404.6     979       0     979       0   404.6
queens 5000 4     0    1.67     972       0     972       0   363.7     972       0     972       0   363.7
queens 5000 4     0    1.65     963       0     963       0   419.6     963       0     963       0   419.6
queens 5000 4     0    1.66     968       0     968       0   405.3     968       0     968       0   405.3
queens 5000 4     0    1.67     973       0     973       0   376.9     973       0     973       0   376.9
queens 5000 4     0    1.65     963       0     963       0   390.9     963       0     963       0   390.9
queens 5000 4     0    1.66     965       0     965       0   398.3     965       0     965       0   398.3
queens 5000 4     0    1.65     958       0     958       0   380.8     958       0     958       0   380.8
queens 5000 4     0    1.65     961       0     961       0   390.3     961       0     961       0   390.3
queens 5000 4     0    1.66     966       0     966       0   412.2     966       0     966       0   412.2
queens 5000 4     0    1.67     973       0     973       0   403.6     973       0     973       0   403.6
queens 5000 4     0    1.66     968       0     968       0   396.3     968       0     968       0   396.3
queens 5000 4     0    1.66     964       0     964       0   400.2     964       0     964       0   400.2
queens 5000 4     0    1.66     969       0     969       0   383.9     969       0     969       0   383.9
queens 5000 4     0    1.64     957       0     957       0   399.4     957       0     957       0   399.4
queens 5000 4     0    1.67     971       0     971       0   396.9     971       0     971       0   396.9
queens 5000 4     0    1.67     974       0     974       0   411.3     974       0     974       0   411.3
queens 5000 4     0    1.70     992       0     992       0   417.0     992       0     992       0   417.0
queens 5000 4     0    1.68     978       0     978       0   385.0     978       0     978       0   385.0
queens 5000 4     0    1.68     981       0     981       0   385.5     981       0     981       0   385.5
queens 5000 4     0    1.68     981       0     981       0   377.9     981       0     981       0   377.9
queens 5000 8     0    1.66     962       0     962       0   404.9     962       0     962       0   404.9
queens 5000 8     0    1.66     966       0     966       0   392.4     966       0     966       0   392.4
queens 5000 8     0    1.68     976       0     976       0   404.2     976       0     976       0   404.2
queens 5000 8     0    1.66     964       0     964       0   399.2     964       0     964       0   399.2
queens 5000 8     0    1.67     970       0     970       0   386.7     970       0     970       0   386.7
queens 5000 8     0    1.70     987       0     987       0   411.6     987       0     987       0   411.6
queens 5000 8     0    1.66     961       0     961       0   383.7     961       0     961       0   383.7
queens 5000 8     0    1.66     963       0     963       0   388.7     963       0     963       0   388.7
queens 5000 8     0    1.66     966       0     966       0   386.5     966       0     966       0   386.5
queens 5000 8     0    1.68     978       0     978       0   393.0     978       0     978       0   393.0
queens 5000 8     0    1.68     973       0     973       0   415.1     973       0     973       0   415.1
queens 5000 8     0    1.68     973       0     973       0   383.2     973       0     973       0   383.2
queens 5000 8     0    1.64     951       0     951       0   363.8     951       0     951       0   363.8
queens 5000 8     0    1.68     978       0     978       0   393.4     978       0     978       0   393.4
queens 5000 8     0    1.66     967       0     967       0   403.3     967       0     967       0   403.3
queens 5000 8     0    1.69     981       0     981       0   377.3     981       0     981       0   377.3
queens 5000 8     0    1.65     958       0     958       0   380.1     958       0     958       0   380.1
queens 5000 8     0    1.70     986       0     986       0   390.7     986       0     986       0   390.7
queens 5000 8     0    1.65     959       0     959       0   366.9     959       0     959       0   366.9
queens 5000 8     0    1.70     988       0     988       0   417.6     988       0     988       0   417.6
queens 5000 8     0    1.67     969       0     969       0   406.7     969       0     969       0   406.7
queens 5000 8     0    1.68     976       0     976       0   377.9     976       0     976       0   377.9
queens 5000 8     0    1.65     957       0     957       0   373.4     957       0     957       0   373.4
queens 5000 8     0    1.66     962       0     962       0   389.2     962       0     962       0   389.2
queens 5000 8     0    1.66     963       0     963       0   409.3     963       0     963       0   409.3
queens 5000 8     0    1.67     967       0     967       0   412.8     967       0     967       0   412.8
queens 5000 8     0    1.65     959       0     959       0   368.8     959       0     959       0   368.8
queens 5000 8     0    1.70     985       0     985       0   387.5     985       0     985       0   387.5
queens 5000 8     0    1.68     974       0     974       0   374.7     974       0     974       0   374.7
queens 5000 8     0    1.66     965       0     965       0   375.7     965       0     965       0   375.7
queens 5000 16     0    1.69     974       0     974       0   359.7     974       0     974       0   359.7
queens 5000 16     0    1.67     963       0     963       0   401.8     963       0     963       0   401.8
queens 5000 16     0    1.67     964       0     964       0   389.0     964       0     964       0   389.0
queens 5000 16     0    1.70     982       0     982       0   388.9     982       0     982       0   388.9
queens 5000 16     0    1.67     961       0     961       0   405.8     961       0     961       0   405.8
queens 5000 16     0    1.70     982       0     982       0   402.1     982       0     982       0   402.1
queens 5000 16     0    1.64     949       0     949       0   380.1     949       0     949       0   380.1
queens 5000 16     0    1.65     951       0     951       0   373.6     951       0     951       0   373.6
queens 5000 16     0    1.65     953       0     953       0   373.0     953       0     953       0   373.0
queens 5000 16     0    1.63     939       0     939       0   360.4     939       0     939       0   360.4
queens 5000 16     0    1.69     975       0     975       0   397.2     975       0     975       0   397.2
queens 5000 16     0    1.65     954       0     954       0   371.2     954       0     954       0   371.2
queens 5000 16     0    1.65     953       0     953       0   379.7     953       0     953       0   379.7
queens 5000 16     0    1.70     984       0     984       0   385.7     984       0     984       0   385.7
queens 5000 16     0    1.65     954       0     954       0   386.5     954       0     954       0   386.5
queens 5000 16     0    1.70     982       0     982       0   387.2     982       0     982       0   387.2
queens 5000 16     0    1.66     955       0     955       0   394.5     955       0     955       0   394.5
queens 5000 16     0    1.67     966       0     966       0   373.8     966       0     966       0   373.8
queens 5000 16     0    1.65     954       0     954       0   384.1     954       0     954       0   384.1
queens 5000 16     0    1.67     961       0     961       0   391.7     961       0     961       0   391.7
queens 5000 16     0    1.71     989       0     989       0   408.9     989       0     989       0   408.9
queens 5000 16     0    1.69     976       0     976       0   415.4     976       0     976       0   415.4
queens 5000 16     0    1.66     960       0     960       0   404.6     960       0     960       0   404.6
queens 5000 16     0    1.65     949       0     949       0   397.3     949       0     949       0   397.3
queens 5000 16     0    1.66     957       0     957       0   374.4     957       0     957       0   374.4
queens 5000 16     0    1.67     961       0     961       0   429.8     961       0     961       0   429.8
queens 5000 16     0    1.67     964       0     964       0   387.4     964       0     964       0   387.4
queens 5000 16     0    1.67     966       0     966       0   392.0     966       0     966       0   392.0
queens 5000 16     0    1.66     958       0     958       0   362.9     958       0     958       0   362.9
queens 5000 16     0    1.67     966       0     966       0   385.6     966       0     966       0   385.6
queens 6000 4     0    2.34    1136       0    1136       0   471.0    1136       0    1136       0   471.0
queens 6000 4     0    2.39    1161       0    1161       0   467.0    1161       0    1161       0   467.0
queens 6000 4     0    2.36    1148       0    1148       0   473.4    1148       0    1148       0   473.4
queens 6000 4     0    2.38    1156       0    1156       0   482.6    1156       0    1156       0   482.6
queens 6000 4     0    2.40    1164       0    1164       0   460.8    1164       0    1164       0   460.8
queens 6000 4     0    2.41    1169       0    1169       0   482.8    1169       0    1169       0   482.8
queens 6000 4     0    2.40    1165       0    1165       0   479.7    1165       0    1165       0   479.7
queens 6000 4     0    2.39    1162       0    1162       0   463.3    1162       0    1162       0   463.3
queens 6000 4     0    2.37    1149       0    1149       0   443.6    1149       0    1149       0   443.6
queens 6000 4     0    2.39    1161       0    1161       0   465.7    1161       0    1161       0   465.7
queens 6000 4     0    2.37    1150       0    1150       0   444.8    1150       0    1150       0   444.8
queens 6000 4     0    2.38    1157       0    1157       0   485.4    1157       0    1157       0   485.4
queens 6000 4     0    2.40    1165       0    1165       0   469.5    1165       0    1165       0   469.5
queens 6000 4     0    2.40    1165       0    1165       0   473.7    1165       0    1165       0   473.7
queens 6000 4     0    2.37    1153       0    1153       0   460.9    1153       0    1153       0   460.9
queens 6000 4     0    2.39    1163       0    1163       0   453.9    1163       0    1163       0   453.9
queens 6000 4     0    2.43    1179       0    1179       0   493.4    1179       0    1179       0   493.4
queens 6000 4     0    2.35    1144       0    1144       0   470.8    1144       0    1144       0   470.8
queens 6000 4     0    2.36    1148       0    1148       0   444.1    1148       0    1148       0   444.1
queens 6000 4     0    2.37    1150       0    1150       0   469.9    1150       0    1150       0   469.9
queens 6000 4     0    2.36    1147       0    1147       0   460.0    1147       0    1147       0   460.0
queens 6000 4     0    2.37    1152       0    1152       0   472.4    1152       0    1152       0   472.4
queens 6000 4     0    2.40    1164       0    1164       0   486.8    1164       0    1164       0   486.8
queens 6000 4     0    2.37    1150       0    1150       0   491.3    1150       0    1150       0   491.3
queens 6000 4     0    2.44    1183       0    1183       0   470.5    1183       0    1183       0   470.5
queens 6000 4     0    2.37    1153       0    1153       0   468.0    1153       0    1153       0   468.0
queens 6000 4     0    2.36    1147       0    1147       0   471.9    1147       0    1147       0   471.9
queens 6000 4     0    2.38    1158       0    1158       0   493.7    1158       0    1158       0   493.7
queens 6000 4     0    2.37    1150       0    1150       0   467.6    1150       0    1150       0   467.6
queens 6000 4     0    2.40    1167       0    1167       0   464.5    1167       0    1167       0   464.5
queens 6000 8     0    2.41    1167       0    1167       0   473.5    1167       0    1167       0   473.5
queens 6000 8     0    2.38    1154       0    1154       0   436.3    1154       0    1154       0   436.3
queens 6000 8     0    2.39    1157       0    1157       0   458.6    1157       0    1157       0   458.6
queens 6000 8     0    2.39    1157       0    1157       0   465.4    1157       0    1157       0   465.4
queens 6000 8     0    2.40    1165       0    1165       0   457.3    1165       0    1165       0   457.3
queens 6000 8     0    2.35    1141       0    1141       0   443.0    1141       0    1141       0   443.0
queens 6000 8     0    2.39    1158       0    1158       0   451.5    1158       0    1158       0   451.5
queens 6000 8     0    2.40    1160       0    1160       0   475.5    1160       0    1160       0   475.5
queens 6000 8     0    2.40    1162       0    1162       0   476.1    1162       0    1162       0   476.1
queens 6000 8     0    2.40    1164       0    1164       0   460.5    1164       0    1164       0   460.5
queens 6000 8     0    2.42    1173       0    1173       0   464.4    1173       0    1173       0   464.4
queens 6000 8     0    2.40    1166       0    1166       0   484.3    1166       0    1166       0   484.3
queens 6000 8     0    2.41    1170       0    1170       0   479.2    1170       0    1170       0   479.2
queens 6000 8     0    2.44    1182       0    1182       0   462.7    1182       0    1182       0   462.7
queens 6000 8     0    2.40    1161       0    1161       0   474.9    1161       0    1161       0   474.9
queens 6000 8     0    2.38    1154       0    1154       0   473.8    1154       0    1154       0   473.8
queens 6000 8     0    2.35    1142       0    1142       0   481.7    1142       0    1142       0   481.7
queens 6000 8     0    2.40    1165       0    1165       0   472.4    1165       0    1165       0   472.4
queens 6000 8     0    2.40    1163       0    1163       0   472.9    1163       0    1163       0   472.9
queens 6000 8     0    2.40    1166       0    1166       0   466.9    1166       0    1166       0   466.9
queens 6000 8     0    2.38    1152       0    1152       0   451.9    1152       0    1152       0   451.9
queens 6000 8     0    2.37    1148       0    1148       0   456.0    1148       0    1148       0   456.0
queens 6000 8     0    2.36    1146       0    1146       0   478.6    1146       0    1146       0   478.6
queens 6000 8     0    2.39    1157       0    1157       0   427.3    1157       0    1157       0   427.3
queens 6000 8     0    2.38    1155       0    1155       0   466.1    1155       0    1155       0   466.1
queens 6000 8     0    2.37    1147       0    1147       0   465.0    1147       0    1147       0   465.0
queens 6000 8     0    2.40    1165       0    1165       0   470.7    1165       0    1165       0   470.7
queens 6000 8     0    2.36    1145       0    1145       0   464.2    1145       0    1145       0   464.2
queens 6000 8     0    2.38    1155       0    1155       0   478.3    1155       0    1155       0   478.3
queens 6000 8     0    2.40    1162       0    1162       0   461.2    1162       0    1162       0   461.2
queens 6000 16     0    2.37    1142       0    1142       0   455.1    1142       0    1142       0   455.1
queens 6000 16     0    2.40    1157       0    1157       0   488.2    1157       0    1157       0   488.2
queens 6000 16     0    2.43    1174       0    1174       0   456.9    1174       0    1174       0   456.9
queens 6000 16     0    2.39    1153       0    1153       0   461.3    1153       0    1153       0   461.3
queens 6000 16     0    2.39    1156       0    1156       0   460.9    1156       0    1156       0   460.9
queens 6000 16     0    2.39    1153       0    1153       0   475.0    1153       0    1153       0   475.0
queens 6000 16     0    2.42    1170       0    1170       0   479.1    1170       0    1170       0   479.1
queens 6000 16     0    2.40    1161       0    1161       0   454.5    1161       0    1161       0   454.5
queens 6000 16     0    2.42    1171       0    1171       0   478.9    1171       0    1171       0   478.9
queens 6000 16     0    2.38    1150       0    1150       0   467.4    1150       0    1150       0   467.4
queens 6000 16     0    2.39    1154       0    1154       0   471.2    1154       0    1154       0   471.2
queens 6000 16     0    2.42    1167       0    1167       0   473.8    1167       0    1167       0   473.8
queens 6000 16     0    2.43    1172       0    1172       0   486.3    1172       0    1172       0   486.3
queens 6000 16     0    2.39    1153       0    1153       0   465.4    1153       0    1153       0   465.4
queens 6000 16     0    2.38    1152       0    1152       0   454.1    1152       0    1152       0   454.1
queens 6000 16     0    2.36    1140       0    1140       0   477.8    1140       0    1140       0   477.8
queens 6000 16     0    2.37    1144       0    1144       0   462.6    1144       0    1144       0   462.6
queens 6000 16     0    2.37    1143       0    1143       0   458.9    1143       0    1143       0   458.9
queens 6000 16     0    2.40    1156       0    1156       0   479.5    1156       0    1156       0   479.5
queens 6000 16     0    2.38    1147       0    1147       0   468.0    1147       0    1147       0   468.0
queens 6000 16     0    2.39    1155       0    1155       0   491.4    1155       0    1155       0   491.4
queens 6000 16     0    2.39    1153       0    1153       0   449.6    1153       0    1153       0   449.6
queens 6000 16     0    2.37    1146       0    1146       0   443.3    1146       0    1146       0   443.3
queens 6000 16     0    2.38    1147       0    1147       0   487.2    1147       0    1147       0   487.2
queens 6000 16     0    2.39    1154       0    1154       0   494.3    1154       0    1154       0   494.3
queens 6000 16     0    2.41    1162       0    1162       0   501.9    1162       0    1162       0   501.9
queens 6000 16     0    2.37    1144       0    1144       0   486.9    1144       0    1144       0   486.9
queens 6000 16     0    2.36    1141       0    1141       0   446.4    1141       0    1141       0   446.4
queens 6000 16     0    2.40    1157       0    1157       0   463.4    1157       0    1157       0   463.4
queens 6000 16     0    2.38    1147       0    1147       0   462.8    1147       0    1147       0   462.8
