all-interval 450 8     0  105.77    2851      18    4867      18     2.1    2851      18    4867      18     2.1
all-interval 450 8     0   38.60     615       1     727       1     0.5     615       1     727       1     0.5
all-interval 450 8     0   75.57    2462      17    4366      17     2.2    2462      17    4366      17     2.2
all-interval 450 8     0   83.62    3092      28    6228      28     2.9    3092      28    6228      28     2.9
all-interval 450 8     0   79.25    3173      27    6197      27     2.4    3173      27    6197      27     2.4
all-interval 450 8     0  216.67    8325      74   16613      74     2.6    8325      74   16613      74     2.6
all-interval 450 8     0   75.17    1526       7    2310       7     1.3    1526       7    2310       7     1.3
all-interval 450 8     0   41.86    1026       5    1586       5     1.8    1026       5    1586       5     1.8
all-interval 450 8     0   94.18    2374      14    3942      14     2.4    2374      14    3942      14     2.4
all-interval 450 8     0  217.04    7668      61   14500      61     2.4    7668      61   14500      61     2.4
all-interval 450 8     0   89.35    3776      33    7472      33     2.8    3776      33    7472      33     2.8
all-interval 450 8     0  170.13    7297      68   14913      68     2.8    7297      68   14913      68     2.8
all-interval 450 8     0   46.16    1250       9    2258       9     2.9    1250       9    2258       9     2.9
all-interval 450 8     0   75.24    1847      12    3191      12     2.1    1847      12    3191      12     2.1
all-interval 450 8     0  181.97    6977      68   14593      68     4.2    6977      68   14593      68     4.2
all-interval 450 8     0   34.59     468       2     692       2     2.8     468       2     692       2     2.8
all-interval 450 8     0  133.47    3041      17    4945      17     1.4    3041      17    4945      17     1.4
all-interval 450 8     0   67.82    2337      22    4801      22     2.4    2337      22    4801      22     2.4
all-interval 450 8     0   52.26    1580      12    2924      12     2.7    1580      12    2924      12     2.7
all-interval 450 8     0   67.20    1686       9    2694       9     1.8    1686       9    2694       9     1.8
all-interval 450 8     0   78.91    2538      18    4554      18     2.3    2538      18    4554      18     2.3
all-interval 450 8     0   87.49    2807      22    5271      22     1.9    2807      22    5271      22     1.9
all-interval 450 8     0   46.52     945       4    1393       4     0.5     945       4    1393       4     0.5
all-interval 450 8     0  304.16    9969      70   17809      70     2.1    9969      70   17809      70     2.1
all-interval 450 8     0   67.99    2157      15    3837      15     2.9    2157      15    3837      15     2.9
all-interval 450 8     0  164.24    5602      48   10978      48     2.7    5602      48   10978      48     2.7
all-interval 450 8     0   95.58    2429      14    3997      14     1.9    2429      14    3997      14     1.9
all-interval 450 8     0  150.96    6139      50   11739      50     2.3    6139      50   11739      50     2.3
all-interval 450 8     0  131.85    5169      45   10209      45     3.0    5169      45   10209      45     3.0
all-interval 450 8     0  259.06    9676      82   18860      82     3.1    9676      82   18860      82     3.1
all-interval 450 8     0   60.74    1728      10    2848      10     1.4    1728      10    2848      10     1.4
all-interval 450 8     0   55.55    1424       8    2320       8     1.9    1424       8    2320       8     1.9
all-interval 450 8     0   35.58     543       1     655       1     1.6     543       1     655       1     1.6
all-interval 450 8     0  151.05    4072      26    6984      26     2.4    4072      26    6984      26     2.4
all-interval 450 8     0   89.30    4198      42    8902      42     2.9    4198      42    8902      42     2.9
all-interval 450 8     0   91.66    3046      24    5734      24     3.4    3046      24    5734      24     3.4
all-interval 450 8     0  235.83    8868      74   17156      74     2.6    8868      74   17156      74     2.6
all-interval 450 8     0  218.67    7078      47   12342      47     2.2    7078      47   12342      47     2.2
all-interval 450 8     0   40.64     971       8    1867       8     2.7     971       8    1867       8     2.7
all-interval 450 8     0   34.60     444       0     444       0     0.0     444       0     444       0     0.0
all-interval 450 8     0   49.13    1287       8    2183       8     1.8    1287       8    2183       8     1.8
all-interval 450 8     0   89.08    1369       7    2153       7     2.6    1369       7    2153       7     2.6
all-interval 450 8     0  262.69    7750      51   13462      51     2.1    7750      51   13462      51     2.1
all-interval 450 8     0  238.49    9024      73   17200      73     2.5    9024      73   17200      73     2.5
all-interval 450 8     0   83.42    2803      25    5603      25     2.6    2803      25    5603      25     2.6
all-interval 450 8     0  163.72    2679      11    3911      11     1.2    2679      11    3911      11     1.2
all-interval 450 8     0   63.12    2002      16    3794      16     2.3    2002      16    3794      16     2.3
all-interval 450 8     0   46.10     841       3    1177       3     3.4     841       3    1177       3     3.4
all-interval 450 8     0  139.07    4633      30    7993      30     1.6    4633      30    7993      30     1.6
all-interval 450 8     0  105.10    2630      15    4310      15     1.3    2630      15    4310      15     1.3
all-interval 450 12     0   56.28    1688      11    2920      11     2.2    1688      11    2920      11     2.2
all-interval 450 12     0  119.83    3841      31    7313      31     2.6    3841      31    7313      31     2.6
all-interval 450 12     0   70.68    1807      13    3263      13     2.4    1807      13    3263      13     2.4
all-interval 450 12     0  118.65    4128      31    7600      31     3.0    4128      31    7600      31     3.0
all-interval 450 12     0   52.50    1411       8    2307       8     1.5    1411       8    2307       8     1.5
all-interval 450 12     0   41.60     745       2     969       2     0.6     745       2     969       2     0.6
all-interval 450 12     0  108.66    2935      22    5399      22     1.8    2935      22    5399      22     1.8
all-interval 450 12     0   53.68    1699      15    3379      15     2.1    1699      15    3379      15     2.1
all-interval 450 12     0   52.64    1620      14    3188      14     2.7    1620      14    3188      14     2.7
all-interval 450 12     0   34.09     439       0     439       0     0.0     439       0     439       0     0.0
all-interval 450 12     0  263.62    7981      63   15037      63     2.6    7981      63   15037      63     2.6
all-interval 450 12     0  153.28    5911      55   12071      55     2.9    5911      55   12071      55     2.9
all-interval 450 12     0  249.09    5868      36    9900      36     2.0    5868      36    9900      36     2.0
all-interval 450 12     0   42.99     783       2    1007       2     1.5     783       2    1007       2     1.5
all-interval 450 12     0  202.78    7205      58   13701      58     2.4    7205      58   13701      58     2.4
all-interval 450 12     0  172.34    4982      38    9238      38     2.3    4982      38    9238      38     2.3
all-interval 450 12     0  166.43    4810      31    8282      31     2.0    4810      31    8282      31     2.0
all-interval 450 12     0   44.67     969       5    1529       5     2.8     969       5    1529       5     2.8
all-interval 450 12     0  122.38    5310      48   10686      48     3.1    5310      48   10686      48     3.1
all-interval 450 12     0  200.32    6479      50   12079      50     2.7    6479      50   12079      50     2.7
all-interval 450 12     0   86.00    2925      25    5725      25     3.1    2925      25    5725      25     3.1
all-interval 450 12     0  128.32    5197      42    9901      42     2.9    5197      42    9901      42     2.9
all-interval 450 12     0   42.86     910       4    1358       4     2.2     910       4    1358       4     2.2
all-interval 450 12     0   33.55     436       0     436       0     0.0     436       0     436       0     0.0
all-interval 450 12     0  179.48    8024      71   15976      71     2.3    8024      71   15976      71     2.3
all-interval 450 12     0   79.26    3173      27    6197      27     2.4    3173      27    6197      27     2.4
all-interval 450 12     0   47.51    1115       6    1787       6     2.9    1115       6    1787       6     2.9
all-interval 450 12     0   63.05    1994      17    3898      17     2.3    1994      17    3898      17     2.3
all-interval 450 12     0   96.58    1960      11    3192      11     3.4    1960      11    3192      11     3.4
all-interval 450 12     0   98.73    3525      39    7893      39     4.5    3525      39    7893      39     4.5
all-interval 450 12     0   68.29    1631      10    2751      10     2.2    1631      10    2751      10     2.2
all-interval 450 12     0   37.55     590       1     702       1     0.0     590       1     702       1     0.0
all-interval 450 12     0   64.13    1739      10    2859      10     2.4    1739      10    2859      10     2.4
all-interval 450 12     0  141.53    4767      36    8799      36     2.5    4767      36    8799      36     2.5
all-interval 450 12     0   47.41    1283      11    2515      11     4.8    1283      11    2515      11     4.8
all-interval 450 12     0  191.68    6856      65   14136      65     3.5    6856      65   14136      65     3.5
all-interval 450 12     0   65.41    1729       9    2737       9     2.1    1729       9    2737       9     2.1
all-interval 450 12     0  443.55   16125     127   30349     127     2.3   16125     127   30349     127     2.3
all-interval 450 12     0  104.29    3246      26    6158      26     2.5    3246      26    6158      26     2.5
all-interval 450 12     0   70.75    2460      22    4924      22     3.1    2460      22    4924      22     3.1
all-interval 450 12     0   77.29    2843      20    5083      20     2.2    2843      20    5083      20     2.2
all-interval 450 12     0   84.28    2138      14    3706      14     2.4    2138      14    3706      14     2.4
all-interval 450 12     0   42.57     913       4    1361       4     1.5     913       4    1361       4     1.5
all-interval 450 12     0  127.41    3153      25    5953      25     2.5    3153      25    5953      25     2.5
all-interval 450 12     0   76.55    1857      12    3201      12     3.0    1857      12    3201      12     3.0
all-interval 450 12     0  243.26    8501      63   15557      63     2.4    8501      63   15557      63     2.4
all-interval 450 12     0   54.30    1147      10    2267      10     3.9    1147      10    2267      10     3.9
all-interval 450 12     0   77.07    1532       6    2204       6     1.6    1532       6    2204       6     1.6
all-interval 450 12     0   73.21    2187      15    3867      15     2.3    2187      15    3867      15     2.3
all-interval 450 12     0  140.62    5969      53   11905      53     2.7    5969      53   11905      53     2.7
all-interval 450 16     0   34.74     445       0     445       0     0.0     445       0     445       0     0.0
all-interval 450 16     0   34.97     565       3     901       3     1.2     565       3     901       3     1.2
all-interval 450 16     0   34.69     444       0     444       0     0.0     444       0     444       0     0.0
all-interval 450 16     0  115.94    4875      50   10475      50     3.9    4875      50   10475      50     3.9
all-interval 450 16     0   61.65    2026      17    3930      17     2.0    2026      17    3930      17     2.0
all-interval 450 16     0   87.29    2503      14    4071      14     1.1    2503      14    4071      14     1.1
all-interval 450 16     0   34.64     444       0     444       0     0.0     444       0     444       0     0.0
all-interval 450 16     0   68.37    2418      19    4546      19     1.9    2418      19    4546      19     1.9
all-interval 450 16     0   49.91    1153       6    1825       6     2.0    1153       6    1825       6     2.0
all-interval 450 16     0   91.88    2059       9    3067       9     1.0    2059       9    3067       9     1.0
all-interval 450 16     0   71.77    1989      11    3221      11     1.8    1989      11    3221      11     1.8
all-interval 450 16     0   34.55     647       4    1095       4     2.2     647       4    1095       4     2.2
all-interval 450 16     0  133.01    4615      37    8759      37     2.3    4615      37    8759      37     2.3
all-interval 450 16     0  175.27    6167      52   11991      52     2.4    6167      52   11991      52     2.4
all-interval 450 16     0  122.75    3797      26    6709      26     2.1    3797      26    6709      26     2.1
all-interval 450 16     0  108.72    4369      39    8737      39     2.2    4369      39    8737      39     2.2
all-interval 450 16     0  114.95    4694      35    8614      35     1.8    4694      35    8614      35     1.8
all-interval 450 16     0   79.61    2733      18    4749      18     1.4    2733      18    4749      18     1.4
all-interval 450 16     0  153.02    6192      49   11680      49     2.0    6192      49   11680      49     2.0
all-interval 450 16     0  116.51    1874       5    2434       5     1.0    1874       5    2434       5     1.0
all-interval 450 16     0  153.38    6389      57   12773      57     2.9    6389      57   12773      57     2.9
all-interval 450 16     0   95.85    1647       5    2207       5     1.1    1647       5    2207       5     1.1
all-interval 450 16     0   58.94    1723      12    3067      12     3.3    1723      12    3067      12     3.3
all-interval 450 16     0  150.94    6515      54   12563      54     2.3    6515      54   12563      54     2.3
all-interval 450 16     0   56.29    1373       8    2269       8     1.6    1373       8    2269       8     1.6
all-interval 450 16     0   34.64     444       0     444       0     0.0     444       0     444       0     0.0
all-interval 450 16     0   64.33    1927      18    3943      18     3.6    1927      18    3943      18     3.6
all-interval 450 16     0   80.87    2093      12    3437      12     1.7    2093      12    3437      12     1.7
all-interval 450 16     0   74.34    1976      14    3544      14     2.1    1976      14    3544      14     2.1
all-interval 450 16     0   89.09    2058      12    3402      12     1.8    2058      12    3402      12     1.8
all-interval 450 16     0   35.08     500       1     612       1     0.1     500       1     612       1     0.1
all-interval 450 16     0   42.40     772       3    1108       3     0.8     772       3    1108       3     0.8
all-interval 450 16     0  132.05    4811      42    9515      42     3.0    4811      42    9515      42     3.0
all-interval 450 16     0  106.27    4300      34    8108      34     2.0    4300      34    8108      34     2.0
all-interval 450 16     0  133.84    5654      50   11254      50     2.3    5654      50   11254      50     2.3
all-interval 450 16     0  107.63    5326      55   11486      55     3.1    5326      55   11486      55     3.1
all-interval 450 16     0   43.47     782       4    1230       4     1.6     782       4    1230       4     1.6
all-interval 450 16     0  114.08    4078      32    7662      32     2.3    4078      32    7662      32     2.3
all-interval 450 16     0   39.32     624       1     736       1     0.1     624       1     736       1     0.1
all-interval 450 16     0  107.91    3781      31    7253      31     3.0    3781      31    7253      31     3.0
all-interval 450 16     0  108.35    2566      14    4134      14     1.8    2566      14    4134      14     1.8
all-interval 450 16     0  177.21    5804      43   10620      43     2.3    5804      43   10620      43     2.3
all-interval 450 16     0   54.05    1672      13    3128      13     1.4    1672      13    3128      13     1.4
all-interval 450 16     0   41.01     655       1     767       1     0.4     655       1     767       1     0.4
all-interval 450 16     0   81.97    3854      39    8222      39     2.2    3854      39    8222      39     2.2
all-interval 450 16     0  144.09    4134      23    6710      23     1.6    4134      23    6710      23     1.6
all-interval 450 16     0   49.49    1010       3    1346       3     0.4    1010       3    1346       3     0.4
all-interval 450 16     0  134.25    2988      14    4556      14     1.0    2988      14    4556      14     1.0
all-interval 450 16     0   55.77    1327      12    2671      12     4.4    1327      12    2671      12     4.4
all-interval 450 16     0   45.56    1439      14    3007      14     3.1    1439      14    3007      14     3.1
