all-interval 450 1     0  202.31    6664      47   11928      47     2.0    6664      47   11928      47     2.0
all-interval 450 1     0 1701.10   68983     623  138759     623     2.8   68983     623  138759     623     2.8
all-interval 450 1     0 1335.32   51917     458  103213     458     2.8   51917     458  103213     458     2.8
all-interval 450 1     0   47.28    1357      12    2701      12     3.3    1357      12    2701      12     3.3
all-interval 450 1     0 3813.32  140257    1136  267489    1136     2.5  140257    1136  267489    1136     2.5
all-interval 450 1     0  326.50   14235     131   28907     131     2.6   14235     131   28907     131     2.6
all-interval 450 1     0  511.60   18447     150   35247     150     2.8   18447     150   35247     150     2.8
all-interval 450 1     0  342.94   11666      94   22194      94     2.3   11666      94   22194      94     2.3
all-interval 450 1     0  464.13   14371     100   25571     100     2.0   14371     100   25571     100     2.0
all-interval 450 1     0  249.74    6842      52   12666      52     2.4    6842      52   12666      52     2.4
all-interval 450 1     0  352.64    9660      70   17500      70     2.4    9660      70   17500      70     2.4
all-interval 450 1     0 1050.35   41001     349   80089     349     2.5   41001     349   80089     349     2.5
all-interval 450 1     0  588.36   20598     167   39302     167     2.8   20598     167   39302     167     2.8
all-interval 450 1     0  236.70    8800      70   16640      70     2.4    8800      70   16640      70     2.4
all-interval 450 1     0   85.91    3743      39    8111      39     3.0    3743      39    8111      39     3.0
all-interval 450 1     0  676.96   23313     179   43361     179     2.5   23313     179   43361     179     2.5
all-interval 450 1     0  725.74   22129     155   39489     155     2.3   22129     155   39489     155     2.3
all-interval 450 1     0  480.52   18967     150   35767     150     2.3   18967     150   35767     150     2.3
all-interval 450 1     0 1446.16   58957     520  117197     520     3.0   58957     520  117197     520     3.0
all-interval 450 1     0 1309.52   44186     342   82490     342     2.5   44186     342   82490     342     2.5
all-interval 450 1     0   34.73     445       0     445       0     0.0     445       0     445       0     0.0
all-interval 450 1     0 1188.44   42361     361   82793     361     2.9   42361     361   82793     361     2.9
all-interval 450 1     0  858.70   24577     161   42609     161     2.2   24577     161   42609     161     2.2
all-interval 450 1     0  621.70   20727     163   38983     163     3.1   20727     163   38983     163     3.1
all-interval 450 1     0 4661.87  173655    1446  335607    1446     2.7  173655    1446  335607    1446     2.7
all-interval 450 1     0 1415.42   49194     408   94890     408     2.7   49194     408   94890     408     2.7
all-interval 450 1     0 2953.92  110331     913  212587     913     2.7  110331     913  212587     913     2.7
all-interval 450 1     0 3075.91  120736    1016  234528    1016     2.8  120736    1016  234528    1016     2.8
all-interval 450 1     0 1263.11   43839     322   79903     322     2.2   43839     322   79903     322     2.2
all-interval 450 1     0  477.42   15677     123   29453     123     2.5   15677     123   29453     123     2.5
all-interval 450 1     0  722.36   26586     224   51674     224     2.7   26586     224   51674     224     2.7
all-interval 450 1     0 2083.52   76022     619  145350     619     2.6   76022     619  145350     619     2.6
all-interval 450 1     0 1270.20   45552     375   87552     375     2.9   45552     375   87552     375     2.9
all-interval 450 1     0  627.80   20259     150   37059     150     2.4   20259     150   37059     150     2.4
all-interval 450 1     0  494.20   22207     192   43711     192     2.7   22207     192   43711     192     2.7
all-interval 450 1     0  303.39    9698      68   17314      68     2.3    9698      68   17314      68     2.3
all-interval 450 1     0  950.34   32671     266   62463     266     2.6   32671     266   62463     266     2.6
all-interval 450 1     0 1149.28   45668     394   89796     394     2.6   45668     394   89796     394     2.6
all-interval 450 1     0  591.97   24391     216   48583     216     2.8   24391     216   48583     216     2.8
all-interval 450 1     0 1609.71   68520     619  137848     619     3.0   68520     619  137848     619     3.0
all-interval 450 1     0 3635.47  139157    1141  266949    1141     2.6  139157    1141  266949    1141     2.6
all-interval 450 1     0  600.24   19290     152   36314     152     2.5   19290     152   36314     152     2.5
all-interval 450 1     0  169.78    6171      53   12107      53     2.8    6171      53   12107      53     2.8
all-interval 450 1     0 1238.06   47476     389   91044     389     2.8   47476     389   91044     389     2.8
all-interval 450 1     0  154.48    4896      36    8928      36     2.0    4896      36    8928      36     2.0
all-interval 450 1     0  169.64    6734      67   14238      67     3.6    6734      67   14238      67     3.6
all-interval 450 1     0  289.26   11924     113   24580     113     2.4   11924     113   24580     113     2.4
all-interval 450 1     0  164.58    7116      61   13948      61     2.8    7116      61   13948      61     2.8
all-interval 450 1     0 1162.25   44827     369   86155     369     2.7   44827     369   86155     369     2.7
all-interval 450 1     0  261.05    9561      81   18633      81     2.3    9561      81   18633      81     2.3
