all-interval 350 1     0  174.82   13050     136   24882     136     2.3   13050     136   24882     136     2.3
all-interval 350 1     0  539.94   34167     324   62355     324     2.4   34167     324   62355     324     2.4
all-interval 350 1     0  229.72   16661     163   30842     163     2.6   16661     163   30842     163     2.6
all-interval 350 1     0  379.34   25799     242   46853     242     2.4   25799     242   46853     242     2.4
all-interval 350 1     0   93.47    5566      44    9394      44     2.0    5566      44    9394      44     2.0
all-interval 350 1     0  156.14   10222     100   18922     100     2.1   10222     100   18922     100     2.1
all-interval 350 1     0  166.81   11462     118   21728     118     2.8   11462     118   21728     118     2.8
all-interval 350 1     0  209.08   15616     169   30319     169     2.8   15616     169   30319     169     2.8
all-interval 350 1     0   29.59    1548      10    2418      10     1.9    1548      10    2418      10     1.9
all-interval 350 1     0  272.76   21279     226   40941     226     2.8   21279     226   40941     226     2.8
all-interval 350 1     0  448.79   30828     302   57102     302     2.3   30828     302   57102     302     2.3
all-interval 350 1     0   92.67    6101      54   10799      54     2.0    6101      54   10799      54     2.0
all-interval 350 1     0  650.22   50601     529   96624     529     2.7   50601     529   96624     529     2.7
all-interval 350 1     0   81.49    5535      54   10233      54     2.3    5535      54   10233      54     2.3
all-interval 350 1     0  105.20    7360      74   13798      74     2.6    7360      74   13798      74     2.6
all-interval 350 1     0  628.33   45818     470   86708     470     2.5   45818     470   86708     470     2.5
all-interval 350 1     0  307.90   18249     153   31560     153     2.0   18249     153   31560     153     2.0
all-interval 350 1     0  537.72   38493     402   73467     402     2.7   38493     402   73467     402     2.7
all-interval 350 1     0  245.41   16321     159   30154     159     2.4   16321     159   30154     159     2.4
all-interval 350 1     0  358.61   26313     262   49107     262     2.6   26313     262   49107     262     2.6
all-interval 350 1     0   28.70    1900      15    3205      15     1.7    1900      15    3205      15     1.7
all-interval 350 1     0 1071.36   80417     840  153497     840     2.7   80417     840  153497     840     2.7
all-interval 350 1     0  321.16   21590     217   40469     217     2.5   21590     217   40469     217     2.5
all-interval 350 1     0   99.65    7580      76   14192      76     2.7    7580      76   14192      76     2.7
all-interval 350 1     0  108.22    5416      55   10201      55     2.5    5416      55   10201      55     2.5
all-interval 350 1     0  370.88   20824     172   35788     172     2.1   20824     172   35788     172     2.1
all-interval 350 1 