magic-square 90 1     0    6.44    8556     492    1317       0    16.8    8556     492    1317       0    16.8
magic-square 90 1     0   13.04   15077     851    6951       0     7.4   15077     851    6951       0     7.4
magic-square 90 1     0   59.95   74805    4504   29971       4    10.3   74805    4504   29971       4    10.3
magic-square 90 1     0   33.40   40521    2401   18371       2     9.0   40521    2401   18371       2     9.0
magic-square 90 1     0    9.94   12586     746    3264       0    14.2   12586     746    3264       0    14.2
magic-square 90 1     0  115.23  146490   10870   47251       6    10.3  146490   10870   47251       6    10.3
magic-square 90 1     0    5.15    5569     462    3294       0    10.7    5569     462    3294       0    10.7
magic-square 90 1     0   29.31   37932    2267   10253       1    11.8   37932    2267   10253       1    11.8
magic-square 90 1     0   67.72   85167    5138   33608       5    11.1   85167    5138   33608       5    11.1
magic-square 90 1     0   25.94   30701    1827   14521       1     8.5   30701    1827   14521       1     8.5
magic-square 90 1     0   27.93   35163    1982   13800       2    12.9   35163    1982   13800       2    12.9
magic-square 90 1     0   30.75   38061    2294   13764       1     9.6   38061    2294   13764       1     9.6
magic-square 90 1     0   10.54   13875     893    2455       0    15.2   13875     893    2455       0    15.2
magic-square 90 1     0   29.36   39789    2376    4989       0    12.9   39789    2376    4989       0    12.9
magic-square 90 1     0   59.76   73043    4501   26473       1     7.9   73043    4501   26473       1     7.9
magic-square 90 1     0    9.94   12929     785    2619       0    13.0   12929     785    2619       0    13.0
magic-square 90 1     0 5080.20 6918045  886395  351534       3     1.0 6918045  886395  351534       3     1.0
magic-square 90 1     0    7.16    8582     445    3269       0    10.6    8582     445    3269       0    10.6
magic-square 90 1     0   31.90   38900    2300   13299       0     7.5   38900    2300   13299       0     7.5
magic-square 90 1     0   39.82   50714    3044   16686       2    10.2   50714    3044   16686       2    10.2
magic-square 90 1     0   94.20  118549    6976   46876       7    10.5  118549    6976   46876       7    10.5
magic-square 90 1     0   18.79   23281    1397    7120       0     7.8   23281    1397    7120       0     7.8
magic-square 90 1     0    8.57   10360     693    3633       0    11.1   10360     693    3633       0    11.1
magic-square 90 1     0   10.60   13129     825    6015       1    14.9   13129     825    6015       1    14.9
magic-square 90 1     0   43.03   53948    3292   15181       0     9.5   53948    3292   15181       0     9.5
magic-square 90 1     0   17.75   20946    1292   10627       1     9.2   20946    1292   10627       1     9.2
magic-square 90 1     0   40.43   52193    3077   15657       2    11.9   52193    3077   15657       2    11.9
magic-square 90 1     0   16.48   19993    1140    9091       1    12.1   19993    1140    9091       1    12.1
magic-square 90 1     0   40.25   50532    2961   20230       3    11.6   50532    2961   20230       3    11.6
magic-square 90 1     0  107.67  137554    8792   41053       4     9.9  137554    8792   41053       4     9.9
magic-square 90 1     0   44.29   56349    3686   17934       2    10.9   56349    3686   17934       2    10.9
magic-square 90 1     0   22.95   27945    1666   11659       1     9.8   27945    1666   11659       1     9.8
magic-square 90 1     0   45.14   55835    3389   19356       1     8.3   55835    3389   19356       1     8.3
magic-square 90 1     0   38.82   50408    3198   12471       1    11.0   50408    3198   12471       1    11.0
magic-square 90 1     0   40.53   50646    3040   16693       1    10.2   50646    3040   16693       1    10.2
magic-square 90 1     0  107.98  144920    8662   29092       4    12.5  144920    8662   29092       4    12.5
magic-square 90 1     0   10.33   12588     690    6377       1    13.9   12588     690    6377       1    13.9
magic-square 90 1     0   64.52   76268    4676   35175       2     8.4   76268    4676   35175       2     8.4
magic-square 90 1     0  120.62  151739    9422   51649       5    10.0  151739    9422   51649       5    10.0
magic-square 90 1     0   55.23   73995    4489   16955       3    13.5   73995    4489   16955       3    13.5
magic-square 90 1     0   61.47   75736    4635   24095       0     7.7   75736    4635   24095       0     7.7
magic-square 90 1     0   61.57   81621    4843   19884       3    12.9   81621    4843   19884       3    12.9
magic-square 90 1     0   39.45   49073    3032   16596       1    10.1   49073    3032   16596       1    10.1
magic-square 90 1     0   12.70   16802     928    2939       0    13.5   16802     928    2939       0    13.5
magic-square 90 1     0   18.65   24230    1437    7060       1    14.1   24230    1437    7060       1    14.1
magic-square 90 1     0   26.56   33728    1940   12728       2    11.5   33728    1940   12728       2    11.5
magic-square 90 1     0  112.63  143434    8586   48047       6    10.8  143434    8586   48047       6    10.8
magic-square 90 1     0  147.29  190910   11736   60857      10    12.1  190910   11736   60857      10    12.1
magic-square 90 1     0   18.62   23228    1379    8830       1    11.4   23228    1379    8830       1    11.4
magic-square 90 1     0   74.36   97869    5715   24120       3    11.9   97869    5715   24120       3    11.9
magic-square 90 2     0   45.77   57438    3505   22134       3    10.2   57438    3505   22134       3    10.2
magic-square 90 2     0   17.74   21743    1374    7100       0     8.5   21743    1374    7100       0     8.5
magic-square 90 2     0   23.41   29024    2525    8086       0     5.7   29024    2525    8086       0     5.7
magic-square 90 2     0   24.48   30331    1987   13181       2    12.3   30331    1987   13181       2    12.3
magic-square 90 2     0   15.60   21032    1348    2738       0    14.8   21032    1348    2738       0    14.8
magic-square 90 2     0    7.40    8424     506    4134       0    10.2    8424     506    4134       0    10.2
magic-square 90 2     0    9.98   11798     687    4824       0     8.9   11798     687    4824       0     8.9
magic-square 90 2     0   34.94   46336    2712    9847       1    13.1   46336    2712    9847       1    13.1
magic-square 90 2     0   24.79   33287    1975    6795       1    11.8   33287    1975    6795       1    11.8
magic-square 90 2     0   14.66   17514    1032    8777       1    11.8   17514    1032    8777       1    11.8
magic-square 90 2     0    7.11    8482     497    3275       0    10.2    8482     497    3275       0    10.2
magic-square 90 2     0   51.40   69220    4034   17721       4    14.8   69220    4034   17721       4    14.8
magic-square 90 2     0    9.84   11864     676    4336       0    11.4   11864     676    4336       0    11.4
magic-square 90 2     0   22.12   28317    1646    8818       1    12.2   28317    1646    8818       1    12.2
magic-square 90 2     0    7.48    9101     480    3186       0    10.7    9101     480    3186       0    10.7
magic-square 90 2     0   42.16   53180    3078   20526       3    11.0   53180    3078   20526       3    11.0
magic-square 90 2     0   12.53   14975     838    7830       1    12.8   14975     838    7830       1    12.8
magic-square 90 2     0    6.79    8148     460    3052       0    10.9    8148     460    3052       0    10.9
magic-square 90 2     0   21.66   26165    1592   13485       2     9.9   26165    1592   13485       2     9.9
magic-square 90 2     0   19.28   24705    1513    7832       1    13.6   24705    1513    7832       1    13.6
magic-square 90 2     0   11.04   13781     953    3845       0    11.5   13781     953    3845       0    11.5
magic-square 90 2     0   15.88   21109    1189    3474       0    13.7   21109    1189    3474       0    13.7
magic-square 90 2     0   71.69   90111    5446   33040       4    10.3   90111    5446   33040       4    10.3
magic-square 90 2     0   21.68   27411    1672    9236       1     9.8   27411    1672    9236       1     9.8
magic-square 90 2     0    4.92    5802     426    2308       0    13.9    5802     426    2308       0    13.9
magic-square 90 2     0   19.54   24240    1330    9491       1    10.6   24240    1330    9491       1    10.6
magic-square 90 2     0   10.62   12605     680    5090       0     7.6   12605     680    5090       0     7.6
magic-square 90 2     0   37.90   50029    2929   12962       2    13.1   50029    2929   12962       2    13.1
magic-square 90 2     0   11.29   14436     892    5443       1    15.1   14436     892    5443       1    15.1
magic-square 90 2     0   39.03   51352    3096   13460       2    12.7   51352    3096   13460       2    12.7
magic-square 90 2     0   10.12   12160     734    6540       1    12.6   12160     734    6540       1    12.6
magic-square 90 2     0   11.19   14906     892    2326       0    15.3   14906     892    2326       0    15.3
magic-square 90 2     0   11.60   14330     967    4354       0     5.8   14330     967    4354       0     5.8
magic-square 90 2     0   36.98   45259    2653   15128       0     9.8   45259    2653   15128       0     9.8
magic-square 90 2     0    3.89    4677     267    1708       0    19.1    4677     267    1708       0    19.1
magic-square 90 2     0   20.67   25344    1511   12371       2    13.4   25344    1511   12371       2    13.4
magic-square 90 2     0   46.98   57923    3354   22531       2     9.8   57923    3354   22531       2     9.8
magic-square 90 2     0   16.88   22394    1405    3642       0    13.5   22394    1405    3642       0    13.5
magic-square 90 2     0   11.93   14707     891    4633       0    10.9   14707     891    4633       0    10.9
magic-square 90 2     0   13.28   16525    1033    6861       1    13.1   16525    1033    6861       1    13.1
magic-square 90 2     0   17.63   22258    1378    5889       0    11.0   22258    1378    5889       0    11.0
magic-square 90 2     0   39.66   50463    3018   16760       2    11.5   50463    3018   16760       2    11.5
magic-square 90 2     0   10.54   13875     893    2455       0    15.2   13875     893    2455       0    15.2
magic-square 90 2     0   27.00   35751    2244    8004       1    13.5   35751    2244    8004       1    13.5
magic-square 90 2     0    4.75    5477     293    2538       0    14.5    5477     293    2538       0    14.5
magic-square 90 2     0   12.33   13570     744    7822       0     5.8   13570     744    7822       0     5.8
magic-square 90 2     0   54.51   70246    4137   21994       3    12.0   70246    4137   21994       3    12.0
magic-square 90 2     0   10.40   13414     775    2999       0    15.7   13414     775    2999       0    15.7
magic-square 90 2     0   10.05   11799     723    4973       0    10.6   11799     723    4973       0    10.6
magic-square 90 2     0    9.44   11948     708    3107       0    13.6   11948     708    3107       0    13.6
magic-square 90 4     0   16.15   19789    1239    6472       0     8.2   19789    1239    6472       0     8.2
magic-square 90 4     0   11.39   14134     856    4248       0    10.1   14134     856    4248       0    10.1
magic-square 90 4     0   27.31   36288    2143    5949       0    12.4   36288    2143    5949       0    12.4
magic-square 90 4     0   11.27   14629     857    3072       0    13.5   14629     857    3072       0    13.5
magic-square 90 4     0   39.92   51992    3109   14632       2    12.4   51992    3109   14632       2    12.4
magic-square 90 4     0    8.78   11162     705    2738       0    13.3   11162     705    2738       0    13.3
magic-square 90 4     0   19.82   23117    1362   12181       1     8.6   23117    1362   12181       1     8.6
magic-square 90 4     0    8.90   11596     725    2295       0    14.3   11596     725    2295       0    14.3
magic-square 90 4     0   43.27   52673    3135   24266       3     9.6   52673    3135   24266       3     9.6
magic-square 90 4     0    9.63   12235     992    2803       0    12.7   12235     992    2803       0    12.7
magic-square 90 4     0   27.99   36931    2179   10619       2    18.1   36931    2179   10619       2    18.1
magic-square 90 4     0   18.43   23021    1632    8436       1    12.3   23021    1632    8436       1    12.3
magic-square 90 4     0    7.39    9011     498    3074       0    11.1    9011     498    3074       0    11.1
magic-square 90 4     0    3.39    3849     242    1883       0    14.0    3849     242    1883       0    14.0
magic-square 90 4     0   24.63   33731    1911    5640       1    14.8   33731    1911    5640       1    14.8
magic-square 90 4     0   23.96   29177    1713   14117       2    11.4   29177    1713   14117       2    11.4
magic-square 90 4     0    8.05    9351     585    4140       0     8.7    9351     585    4140       0     8.7
magic-square 90 4     0   30.37   40953    2340    5597       0    12.2   40953    2340    5597       0    12.2
magic-square 90 4     0   21.06   28021    1613    4548       0    12.5   28021    1613    4548       0    12.5
magic-square 90 4     0   12.94   17069    1003    3012       0    13.9   17069    1003    3012       0    13.9
magic-square 90 4     0    5.55    7188     444    1481       0    17.0    7188     444    1481       0    17.0
magic-square 90 4     0    9.08   10953     568    4033       0    11.5   10953     568    4033       0    11.5
magic-square 90 4     0    5.34    6228     346    2732       0    14.0    6228     346    2732       0    14.0
magic-square 90 4     0   42.01   52877    3181   20535       3    12.1   52877    3181   20535       3    12.1
magic-square 90 4     0   25.80   34562    1997    5159       0    13.2   34562    1997    5159       0    13.2
magic-square 90 4     0   23.27   30590    1846    5636       0    12.2   30590    1846    5636       0    12.2
magic-square 90 4     0    4.57    5700     348    1618       0    16.5    5700     348    1618       0    16.5
magic-square 90 4     0    6.91    9353     513    1187       0    17.4    9353     513    1187       0    17.4
magic-square 90 4     0    6.04    6725     341    3687       0     9.7    6725     341    3687       0     9.7
magic-square 90 4     0    6.60    8459     439    2023       0    16.4    8459     439    2023       0    16.4
magic-square 90 4     0   10.54   13463     784    3279       0    11.8   13463     784    3279       0    11.8
magic-square 90 4     0   15.65   18803    1113    7020       0     8.8   18803    1113    7020       0     8.8
magic-square 90 4     0    6.75    8168     466    2909       0    12.8    8168     466    2909       0    12.8
magic-square 90 4     0   17.76   23141    1443    4615       0    11.3   23141    1443    4615       0    11.3
magic-square 90 4     0   14.13   17887    1082    4645       0    11.5   17887    1082    4645       0    11.5
magic-square 90 4     0    3.46    3844     195    2122       0    12.5    3844     195    2122       0    12.5
magic-square 90 4     0    7.33    9146     636    2546       0    14.5    9146     636    2546       0    14.5
magic-square 90 4     0    3.85    4644     240    1675       0    16.1    4644     240    1675       0    16.1
magic-square 90 4     0   13.06   17260    1048    2955       0    13.9   17260    1048    2955       0    13.9
magic-square 90 4     0   27.52   33705    2030   13204       1     9.5   33705    2030   13204       1     9.5
magic-square 90 4     0    7.62   10253     594    1406       0    15.6   10253     594    1406       0    15.6
magic-square 90 4     0   38.20   45153    2622   24640       3    12.4   45153    2622   24640       3    12.4
magic-square 90 4     0    4.62    5008     258    3051       0    13.8    5008     258    3051       0    13.8
magic-square 90 4     0   24.61   32756    1915    7299       1    14.1   32756    1915    7299       1    14.1
magic-square 90 4     0    3.88    4678     279    1669       0    19.0    4678     279    1669       0    19.0
magic-square 90 4     0   17.27   22581    1345    4381       0    12.3   22581    1345    4381       0    12.3
magic-square 90 4     0   31.48   39564    2373   12962       1    10.6   39564    2373   12962       1    10.6
magic-square 90 4     0   11.64   14479     854    4293       0    12.0   14479     854    4293       0    12.0
magic-square 90 4     0    8.25   10770     659    2077       0    14.6   10770     659    2077       0    14.6
magic-square 90 4     0    7.56    9820     586    2009       0    13.3    9820     586    2009       0    13.3
magic-square 90 8     0   18.68   24000    1402    5538       0    12.3   24000    1402    5538       0    12.3
magic-square 90 8     0   12.49   15202     857    5241       0    10.2   15202     857    5241       0    10.2
magic-square 90 8     0    3.67    4268     249    1829       0    15.3    4268     249    1829       0    15.3
magic-square 90 8     0   21.93   27922    1689    8949       1    12.3   27922    1689    8949       1    12.3
magic-square 90 8     0   10.24   12458     704    4313       0    10.1   12458     704    4313       0    10.1
magic-square 90 8     0    9.48   12394     692    2420       0    15.6   12394     692    2420       0    15.6
magic-square 90 8     0    4.90    5763     346    2374       0    11.5    5763     346    2374       0    11.5
magic-square 90 8     0    6.22    8001     445    1814       0    14.5    8001     445    1814       0    14.5
magic-square 90 8     0    4.14    4785     241    2186       0    17.8    4785     241    2186       0    17.8
magic-square 90 8     0    5.90    7720     416    1484       0    17.0    7720     416    1484       0    17.0
magic-square 90 8     0    3.17    3392     152    2166       0    16.6    3392     152    2166       0    16.6
magic-square 90 8     0    8.94   11877     718    1885       0    16.7   11877     718    1885       0    16.7
magic-square 90 8     0   13.40   16574     929    7195       1    13.4   16574     929    7195       1    13.4
magic-square 90 8     0    4.77    5424     288    2676       0    12.3    5424     288    2676       0    12.3
magic-square 90 8     0    5.54    6693     512    2258       0    14.3    6693     512    2258       0    14.3
magic-square 90 8     0   11.33   13617     830    7046       1    10.7   13617     830    7046       1    10.7
magic-square 90 8     0    3.47    3694     154    2422       0    17.4    3694     154    2422       0    17.4
magic-square 90 8     0   13.85   19025    1181    1769       0    15.2   19025    1181    1769       0    15.2
magic-square 90 8     0    5.45    6373     343    2751       0    14.3    6373     343    2751       0    14.3
magic-square 90 8     0    4.87    5665     333    2459       0    17.7    5665     333    2459       0    17.7
magic-square 90 8     0    6.19    7487     498    2581       0    13.1    7487     498    2581       0    13.1
magic-square 90 8     0    9.93   12842     783    2749       0    15.0   12842     783    2749       0    15.0
magic-square 90 8     0    6.08    7100     394    3081       0    11.2    7100     394    3081       0    11.2
magic-square 90 8     0    6.58    8489     496    1843       0    12.8    8489     496    1843       0    12.8
magic-square 90 8     0    7.26    9428     595    1897       0    14.9    9428     595    1897       0    14.9
magic-square 90 8     0    7.60    9897     551    2013       0    14.1    9897     551    2013       0    14.1
magic-square 90 8     0    9.51   11681     705    3750       0    11.2   11681     705    3750       0    11.2
magic-square 90 8     0    7.11    8316     427    3611       0    13.7    8316     427    3611       0    13.7
magic-square 90 8     0   14.59   18226    1081    5263       0    10.9   18226    1081    5263       0    10.9
magic-square 90 8     0    8.16   10415     656    2468       0    13.8   10415     656    2468       0    13.8
magic-square 90 8     0    6.12    7121     393    3147       0    13.6    7121     393    3147       0    13.6
magic-square 90 8     0    2.93    3120     166    2009       0    14.4    3120     166    2009       0    14.4
magic-square 90 8     0    5.25    6283     367    2353       0    13.5    6283     367    2353       0    13.5
magic-square 90 8     0    2.61    2960     156    1449       0    17.9    2960     156    1449       0    17.9
magic-square 90 8     0    9.46   12077     745    2868       0    10.5   12077     745    2868       0    10.5
magic-square 90 8     0   10.81   13060     827    6657       1    12.8   13060     827    6657       1    12.8
magic-square 90 8     0   10.23   13545     771    2285       0    13.9   13545     771    2285       0    13.9
magic-square 90 8     0    3.21    3337     150    2349       0    15.1    3337     150    2349       0    15.1
magic-square 90 8     0    8.25   10675     632    2268       0    15.1   10675     632    2268       0    15.1
magic-square 90 8     0    4.10    4962     255    1755       0    17.6    4962     255    1755       0    17.6
magic-square 90 8     0   11.92   15968     874    2382       0    14.2   15968     874    2382       0    14.2
magic-square 90 8     0    7.13    9209     571    1959       0    15.6    9209     571    1959       0    15.6
magic-square 90 8     0   13.63   18597    1120    2012       0    15.5   18597    1120    2012       0    15.5
magic-square 90 8     0    4.39    5656     307    1264       0    16.1    5656     307    1264       0    16.1
magic-square 90 8     0    5.96    7343     441    2280       0    15.6    7343     441    2280       0    15.6
magic-square 90 8     0    6.39    7241     388    3652       0    12.1    7241     388    3652       0    12.1
magic-square 90 8     0   16.94   22977    1342    2820       0    13.9   22977    1342    2820       0    13.9
magic-square 90 8     0    7.62    9192     558    3297       0    13.9    9192     558    3297       0    13.9
magic-square 90 8     0    4.20    4821     259    2266       0    15.8    4821     259    2266       0    15.8
magic-square 90 8     0   14.11   18808    1087    2930       0    15.6   18808    1087    2930       0    15.6
magic-square 90 12     0   16.45   19434    1643    7444       0     7.3   19434    1643    7444       0     7.3
magic-square 90 12     0    4.21    5234     296    1527       0    17.3    5234     296    1527       0    17.3
magic-square 90 12     0    4.94    5778     351    2432       0    15.4    5778     351    2432       0    15.4
magic-square 90 12     0    2.77    3093     142    1650       0    16.1    3093     142    1650       0    16.1
magic-square 90 12     0   10.24   12639    1000    3676       0    13.9   12639    1000    3676       0    13.9
magic-square 90 12     0    5.67    7489     432    1249       0    18.0    7489     432    1249       0    18.0
magic-square 90 12     0   16.50   21884    1292    3623       0    13.1   21884    1292    3623       0    13.1
magic-square 90 12     0    3.52    4201     222    1591       0    20.3    4201     222    1591       0    20.3
magic-square 90 12     0    6.54    8131     464    2407       0    14.8    8131     464    2407       0    14.8
magic-square 90 12     0    7.00    9135     545    1747       0    15.5    9135     545    1747       0    15.5
magic-square 90 12     0    4.65    5517     290    2196       0     9.9    5517     290    2196       0     9.9
magic-square 90 12     0    3.34    3634     209    2124       0    15.0    3634     209    2124       0    15.0
magic-square 90 12     0   10.33   12938     859    3544       0     7.0   12938     859    3544       0     7.0
magic-square 90 12     0    4.37    5197     283    2009       0    13.8    5197     283    2009       0    13.8
magic-square 90 12     0    5.40    6687     372    2017       0    14.2    6687     372    2017       0    14.2
magic-square 90 12     0    4.38    5489     309    1512       0    18.8    5489     309    1512       0    18.8
magic-square 90 12     0    2.83    2968     183    1992       0    17.8    2968     183    1992       0    17.8
magic-square 90 12     0    4.65    5403     290    2397       0    15.6    5403     290    2397       0    15.6
magic-square 90 12     0    2.55    2701     130    1768       0    12.6    2701     130    1768       0    12.6
magic-square 90 12     0    6.56    7802     427    3068       0    10.6    7802     427    3068       0    10.6
magic-square 90 12     0    6.83    8402     541    2623       0     9.9    8402     541    2623       0     9.9
magic-square 90 12     0    7.32    9531     513    1945       0    14.4    9531     513    1945       0    14.4
magic-square 90 12     0    6.45    7625     397    3105       0    16.2    7625     397    3105       0    16.2
magic-square 90 12     0    3.59    4053     294    1969       0    15.1    4053     294    1969       0    15.1
magic-square 90 12     0    3.40    4004     230    1607       0    16.2    4004     230    1607       0    16.2
magic-square 90 12     0    6.50    7920     451    2655       0    16.9    7920     451    2655       0    16.9
magic-square 90 12     0    6.38    8438     481    1409       0    16.3    8438     481    1409       0    16.3
magic-square 90 12     0    5.73    7326     385    1737       0    17.4    7326     385    1737       0    17.4
magic-square 90 12     0   18.43   20149    1191   11814       0     7.8   20149    1191   11814       0     7.8
magic-square 90 12     0    4.17    4707     204    2435       0    13.3    4707     204    2435       0    13.3
magic-square 90 12     0    4.69    6014     354    1361       0    17.6    6014     354    1361       0    17.6
magic-square 90 12     0   14.64   18262    1119    5259       0    11.9   18262    1119    5259       0    11.9
magic-square 90 12     0    2.18    2258      84    1602       0    23.6    2258      84    1602       0    23.6
magic-square 90 12     0    7.46    8925     497    3395       0    10.2    8925     497    3395       0    10.2
magic-square 90 12     0    4.66    5411     315    2368       0    16.6    5411     315    2368       0    16.6
magic-square 90 12     0    5.61    6078     291    3712       0    13.3    6078     291    3712       0    13.3
magic-square 90 12     0    3.39    3600     171    2356       0    18.5    3600     171    2356       0    18.5
magic-square 90 12     0    6.75    7816     487    3487       0     8.7    7816     487    3487       0     8.7
magic-square 90 12     0    3.52    3878     221    2153       0    15.4    3878     221    2153       0    15.4
magic-square 90 12     0    5.21    6461     368    1920       0    14.8    6461     368    1920       0    14.8
magic-square 90 12     0    9.00   10441     604    4677       0     8.0   10441     604    4677       0     8.0
magic-square 90 12     0    2.85    3062     162    1880       0    11.6    3062     162    1880       0    11.6
magic-square 90 12     0    3.94    4380     232    2358       0    16.7    4380     232    2358       0    16.7
magic-square 90 12     0    5.04    5807     364    2611       0    13.8    5807     364    2611       0    13.8
magic-square 90 12     0   17.13   23167    1349    2945       0    14.2   23167    1349    2945       0    14.2
magic-square 90 12     0    3.48    4363     247    1160       0    19.6    4363     247    1160       0    19.6
magic-square 90 12     0    3.17    3900     247    1171       0    24.0    3900     247    1171       0    24.0
magic-square 90 12     0    4.57    5577     370    1788       0    19.5    5577     370    1788       0    19.5
magic-square 90 12     0   12.74   14530    2041    5897       0     7.4   14530    2041    5897       0     7.4
magic-square 90 12     0    2.49    2645     124    1717       0    26.6    2645     124    1717       0    26.6
magic-square 90 16     0    8.26   10479     719    2546       0     8.3   10479     719    2546       0     8.3
magic-square 90 16     0    3.25    3899     208    1409       0    19.9    3899     208    1409       0    19.9
magic-square 90 16     0    2.65    2834     115    1807       0    17.6    2834     115    1807       0    17.6
magic-square 90 16     0    4.83    5862     323    2006       0    18.8    5862     323    2006       0    18.8
magic-square 90 16     0    6.05    7522     432    2187       0    16.3    7522     432    2187       0    16.3
magic-square 90 16     0    8.77   10036    1982    3380       0    12.2   10036    1982    3380       0    12.2
magic-square 90 16     0    2.59    2701     131    1854       0    19.5    2701     131    1854       0    19.5
magic-square 90 16     0    4.16    4753     260    2258       0    11.3    4753     260    2258       0    11.3
magic-square 90 16     0    2.85    3294     201    1441       0    16.0    3294     201    1441       0    16.0
magic-square 90 16     0    3.13    3628     201    1580       0    20.0    3628     201    1580       0    20.0
magic-square 90 16     0    4.54    5082     246    2683       0    20.0    5082     246    2683       0    20.0
magic-square 90 16     0    5.31    6355     401    2330       0    14.6    6355     401    2330       0    14.6
magic-square 90 16     0    3.17    3349     256    2116       0    15.2    3349     256    2116       0    15.2
magic-square 90 16     0   10.33   12756     896    5833       1    14.4   12756     896    5833       1    14.4
magic-square 90 16     0    2.85    2962     145    2057       0    15.4    2962     145    2057       0    15.4
magic-square 90 16     0   10.56   13048     786    6041       1    15.5   13048     786    6041       1    15.5
magic-square 90 16     0    6.26    6896     351    3932       0     9.5    6896     351    3932       0     9.5
magic-square 90 16     0    4.44    5355     284    1909       0    13.9    5355     284    1909       0    13.9
magic-square 90 16     0   11.96   14528     807    7086       1    14.2   14528     807    7086       1    14.2
magic-square 90 16     0    7.29    9207     520    2403       0    14.2    9207     520    2403       0    14.2
magic-square 90 16     0    7.07    8457     490    3186       0    10.3    8457     490    3186       0    10.3
magic-square 90 16     0    1.40    1471      91     929       0    26.1    1471      91     929       0    26.1
magic-square 90 16     0    3.66    4267     170    1882       0    16.8    4267     170    1882       0    16.8
magic-square 90 16     0    4.36    4789     339    2638       0    15.6    4789     339    2638       0    15.6
magic-square 90 16     0    4.91    5631     343    2608       0    12.7    5631     343    2608       0    12.7
magic-square 90 16     0    6.81    8537     508    2329       0    13.8    8537     508    2329       0    13.8
magic-square 90 16     0    2.72    3227     188    1218       0    24.3    3227     188    1218       0    24.3
magic-square 90 16     0    7.08    7925     585    4035       0    10.0    7925     585    4035       0    10.0
magic-square 90 16     0    5.24    6058     405    2663       0    14.7    6058     405    2663       0    14.7
magic-square 90 16     0    3.69    4276     254    1862       0    15.4    4276     254    1862       0    15.4
magic-square 90 16     0    3.14    3928     183    1095       0    18.1    3928     183    1095       0    18.1
magic-square 90 16     0    7.76    9928     598    2296       0    16.1    9928     598    2296       0    16.1
magic-square 90 16     0    3.97    4338     198    2550       0    13.4    4338     198    2550       0    13.4
magic-square 90 16     0    4.74    5843     319    1821       0    15.6    5843     319    1821       0    15.6
magic-square 90 16     0    3.58    4221     234    1681       0    17.7    4221     234    1681       0    17.7
magic-square 90 16     0   12.43   15524     948    4396       0    12.4   15524     948    4396       0    12.4
magic-square 90 16     0    2.88    3112     251    1769       0    15.7    3112     251    1769       0    15.7
magic-square 90 16     0    2.99    3525     167    1428       0    19.7    3525     167    1428       0    19.7
magic-square 90 16     0    5.43    5984     345    3346       0     8.0    5984     345    3346       0     8.0
magic-square 90 16     0    5.56    6165     353    3356       0    12.6    6165     353    3356       0    12.6
magic-square 90 16     0    6.90    7524     426    4431       0    10.6    7524     426    4431       0    10.6
magic-square 90 16     0    6.69    8488     490    2119       0    15.5    8488     490    2119       0    15.5
magic-square 90 16     0    4.50    5289     300    2175       0    16.2    5289     300    2175       0    16.2
magic-square 90 16     0    7.30    9488     555    1924       0    14.3    9488     555    1924       0    14.3
magic-square 90 16     0    7.31    9433     521    2064       0    14.8    9433     521    2064       0    14.8
magic-square 90 16     0    5.22    6146     382    2474       0    12.6    6146     382    2474       0    12.6
magic-square 90 16     0    5.28    6509     351    2024       0    14.3    6509     351    2024       0    14.3
magic-square 90 16     0    4.45    5216     255    2219       0    17.1    5216     255    2219       0    17.1
magic-square 90 16     0    2.42    2581     133    1628       0    12.6    2581     133    1628       0    12.6
magic-square 90 16     0    6.60    8037     500    2685       0    14.7    8037     500    2685       0    14.7
