perfect-square 4 1     0  172.88   17237    8644   25881    8644     4.6   17237    8644   25881    8644     4.6
perfect-square 4 1     0    7.62     822     421    1243     421     4.9     822     421    1243     421     4.9
perfect-square 4 1     0   93.82    9569    4917   14486    4917     4.5    9569    4917   14486    4917     4.5
perfect-square 4 1     0   20.88    1816     859    2675     859     4.3    1816     859    2675     859     4.3
perfect-square 4 1     0    6.33     694     371    1065     371     3.8     694     371    1065     371     3.8
perfect-square 4 1     0   30.73    2934    1472    4406    1472     4.2    2934    1472    4406    1472     4.2
perfect-square 4 1     0   58.22    6261    3318    9579    3318     4.9    6261    3318    9579    3318     4.9
perfect-square 4 1     0   47.72    4778    2393    7171    2393     4.5    4778    2393    7171    2393     4.5
perfect-square 4 1     0   11.37    1008     453    1461     453     4.7    1008     453    1461     453     4.7
perfect-square 4 1     0   21.73    2549    1377    3926    1377     4.4    2549    1377    3926    1377     4.4
perfect-square 4 1     0   12.22    1186     573    1759     573     4.1    1186     573    1759     573     4.1
perfect-square 4 1     0  107.88   10771    5394   16165    5394     4.7   10771    5394   16165    5394     4.7
perfect-square 4 1     0   11.73    1151     571    1722     571     4.5    1151     571    1722     571     4.5
perfect-square 4 1     0   11.94    1091     521    1612     521     4.8    1091     521    1612     521     4.8
perfect-square 4 1     0   59.92    5891    2918    8809    2918     4.3    5891    2918    8809    2918     4.3
perfect-square 4 1     0  120.92   12926    6763   19689    6763     4.6   12926    6763   19689    6763     4.6
perfect-square 4 1     0   57.15    5996    3099    9095    3099     4.6    5996    3099    9095    3099     4.6
perfect-square 4 1     0   23.15    2428    1250    3678    1250     4.3    2428    1250    3678    1250     4.3
perfect-square 4 1     0   98.44   10112    5141   15253    5141     4.5   10112    5141   15253    5141     4.5
perfect-square 4 1     0  359.67   37403   19325   56728   19325     4.6   37403   19325   56728   19325     4.6
perfect-square 4 1     0  467.78   49879   26103   75982   26103     4.4   49879   26103   75982   26103     4.4
perfect-square 4 1     0   22.72    2101     981    3082     981     4.3    2101     981    3082     981     4.3
perfect-square 4 1     0   45.49    4920    2596    7516    2596     4.0    4920    2596    7516    2596     4.0
perfect-square 4 1     0  178.78   19061    9868   28929    9868     4.3   19061    9868   28929    9868     4.3
perfect-square 4 1     0  226.69   23969   12478   36447   12478     4.3   23969   12478   36447   12478     4.3
perfect-square 4 1     0   78.96    7654    3712   11366    3712     4.9    7654    3712   11366    3712     4.9
perfect-square 4 1     0  101.42   11008    5813   16821    5813     4.4   11008    5813   16821    5813     4.4
perfect-square 4 1     0   26.90    2611    1285    3896    1285     5.1    2611    1285    3896    1285     5.1
perfect-square 4 1     0  135.07   14164    7275   21439    7275     4.5   14164    7275   21439    7275     4.5
perfect-square 4 1     0   11.56    1335     727    2062     727     3.3    1335     727    2062     727     3.3
perfect-square 4 1     0  189.01   19134    9634   28768    9634     4.8   19134    9634   28768    9634     4.8
perfect-square 4 1     0  199.34   21104   10887   31991   10887     4.4   21104   10887   31991   10887     4.4
perfect-square 4 1     0   15.04    1654     883    2537     883     3.9    1654     883    2537     883     3.9
perfect-square 4 1     0   23.31    2316    1162    3478    1162     4.1    2316    1162    3478    1162     4.1
perfect-square 4 1     0   31.74    3040    1469    4509    1469     4.4    3040    1469    4509    1469     4.4
perfect-square 4 1     0   10.74    1000     454    1454     454     4.9    1000     454    1454     454     4.9
perfect-square 4 1     0  163.45   16488    8341   24829    8341     4.4   16488    8341   24829    8341     4.4
perfect-square 4 1     0   85.22    8157    3975   12132    3975     4.9    8157    3975   12132    3975     4.9
perfect-square 4 1     0    5.29     587     308     895     308     3.1     587     308     895     308     3.1
perfect-square 4 1     0   14.39    1429     695    2124     695     5.2    1429     695    2124     695     5.2
perfect-square 4 1     0  113.62   12084    6263   18347    6263     4.6   12084    6263   18347    6263     4.6
perfect-square 4 1     0   41.20    4388    2290    6678    2290     4.2    4388    2290    6678    2290     4.2
perfect-square 4 1     0   63.59    6987    3719   10706    3719     4.3    6987    3719   10706    3719     4.3
perfect-square 4 1     0   81.43    8537    4424   12961    4424     4.3    8537    4424   12961    4424     4.3
perfect-square 4 1     0   53.68    5209    2588    7797    2588     4.8    5209    2588    7797    2588     4.8
perfect-square 4 1     0   67.57    7192    3675   10867    3675     4.1    7192    3675   10867    3675     4.1
perfect-square 4 1     0   18.96    1942     989    2931     989     5.2    1942     989    2931     989     5.2
perfect-square 4 1     0  232.06   24885   12921   37806   12921     4.4   24885   12921   37806   12921     4.4
perfect-square 4 1     0   10.05    1185     695    1880     695     4.1    1185     695    1880     695     4.1
perfect-square 4 1     0   67.60    7010    3577   10587    3577     4.4    7010    3577   10587    3577     4.4
perfect-square 4 2     0   55.32    5271    2578    7849    2578     4.7    5271    2578    7849    2578     4.7
perfect-square 4 2     0   23.22    2354    1177    3531    1177     4.5    2354    1177    3531    1177     4.5
perfect-square 4 2     0   14.36    1409     684    2093     684     5.3    1409     684    2093     684     5.3
perfect-square 4 2     0   25.11    2628    1345    3973    1345     3.9    2628    1345    3973    1345     3.9
perfect-square 4 2     0   50.16    5707    3074    8781    3074     4.4    5707    3074    8781    3074     4.4
perfect-square 4 2     0   20.01    2057    1038    3095    1038     4.3    2057    1038    3095    1038     4.3
perfect-square 4 2     0   39.01    3919    1966    5885    1966     4.1    3919    1966    5885    1966     4.1
perfect-square 4 2     0   14.04    1460     734    2194     734     4.6    1460     734    2194     734     4.6
perfect-square 4 2     0   53.68    5762    3001    8763    3001     4.2    5762    3001    8763    3001     4.2
perfect-square 4 2     0  132.13   13448    6835   20283    6835     4.5   13448    6835   20283    6835     4.5
perfect-square 4 2     0   43.86    4548    2371    6919    2371     4.3    4548    2371    6919    2371     4.3
perfect-square 4 2     0   27.16    2683    1353    4036    1353     4.5    2683    1353    4036    1353     4.5
perfect-square 4 2     0    5.10     501     238     739     238     4.2     501     238     739     238     4.2
perfect-square 4 2     0   69.10    7211    3770   10981    3770     4.1    7211    3770   10981    3770     4.1
perfect-square 4 2     0    2.88     313     156     469     156     4.0     313     156     469     156     4.0
perfect-square 4 2     0    7.04     568     239     807     239     5.1     568     239     807     239     5.1
perfect-square 4 2     0   89.82    9789    5206   14995    5206     4.3    9789    5206   14995    5206     4.3
perfect-square 4 2     0  106.98   10719    5386   16105    5386     4.4   10719    5386   16105    5386     4.4
perfect-square 4 2     0   17.02    1941    1046    2987    1046     4.1    1941    1046    2987    1046     4.1
perfect-square 4 2     0  107.65   11708    6152   17860    6152     4.3   11708    6152   17860    6152     4.3
perfect-square 4 2     0   10.06     944     431    1375     431     4.2     944     431    1375     431     4.2
perfect-square 4 2     0   47.72    4778    2393    7171    2393     4.5    4778    2393    7171    2393     4.5
perfect-square 4 2     0    8.18     732     320    1052     320     4.2     732     320    1052     320     4.2
perfect-square 4 2     0    1.40     135      62     197      62     9.4     135      62     197      62     9.4
perfect-square 4 2     0   19.77    2038    1024    3062    1024     4.7    2038    1024    3062    1024     4.7
perfect-square 4 2     0   31.53    2882    1339    4221    1339     4.9    2882    1339    4221    1339     4.9
perfect-square 4 2     0   10.39    1090     545    1635     545     4.8    1090     545    1635     545     4.8
perfect-square 4 2     0    7.08     576     239     815     239     4.6     576     239     815     239     4.6
perfect-square 4 2     0   87.94    9219    4771   13990    4771     4.2    9219    4771   13990    4771     4.2
perfect-square 4 2     0   99.44   10552    5494   16046    5494     4.0   10552    5494   16046    5494     4.0
perfect-square 4 2     0  201.61   21701   11373   33074   11373     4.2   21701   11373   33074   11373     4.2
perfect-square 4 2     0   13.49    1377     715    2092     715     4.5    1377     715    2092     715     4.5
perfect-square 4 2     0   43.64    4230    2062    6292    2062     4.2    4230    2062    6292    2062     4.2
perfect-square 4 2     0   18.32    1969    1006    2975    1006     4.2    1969    1006    2975    1006     4.2
perfect-square 4 2     0   13.05    1465     789    2254     789     4.3    1465     789    2254     789     4.3
perfect-square 4 2     0   15.21    1505     754    2259     754     4.1    1505     754    2259     754     4.1
perfect-square 4 2     0    5.56     606     308     914     308     4.7     606     308     914     308     4.7
perfect-square 4 2     0   31.61    3335    1725    5060    1725     4.5    3335    1725    5060    1725     4.5
perfect-square 4 2     0   56.32    5611    2809    8420    2809     4.8    5611    2809    8420    2809     4.8
perfect-square 4 2     0   51.87    5677    2937    8614    2937     4.2    5677    2937    8614    2937     4.2
perfect-square 4 2     0   11.26    1300     697    1997     697     4.2    1300     697    1997     697     4.2
perfect-square 4 2     0   90.86    8825    4362   13187    4362     4.4    8825    4362   13187    4362     4.4
perfect-square 4 2     0    4.60     438     199     637     199     3.5     438     199     637     199     3.5
perfect-square 4 2     0   34.76    3316    1626    4942    1626     5.0    3316    1626    4942    1626     5.0
perfect-square 4 2     0   33.93    3650    1896    5546    1896     4.0    3650    1896    5546    1896     4.0
perfect-square 4 2     0   40.55    4030    2054    6084    2054     4.8    4030    2054    6084    2054     4.8
perfect-square 4 2     0  116.90   11988    6083   18071    6083     4.2   11988    6083   18071    6083     4.2
perfect-square 4 2     0   53.00    6002    3279    9281    3279     3.9    6002    3279    9281    3279     3.9
perfect-square 4 2     0   90.27    8871    4436   13307    4436     4.7    8871    4436   13307    4436     4.7
perfect-square 4 2     0   19.85    1934     968    2902     968     4.6    1934     968    2902     968     4.6
perfect-square 4 4     0   50.01    5230    2723    7953    2723     4.1    5230    2723    7953    2723     4.1
perfect-square 4 4     0   14.89    1475     736    2211     736     4.0    1475     736    2211     736     4.0
perfect-square 4 4     0    9.21    1071     595    1666     595     3.4    1071     595    1666     595     3.4
perfect-square 4 4     0   30.62    3180    1607    4787    1607     4.7    3180    1607    4787    1607     4.7
perfect-square 4 4     0    9.16     861     415    1276     415     4.5     861     415    1276     415     4.5
perfect-square 4 4     0   12.76    1026     464    1490     464     5.4    1026     464    1490     464     5.4
perfect-square 4 4     0   40.41    4406    2344    6750    2344     4.1    4406    2344    6750    2344     4.1
perfect-square 4 4     0   13.95    1173     490    1663     490     4.5    1173     490    1663     490     4.5
perfect-square 4 4     0   46.32    4588    2301    6889    2301     5.0    4588    2301    6889    2301     5.0
perfect-square 4 4     0   64.63    6996    3712   10708    3712     4.3    6996    3712   10708    3712     4.3
perfect-square 4 4     0   31.89    3755    2045    5800    2045     4.3    3755    2045    5800    2045     4.3
perfect-square 4 4     0  100.86   10610    5505   16115    5505     4.2   10610    5505   16115    5505     4.2
perfect-square 4 4     0   33.60    3193    1547    4740    1547     4.8    3193    1547    4740    1547     4.8
perfect-square 4 4     0    4.90     568     303     871     303     4.3     568     303     871     303     4.3
perfect-square 4 4     0   34.69    3448    1728    5176    1728     4.4    3448    1728    5176    1728     4.4
perfect-square 4 4     0   14.46    1507     772    2279     772     4.7    1507     772    2279     772     4.7
perfect-square 4 4     0   27.75    3003    1597    4600    1597     3.8    3003    1597    4600    1597     3.8
perfect-square 4 4     0   20.17    2107    1084    3191    1084     4.3    2107    1084    3191    1084     4.3
perfect-square 4 4     0    9.71    1024     523    1547     523     4.8    1024     523    1547     523     4.8
perfect-square 4 4     0   71.59    6944    3405   10349    3405     4.6    6944    3405   10349    3405     4.6
perfect-square 4 4     0   24.02    2636    1384    4020    1384     4.2    2636    1384    4020    1384     4.2
perfect-square 4 4     0    8.35     789     377    1166     377     5.3     789     377    1166     377     5.3
perfect-square 4 4     0   59.38    5825    2859    8684    2859     4.6    5825    2859    8684    2859     4.6
perfect-square 4 4     0   33.38    3420    1720    5140    1720     4.4    3420    1720    5140    1720     4.4
perfect-square 4 4     0    5.64     572     297     869     297     4.4     572     297     869     297     4.4
perfect-square 4 4     0   44.91    5141    2825    7966    2825     4.1    5141    2825    7966    2825     4.1
perfect-square 4 4     0    3.80     407     201     608     201     4.3     407     201     608     201     4.3
perfect-square 4 4     0   21.10    2034     986    3020     986     5.5    2034     986    3020     986     5.5
perfect-square 4 4     0   20.23    1836     850    2686     850     4.7    1836     850    2686     850     4.7
perfect-square 4 4     0   11.40    1286     687    1973     687     4.0    1286     687    1973     687     4.0
perfect-square 4 4     0   45.64    5492    3045    8537    3045     3.8    5492    3045    8537    3045     3.8
perfect-square 4 4     0    2.92     322     162     484     162     3.9     322     162     484     162     3.9
perfect-square 4 4     0   23.91    2492    1278    3770    1278     4.6    2492    1278    3770    1278     4.6
perfect-square 4 4     0    5.24     489     228     717     228     3.6     489     228     717     228     3.6
perfect-square 4 4     0   10.79     921     403    1324     403     4.8     921     403    1324     403     4.8
perfect-square 4 4     0   51.05    5436    2824    8260    2824     4.1    5436    2824    8260    2824     4.1
perfect-square 4 4     0   87.92    9071    4652   13723    4652     4.9    9071    4652   13723    4652     4.9
perfect-square 4 4     0    7.10     703     331    1034     331     5.2     703     331    1034     331     5.2
perfect-square 4 4     0   13.81    1445     741    2186     741     4.2    1445     741    2186     741     4.2
perfect-square 4 4     0   14.19    1577     827    2404     827     4.4    1577     827    2404     827     4.4
perfect-square 4 4     0   10.54    1098     570    1668     570     4.6    1098     570    1668     570     4.6
perfect-square 4 4     0   22.67    1917     833    2750     833     4.3    1917     833    2750     833     4.3
perfect-square 4 4     0   25.09    2874    1595    4469    1595     4.0    2874    1595    4469    1595     4.0
perfect-square 4 4     0   11.43    1401     783    2184     783     4.2    1401     783    2184     783     4.2
perfect-square 4 4     0   28.96    2586    1236    3822    1236     4.8    2586    1236    3822    1236     4.8
perfect-square 4 4     0    1.12     117      44     161      44     5.0     117      44     161      44     5.0
perfect-square 4 4     0   17.47    1819     939    2758     939     3.8    1819     939    2758     939     3.8
perfect-square 4 4     0   36.97    4212    2318    6530    2318     4.3    4212    2318    6530    2318     4.3
perfect-square 4 4     0   11.21    1297     718    2015     718     3.9    1297     718    2015     718     3.9
perfect-square 4 4     0   19.36    1921     937    2858     937     5.7    1921     937    2858     937     5.7
perfect-square 4 8     0    7.00     507     190     697     190     4.9     507     190     697     190     4.9
perfect-square 4 8     0   15.81    1844    1022    2866    1022     4.0    1844    1022    2866    1022     4.0
perfect-square 4 8     0    5.54     578     299     877     299     4.9     578     299     877     299     4.9
perfect-square 4 8     0    8.14     793     378    1171     378     6.6     793     378    1171     378     6.6
perfect-square 4 8     0    3.02     383     221     604     221     4.1     383     221     604     221     4.1
perfect-square 4 8     0   55.91    5885    3044    8929    3044     4.2    5885    3044    8929    3044     4.2
perfect-square 4 8     0    4.92     429     200     629     200     6.8     429     200     629     200     6.8
perfect-square 4 8     0   14.64    1234     542    1776     542     5.5    1234     542    1776     542     5.5
perfect-square 4 8     0    4.37     403     190     593     190     4.1     403     190     593     190     4.1
perfect-square 4 8     0    8.97     757     312    1069     312     5.2     757     312    1069     312     5.2
perfect-square 4 8     0    3.26     255      97     352      97     4.2     255      97     352      97     4.2
perfect-square 4 8     0   16.77    1724     893    2617     893     5.0    1724     893    2617     893     5.0
perfect-square 4 8     0    9.26     718     290    1008     290     4.4     718     290    1008     290     4.4
perfect-square 4 8     0    2.81     339     181     520     181     2.7     339     181     520     181     2.7
perfect-square 4 8     0    3.21     285     128     413     128     5.0     285     128     413     128     5.0
perfect-square 4 8     0    2.59     248     120     368     120     3.7     248     120     368     120     3.7
perfect-square 4 8     0    2.36     191      79     270      79     5.1     191      79     270      79     5.1
perfect-square 4 8     0    7.81     915     489    1404     489     3.7     915     489    1404     489     3.7
perfect-square 4 8     0   15.33    1674     876    2550     876     3.6    1674     876    2550     876     3.6
perfect-square 4 8     0    3.21     235      79     314      79     3.7     235      79     314      79     3.7
perfect-square 4 8     0    7.28     786     380    1166     380     5.1     786     380    1166     380     5.1
perfect-square 4 8     0   13.85    1257     586    1843     586     5.5    1257     586    1843     586     5.5
perfect-square 4 8     0   13.31    1074     430    1504     430     5.2    1074     430    1504     430     5.2
perfect-square 4 8     0   19.19    2132    1115    3247    1115     4.4    2132    1115    3247    1115     4.4
perfect-square 4 8     0   39.69    4141    2114    6255    2114     4.7    4141    2114    6255    2114     4.7
perfect-square 4 8     0    4.50     436     209     645     209     6.4     436     209     645     209     6.4
perfect-square 4 8     0   18.12    1892     971    2863     971     5.0    1892     971    2863     971     5.0
perfect-square 4 8     0    6.66     619     282     901     282     4.9     619     282     901     282     4.9
perfect-square 4 8     0   14.13    1451     716    2167     716     3.8    1451     716    2167     716     3.8
perfect-square 4 8     0   10.86    1204     625    1829     625     3.7    1204     625    1829     625     3.7
perfect-square 4 8     0   20.76    1972     926    2898     926     5.4    1972     926    2898     926     5.4
perfect-square 4 8     0   32.41    3307    1654    4961    1654     4.6    3307    1654    4961    1654     4.6
perfect-square 4 8     0   25.60    2498    1193    3691    1193     4.6    2498    1193    3691    1193     4.6
perfect-square 4 8     0   17.66    1583     732    2315     732     4.7    1583     732    2315     732     4.7
perfect-square 4 8     0    8.66     969     509    1478     509     3.7     969     509    1478     509     3.7
perfect-square 4 8     0   11.11    1024     463    1487     463     5.4    1024     463    1487     463     5.4
perfect-square 4 8     0   13.70    1376     688    2064     688     4.6    1376     688    2064     688     4.6
perfect-square 4 8     0    8.47     760     344    1104     344     4.9     760     344    1104     344     4.9
perfect-square 4 8     0   10.38     969     441    1410     441     4.1     969     441    1410     441     4.1
perfect-square 4 8     0   20.96    2143    1070    3213    1070     4.8    2143    1070    3213    1070     4.8
perfect-square 4 8     0   38.99    3856    1932    5788    1932     4.8    3856    1932    5788    1932     4.8
perfect-square 4 8     0    1.83     229     111     340     111     3.8     229     111     340     111     3.8
perfect-square 4 8     0   10.91    1148     555    1703     555     3.4    1148     555    1703     555     3.4
perfect-square 4 8     0   45.49    4603    2288    6891    2288     4.7    4603    2288    6891    2288     4.7
perfect-square 4 8     0    3.23     300     132     432     132     4.1     300     132     432     132     4.1
perfect-square 4 8     0   19.39    2188    1162    3350    1162     4.3    2188    1162    3350    1162     4.3
perfect-square 4 8     0   52.43    4945    2385    7330    2385     4.7    4945    2385    7330    2385     4.7
perfect-square 4 8     0   39.69    4141    2114    6255    2114     4.7    4141    2114    6255    2114     4.7
perfect-square 4 8     0    2.05     263     146     409     146     3.3     263     146     409     146     3.3
perfect-square 4 8     0    3.54     397     210     607     210     3.8     397     210     607     210     3.8
perfect-square 4 12     0    7.47     720     349    1069     349     4.3     720     349    1069     349     4.3
perfect-square 4 12     0    1.48     168      80     248      80     3.4     168      80     248      80     3.4
perfect-square 4 12     0    3.47     284     109     393     109     6.0     284     109     393     109     6.0
perfect-square 4 12     0   23.17    2387    1230    3617    1230     4.7    2387    1230    3617    1230     4.7
perfect-square 4 12     0   12.74    1137     536    1673     536     4.6    1137     536    1673     536     4.6
perfect-square 4 12     0   15.39    1314     584    1898     584     5.4    1314     584    1898     584     5.4
perfect-square 4 12     0    1.90     197     101     298     101     4.5     197     101     298     101     4.5
perfect-square 4 12     0    0.98      79      27     106      27     5.9      79      27     106      27     5.9
perfect-square 4 12     0    3.41     303     127     430     127     4.7     303     127     430     127     4.7
perfect-square 4 12     0    7.58     878     460    1338     460     3.9     878     460    1338     460     3.9
perfect-square 4 12     0    4.73     415     172     587     172     4.9     415     172     587     172     4.9
perfect-square 4 12     0    4.70     503     255     758     255     3.9     503     255     758     255     3.9
perfect-square 4 12     0   22.70    2397    1233    3630    1233     4.4    2397    1233    3630    1233     4.4
perfect-square 4 12     0    2.18     251     133     384     133     1.5     251     133     384     133     1.5
perfect-square 4 12     0    1.80     210     111     321     111     3.9     210     111     321     111     3.9
perfect-square 4 12     0    7.03     669     313     982     313     5.1     669     313     982     313     5.1
perfect-square 4 12     0    3.95     425     231     656     231     3.9     425     231     656     231     3.9
perfect-square 4 12     0   15.39    1314     584    1898     584     5.4    1314     584    1898     584     5.4
perfect-square 4 12     0   19.48    1861     899    2760     899     5.2    1861     899    2760     899     5.2
perfect-square 4 12     0    0.51      42      12      54      12     3.4      42      12      54      12     3.4
perfect-square 4 12     0   11.81    1236     617    1853     617     3.9    1236     617    1853     617     3.9
perfect-square 4 12     0   41.96    4188    2106    6294    2106     4.3    4188    2106    6294    2106     4.3
perfect-square 4 12     0    5.56     608     300     908     300     3.3     608     300     908     300     3.3
perfect-square 4 12     0    2.60     229     100     329     100     1.9     229     100     329     100     1.9
perfect-square 4 12     0    1.71     208     106     314     106     2.8     208     106     314     106     2.8
perfect-square 4 12     0    5.14     486     221     707     221     4.7     486     221     707     221     4.7
perfect-square 4 12     0   21.93    2068     967    3035     967     4.2    2068     967    3035     967     4.2
perfect-square 4 12     0    6.63     642     299     941     299     6.4     642     299     941     299     6.4
perfect-square 4 12     0    1.88     147      53     200      53     4.6     147      53     200      53     4.6
perfect-square 4 12     0    9.85    1141     628    1769     628     3.5    1141     628    1769     628     3.5
perfect-square 4 12     0    2.66     216      78     294      78     3.4     216      78     294      78     3.4
perfect-square 4 12     0    3.52     370     172     542     172     4.0     370     172     542     172     4.0
perfect-square 4 12     0   17.61    1831     933    2764     933     4.5    1831     933    2764     933     4.5
perfect-square 4 12     0   14.96    1574     812    2386     812     3.6    1574     812    2386     812     3.6
perfect-square 4 12     0    5.31     555     273     828     273     3.7     555     273     828     273     3.7
perfect-square 4 12     0    2.67     295     153     448     153     4.9     295     153     448     153     4.9
perfect-square 4 12     0    8.25     723     311    1034     311     4.7     723     311    1034     311     4.7
perfect-square 4 12     0    2.83     302     163     465     163     5.8     302     163     465     163     5.8
perfect-square 4 12     0   12.96    1441     762    2203     762     3.4    1441     762    2203     762     3.4
perfect-square 4 12     0    1.02     124      71     195      71     4.8     124      71     195      71     4.8
perfect-square 4 12     0   11.92    1041     474    1515     474     4.7    1041     474    1515     474     4.7
perfect-square 4 12     0   12.72    1213     566    1779     566     5.1    1213     566    1779     566     5.1
perfect-square 4 12     0    5.99     542     251     793     251     5.1     542     251     793     251     5.1
perfect-square 4 12     0    5.97     587     294     881     294     5.7     587     294     881     294     5.7
perfect-square 4 12     0    6.22     677     344    1021     344     5.2     677     344    1021     344     5.2
perfect-square 4 12     0    5.42     478     218     696     218     3.5     478     218     696     218     3.5
perfect-square 4 12     0    6.80     736     376    1112     376     5.1     736     376    1112     376     5.1
perfect-square 4 12     0    6.39     614     293     907     293     6.2     614     293     907     293     6.2
perfect-square 4 12     0    5.43     667     362    1029     362     3.2     667     362    1029     362     3.2
perfect-square 4 12     0   26.27    2927    1546    4473    1546     4.1    2927    1546    4473    1546     4.1
perfect-square 4 16     0   12.48    1355     706    2061     706     4.1    1355     706    2061     706     4.1
perfect-square 4 16     0   11.67    1338     697    2035     697     3.8    1338     697    2035     697     3.8
perfect-square 4 16     0    6.99     746     380    1126     380     5.2     746     380    1126     380     5.2
perfect-square 4 16     0    7.70     830     435    1265     435     3.9     830     435    1265     435     3.9
perfect-square 4 16     0    5.47     523     236     759     236     3.7     523     236     759     236     3.7
perfect-square 4 16     0   16.25    1897    1013    2910    1013     4.5    1897    1013    2910    1013     4.5
perfect-square 4 16     0    2.09     191      75     266      75     4.6     191      75     266      75     4.6
perfect-square 4 16     0    3.09     268     118     386     118     4.9     268     118     386     118     4.9
perfect-square 4 16     0    1.20     121      56     177      56     2.8     121      56     177      56     2.8
perfect-square 4 16     0    4.65     426     191     617     191     6.4     426     191     617     191     6.4
perfect-square 4 16     0    3.27     311     141     452     141     4.9     311     141     452     141     4.9
perfect-square 4 16     0    6.03     704     391    1095     391     2.9     704     391    1095     391     2.9
perfect-square 4 16     0   25.55    2673    1380    4053    1380     3.5    2673    1380    4053    1380     3.5
perfect-square 4 16     0    4.79     503     243     746     243     5.1     503     243     746     243     5.1
perfect-square 4 16     0    1.31     117      47     164      47     6.0     117      47     164      47     6.0
perfect-square 4 16     0    1.29     122      48     170      48     4.2     122      48     170      48     4.2
perfect-square 4 16     0    6.17     597     282     879     282     3.8     597     282     879     282     3.8
perfect-square 4 16     0    1.80     130      44     174      44     4.6     130      44     174      44     4.6
perfect-square 4 16     0    4.06     362     154     516     154     6.9     362     154     516     154     6.9
perfect-square 4 16     0    7.49     899     485    1384     485     4.5     899     485    1384     485     4.5
perfect-square 4 16     0    3.40     421     243     664     243     4.0     421     243     664     243     4.0
perfect-square 4 16     0    3.20     328     161     489     161     3.9     328     161     489     161     3.9
perfect-square 4 16     0    4.22     370     159     529     159     4.7     370     159     529     159     4.7
perfect-square 4 16     0    1.88     209     108     317     108     3.5     209     108     317     108     3.5
perfect-square 4 16     0    6.03     654     339     993     339     3.5     654     339     993     339     3.5
perfect-square 4 16     0    1.50     128      49     177      49     2.8     128      49     177      49     2.8
perfect-square 4 16     0    1.05      77      22      99      22     4.3      77      22      99      22     4.3
perfect-square 4 16     0    1.34     105      36     141      36     3.6     105      36     141      36     3.6
perfect-square 4 16     0   11.23     923     400    1323     400     4.2     923     400    1323     400     4.2
perfect-square 4 16     0    6.50     457     164     621     164     4.8     457     164     621     164     4.8
perfect-square 4 16     0    1.90     150      52     202      52     4.7     150      52     202      52     4.7
perfect-square 4 16     0    2.51     281     147     428     147     3.4     281     147     428     147     3.4
perfect-square 4 16     0    4.13     382     169     551     169     4.9     382     169     551     169     4.9
perfect-square 4 16     0    1.17     113      48     161      48     4.0     113      48     161      48     4.0
perfect-square 4 16     0    4.76     553     301     854     301     3.8     553     301     854     301     3.8
perfect-square 4 16     0    4.70     347     140     487     140     4.6     347     140     487     140     4.6
perfect-square 4 16     0    1.59     183      95     278      95     3.8     183      95     278      95     3.8
perfect-square 4 16     0    1.90     170      71     241      71     3.7     170      71     241      71     3.7
perfect-square 4 16     0    2.15     256     121     377     121     5.8     256     121     377     121     5.8
perfect-square 4 16     0    3.52     397     204     601     204     6.0     397     204     601     204     6.0
perfect-square 4 16     0    1.19      91      24     115      24     4.3      91      24     115      24     4.3
perfect-square 4 16     0    1.76     175      79     254      79     2.9     175      79     254      79     2.9
perfect-square 4 16     0    2.45     200      78     278      78     7.6     200      78     278      78     7.6
perfect-square 4 16     0    7.86     843     436    1279     436     4.6     843     436    1279     436     4.6
perfect-square 4 16     0   12.14    1060     473    1533     473     5.2    1060     473    1533     473     5.2
perfect-square 4 16     0    6.14     711     374    1085     374     3.9     711     374    1085     374     3.9
perfect-square 4 16     0    8.91     900     459    1359     459     4.6     900     459    1359     459     4.6
perfect-square 4 16     0    2.14     191      78     269      78     7.1     191      78     269      78     7.1
perfect-square 4 16     0    1.32     126      54     180      54     2.1     126      54     180      54     2.1
perfect-square 4 16     0   17.45    1973    1083    3056    1083     4.1    1973    1083    3056    1083     4.1
