perfect-square 5 1     0  205.16   22135   13164   35299   13164     8.2   22135   13164   35299   13164     8.2
perfect-square 5 1     0  234.73   25220   14985   40205   14985     8.3   25220   14985   40205   14985     8.3
perfect-square 5 1     0  269.14   28800   17089   45889   17089     8.2   28800   17089   45889   17089     8.2
perfect-square 5 1     0  102.14   11211    6676   17887    6676     7.9   11211    6676   17887    6676     7.9
perfect-square 5 1     0  161.60   17244   10148   27392   10148     8.1   17244   10148   27392   10148     8.1
perfect-square 5 1     0  167.62   17391   10058   27449   10058     8.0   17391   10058   27449   10058     8.0
perfect-square 5 1     0  160.17   16912    9929   26841    9929     8.2   16912    9929   26841    9929     8.2
perfect-square 5 1     0   22.70    2478    1471    3949    1471     8.6    2478    1471    3949    1471     8.6
perfect-square 5 1     0  193.41   20651   12231   32882   12231     8.3   20651   12231   32882   12231     8.3
perfect-square 5 1     0  269.70   30287   18374   48661   18374     8.2   30287   18374   48661   18374     8.2
perfect-square 5 1     0    9.29     853     456    1309     456     8.0     853     456    1309     456     8.0
perfect-square 5 1     0  184.87   19863   11718   31581   11718     8.1   19863   11718   31581   11718     8.1
perfect-square 5 1     0   44.48    4607    2657    7264    2657     8.2    4607    2657    7264    2657     8.2
perfect-square 5 1     0   48.30    5443    3299    8742    3299     8.2    5443    3299    8742    3299     8.2
perfect-square 5 1     0    9.36     909     496    1405     496     8.4     909     496    1405     496     8.4
perfect-square 5 1     0  148.07   15833    9411   25244    9411     7.9   15833    9411   25244    9411     7.9
perfect-square 5 1     0   33.03    3617    2164    5781    2164     7.9    3617    2164    5781    2164     7.9
perfect-square 5 1     0   35.37    3836    2267    6103    2267     8.1    3836    2267    6103    2267     8.1
perfect-square 5 1     0    7.11     587     304     891     304     7.4     587     304     891     304     7.4
perfect-square 5 1     0  225.91   23810   14085   37895   14085     8.0   23810   14085   37895   14085     8.0
perfect-square 5 1     0  144.69   14838    8581   23419    8581     7.9   14838    8581   23419    8581     7.9
perfect-square 5 1     0  111.98   12490    7550   20040    7550     8.1   12490    7550   20040    7550     8.1
perfect-square 5 1     0  173.68   18986   11359   30345   11359     8.2   18986   11359   30345   11359     8.2
perfect-square 5 1     0  386.39   41231   24322   65553   24322     8.1   41231   24322   65553   24322     8.1
perfect-square 5 1     0   38.99    4403    2647    7050    2647     8.2    4403    2647    7050    2647     8.2
perfect-square 5 1     0  211.34   23223   13894   37117   13894     8.2   23223   13894   37117   13894     8.2
perfect-square 5 1     0   38.02    4039    2400    6439    2400     7.7    4039    2400    6439    2400     7.7
perfect-square 5 1     0  136.88   14714    8729   23443    8729     8.1   14714    8729   23443    8729     8.1
perfect-square 5 1     0   92.98    9729    5692   15421    5692     8.0    9729    5692   15421    5692     8.0
perfect-square 5 1     0   81.02    8498    4940   13438    4940     8.0    8498    4940   13438    4940     8.0
perfect-square 5 1     0   93.80    9963    5865   15828    5865     8.3    9963    5865   15828    5865     8.3
perfect-square 5 1     0   64.10    6667    3889   10556    3889     8.0    6667    3889   10556    3889     8.0
perfect-square 5 1     0   84.52    9285    5537   14822    5537     8.1    9285    5537   14822    5537     8.1
perfect-square 5 1     0  382.85   40139   23254   63393   23254     8.1   40139   23254   63393   23254     8.1
perfect-square 5 1     0  423.42   45361   26863   72224   26863     8.1   45361   26863   72224   26863     8.1
perfect-square 5 1     0   19.23    1711     905    2616     905     8.4    1711     905    2616     905     8.4
perfect-square 5 1     0   56.58    6221    3698    9919    3698     8.0    6221    3698    9919    3698     8.0
perfect-square 5 1     0  133.43   14125    8347   22472    8347     7.9   14125    8347   22472    8347     7.9
perfect-square 5 1     0  101.96   11187    6726   17913    6726     8.3   11187    6726   17913    6726     8.3
perfect-square 5 1     0  134.27   14631    8819   23450    8819     8.1   14631    8819   23450    8819     8.1
perfect-square 5 1     0    8.83     920     537    1457     537     7.8     920     537    1457     537     7.8
perfect-square 5 1     0  403.91   42782   25161   67943   25161     8.0   42782   25161   67943   25161     8.0
perfect-square 5 1     0    4.48     501     308     809     308     9.0     501     308     809     308     9.0
perfect-square 5 1     0   22.21    2449    1477    3926    1477     8.3    2449    1477    3926    1477     8.3
perfect-square 5 1     0    2.03     222     130     352     130     8.1     222     130     352     130     8.1
perfect-square 5 1     0  443.56   48386   28941   77327   28941     8.1   48386   28941   77327   28941     8.1
perfect-square 5 1     0  281.70   29669   17443   47112   17443     8.1   29669   17443   47112   17443     8.1
perfect-square 5 1     0  259.90   27277   15998   43275   15998     8.1   27277   15998   43275   15998     8.1
perfect-square 5 1     0   18.03    1896    1113    3009    1113     8.5    1896    1113    3009    1113     8.5
perfect-square 5 1     0  456.47   48645   28747   77392   28747     8.2   48645   28747   77392   28747     8.2
perfect-square 5 2     0   12.05    1047     545    1592     545     7.5    1047     545    1592     545     7.5
perfect-square 5 2     0  109.78   11573    6835   18408    6835     8.1   11573    6835   18408    6835     8.1
perfect-square 5 2     0   65.40    6591    3780   10371    3780     8.1    6591    3780   10371    3780     8.1
perfect-square 5 2     0    5.97     696     431    1127     431     8.4     696     431    1127     431     8.4
perfect-square 5 2     0   26.07    2647    1497    4144    1497     7.8    2647    1497    4144    1497     7.8
perfect-square 5 2     0   10.37    1107     661    1768     661     7.3    1107     661    1768     661     7.3
perfect-square 5 2     0   86.77    9160    5419   14579    5419     8.3    9160    5419   14579    5419     8.3
perfect-square 5 2     0   56.71    5573    3161    8734    3161     8.2    5573    3161    8734    3161     8.2
perfect-square 5 2     0   74.86    7760    4534   12294    4534     7.9    7760    4534   12294    4534     7.9
perfect-square 5 2     0   17.28    1875    1110    2985    1110     8.3    1875    1110    2985    1110     8.3
perfect-square 5 2     0   12.96    1444     856    2300     856     8.4    1444     856    2300     856     8.4
perfect-square 5 2     0   85.92    8447    4769   13216    4769     7.6    8447    4769   13216    4769     7.6
perfect-square 5 2     0   19.46    2201    1339    3540    1339     8.4    2201    1339    3540    1339     8.4
perfect-square 5 2     0   38.70    4337    2600    6937    2600     8.0    4337    2600    6937    2600     8.0
perfect-square 5 2     0  124.18   13674    8177   21851    8177     8.0   13674    8177   21851    8177     8.0
perfect-square 5 2     0   47.04    4939    2899    7838    2899     8.1    4939    2899    7838    2899     8.1
perfect-square 5 2     0    2.03     149      68     217      68     7.8     149      68     217      68     7.8
perfect-square 5 2     0   24.14    2666    1599    4265    1599     8.6    2666    1599    4265    1599     8.6
perfect-square 5 2     0   20.98    2179    1260    3439    1260     8.2    2179    1260    3439    1260     8.2
perfect-square 5 2     0    4.04     457     271     728     271     7.8     457     271     728     271     7.8
perfect-square 5 2     0   47.73    4899    2824    7723    2824     7.6    4899    2824    7723    2824     7.6
perfect-square 5 2     0   94.08    9849    5805   15654    5805     7.9    9849    5805   15654    5805     7.9
perfect-square 5 2     0  217.33   23905   14326   38231   14326     8.1   23905   14326   38231   14326     8.1
perfect-square 5 2     0  105.41   11588    6939   18527    6939     8.2   11588    6939   18527    6939     8.2
perfect-square 5 2     0    5.32     453     228     681     228     6.4     453     228     681     228     6.4
perfect-square 5 2     0  176.32   19106   11354   30460   11354     8.2   19106   11354   30460   11354     8.2
perfect-square 5 2     0    7.14     649     326     975     326     7.4     649     326     975     326     7.4
perfect-square 5 2     0    9.44    1016     591    1607     591     8.4    1016     591    1607     591     8.4
perfect-square 5 2     0  195.45   20665   12095   32760   12095     8.1   20665   12095   32760   12095     8.1
perfect-square 5 2     0   12.52    1345     791    2136     791     8.1    1345     791    2136     791     8.1
perfect-square 5 2     0    4.77     560     336     896     336     7.5     560     336     896     336     7.5
perfect-square 5 2     0   29.23    3155    1898    5053    1898     7.9    3155    1898    5053    1898     7.9
perfect-square 5 2     0   94.73    9865    5743   15608    5743     8.2    9865    5743   15608    5743     8.2
perfect-square 5 2     0   57.66    5667    3218    8885    3218     7.8    5667    3218    8885    3218     7.8
perfect-square 5 2     0  135.69   14033    8137   22170    8137     8.1   14033    8137   22170    8137     8.1
perfect-square 5 2     0   91.13    9547    5543   15090    5543     7.9    9547    5543   15090    5543     7.9
perfect-square 5 2     0  157.49   17123   10137   27260   10137     8.2   17123   10137   27260   10137     8.2
perfect-square 5 2     0   84.56    9415    5675   15090    5675     8.0    9415    5675   15090    5675     8.0
perfect-square 5 2     0   50.17    4941    2757    7698    2757     7.7    4941    2757    7698    2757     7.7
perfect-square 5 2     0  180.16   19306   11380   30686   11380     8.0   19306   11380   30686   11380     8.0
perfect-square 5 2     0   82.32    9232    5542   14774    5542     8.2    9232    5542   14774    5542     8.2
perfect-square 5 2     0  141.63   15287    9067   24354    9067     8.1   15287    9067   24354    9067     8.1
perfect-square 5 2     0   58.94    6409    3802   10211    3802     8.0    6409    3802   10211    3802     8.0
perfect-square 5 2     0  187.67   19993   11791   31784   11791     8.1   19993   11791   31784   11791     8.1
perfect-square 5 2     0   43.79    4642    2713    7355    2713     8.1    4642    2713    7355    2713     8.1
perfect-square 5 2     0   74.14    7769    4517   12286    4517     8.0    7769    4517   12286    4517     8.0
perfect-square 5 2     0   66.37    7137    4223   11360    4223     8.1    7137    4223   11360    4223     8.1
perfect-square 5 2     0  106.00   11258    6639   17897    6639     8.3   11258    6639   17897    6639     8.3
perfect-square 5 2     0   13.25    1383     798    2181     798     8.1    1383     798    2181     798     8.1
perfect-square 5 2     0   49.41    5329    3144    8473    3144     7.9    5329    3144    8473    3144     7.9
perfect-square 5 4     0   11.73    1187     671    1858     671     7.8    1187     671    1858     671     7.8
perfect-square 5 4     0   96.18   10584    6311   16895    6311     8.2   10584    6311   16895    6311     8.2
perfect-square 5 4     0   22.72    2596    1588    4184    1588     8.0    2596    1588    4184    1588     8.0
perfect-square 5 4     0    8.79     954     550    1504     550     7.4     954     550    1504     550     7.4
perfect-square 5 4     0   11.59    1255     770    2025     770     8.5    1255     770    2025     770     8.5
perfect-square 5 4     0   25.23    2883    1775    4658    1775     8.4    2883    1775    4658    1775     8.4
perfect-square 5 4     0  117.41   11930    6917   18847    6917     8.2   11930    6917   18847    6917     8.2
perfect-square 5 4     0   11.02    1027     560    1587     560     7.7    1027     560    1587     560     7.7
perfect-square 5 4     0   76.91    8192    4815   13007    4815     8.3    8192    4815   13007    4815     8.3
perfect-square 5 4     0   19.68    2108    1241    3349    1241     8.1    2108    1241    3349    1241     8.1
perfect-square 5 4     0   43.14    4828    2936    7764    2936     8.2    4828    2936    7764    2936     8.2
perfect-square 5 4     0    4.24     481     282     763     282     8.1     481     282     763     282     8.1
perfect-square 5 4     0   46.76    4843    2788    7631    2788     7.6    4843    2788    7631    2788     7.6
perfect-square 5 4     0   17.00    2008    1274    3282    1274     8.4    2008    1274    3282    1274     8.4
perfect-square 5 4     0   12.11    1141     621    1762     621     7.8    1141     621    1762     621     7.8
perfect-square 5 4     0   45.90    4472    2493    6965    2493     7.8    4472    2493    6965    2493     7.8
perfect-square 5 4     0   24.78    2587    1508    4095    1508     8.2    2587    1508    4095    1508     8.2
perfect-square 5 4     0   46.08    5288    3220    8508    3220     8.2    5288    3220    8508    3220     8.2
perfect-square 5 4     0   16.21    1499     784    2283     784     7.5    1499     784    2283     784     7.5
perfect-square 5 4     0   13.25    1461     885    2346     885     7.9    1461     885    2346     885     7.9
perfect-square 5 4     0   52.63    5549    3213    8762    3213     8.1    5549    3213    8762    3213     8.1
perfect-square 5 4     0   42.22    4733    2873    7606    2873     8.2    4733    2873    7606    2873     8.2
perfect-square 5 4     0   40.02    4342    2565    6907    2565     7.7    4342    2565    6907    2565     7.7
perfect-square 5 4     0    8.61     903     534    1437     534     7.2     903     534    1437     534     7.2
perfect-square 5 4     0   88.36    9729    5857   15586    5857     8.2    9729    5857   15586    5857     8.2
perfect-square 5 4     0   59.44    5842    3285    9127    3285     8.0    5842    3285    9127    3285     8.0
perfect-square 5 4     0  110.78   12070    7253   19323    7253     8.0   12070    7253   19323    7253     8.0
perfect-square 5 4     0   40.50    4493    2660    7153    2660     8.0    4493    2660    7153    2660     8.0
perfect-square 5 4     0   63.14    6524    3750   10274    3750     7.8    6524    3750   10274    3750     7.8
perfect-square 5 4     0   40.25    4249    2456    6705    2456     7.8    4249    2456    6705    2456     7.8
perfect-square 5 4     0   44.70    4889    2914    7803    2914     7.9    4889    2914    7803    2914     7.9
perfect-square 5 4     0   53.45    5685    3378    9063    3378     8.5    5685    3378    9063    3378     8.5
perfect-square 5 4     0   16.16    1665     952    2617     952     7.4    1665     952    2617     952     7.4
perfect-square 5 4     0    5.28     519     289     808     289     7.8     519     289     808     289     7.8
perfect-square 5 4     0   42.52    4469    2624    7093    2624     8.3    4469    2624    7093    2624     8.3
perfect-square 5 4     0   48.63    5328    3192    8520    3192     8.2    5328    3192    8520    3192     8.2
perfect-square 5 4     0   22.88    2409    1387    3796    1387     7.8    2409    1387    3796    1387     7.8
perfect-square 5 4     0   39.57    4119    2371    6490    2371     8.1    4119    2371    6490    2371     8.1
perfect-square 5 4     0   67.21    7180    4242   11422    4242     8.0    7180    4242   11422    4242     8.0
perfect-square 5 4     0   56.53    6345    3875   10220    3875     8.3    6345    3875   10220    3875     8.3
perfect-square 5 4     0   32.96    3614    2138    5752    2138     7.9    3614    2138    5752    2138     7.9
perfect-square 5 4     0   81.98    8991    5381   14372    5381     8.3    8991    5381   14372    5381     8.3
perfect-square 5 4     0    3.09     306     160     466     160     8.6     306     160     466     160     8.6
perfect-square 5 4     0   93.37   10086    5986   16072    5986     8.2   10086    5986   16072    5986     8.2
perfect-square 5 4     0   21.77    2266    1344    3610    1344     8.2    2266    1344    3610    1344     8.2
perfect-square 5 4     0   13.77    1477     866    2343     866     8.3    1477     866    2343     866     8.3
perfect-square 5 4     0   59.11    5975    3453    9428    3453     8.1    5975    3453    9428    3453     8.1
perfect-square 5 4     0   26.64    2846    1656    4502    1656     8.1    2846    1656    4502    1656     8.1
perfect-square 5 4     0   37.85    3999    2375    6374    2375     7.9    3999    2375    6374    2375     7.9
perfect-square 5 4     0   16.98    1769    1016    2785    1016     7.3    1769    1016    2785    1016     7.3
perfect-square 5 8     0    3.00     251     123     374     123     6.9     251     123     374     123     6.9
perfect-square 5 8     0   28.55    3025    1788    4813    1788     7.9    3025    1788    4813    1788     7.9
perfect-square 5 8     0    3.52     308     163     471     163     8.5     308     163     471     163     8.5
perfect-square 5 8     0    1.22     111      52     163      52     6.6     111      52     163      52     6.6
perfect-square 5 8     0   10.90    1099     611    1710     611     7.8    1099     611    1710     611     7.8
perfect-square 5 8     0    7.91     823     475    1298     475     7.6     823     475    1298     475     7.6
perfect-square 5 8     0   26.86    2906    1750    4656    1750     8.0    2906    1750    4656    1750     8.0
perfect-square 5 8     0   12.18    1306     752    2058     752     7.5    1306     752    2058     752     7.5
perfect-square 5 8     0    7.78     678     350    1028     350     7.7     678     350    1028     350     7.7
perfect-square 5 8     0    4.86     505     278     783     278     7.1     505     278     783     278     7.1
perfect-square 5 8     0   64.33    6619    3803   10422    3803     7.7    6619    3803   10422    3803     7.7
perfect-square 5 8     0    2.81     308     176     484     176     7.8     308     176     484     176     7.8
perfect-square 5 8     0   11.88    1238     707    1945     707     8.2    1238     707    1945     707     8.2
perfect-square 5 8     0   20.16    2279    1379    3658    1379     8.3    2279    1379    3658    1379     8.3
perfect-square 5 8     0   27.61    2894    1703    4597    1703     8.0    2894    1703    4597    1703     8.0
perfect-square 5 8     0   34.98    3730    2187    5917    2187     8.1    3730    2187    5917    2187     8.1
perfect-square 5 8     0    4.49     370     186     556     186     9.5     370     186     556     186     9.5
perfect-square 5 8     0   21.13    2204    1262    3466    1262     7.9    2204    1262    3466    1262     7.9
perfect-square 5 8     0    1.85     203     112     315     112     7.5     203     112     315     112     7.5
perfect-square 5 8     0   49.75    5410    3237    8647    3237     8.8    5410    3237    8647    3237     8.8
perfect-square 5 8     0   30.52    3296    1954    5250    1954     8.2    3296    1954    5250    1954     8.2
perfect-square 5 8     0   42.08    4472    2664    7136    2664     8.3    4472    2664    7136    2664     8.3
perfect-square 5 8     0    5.33     453     228     681     228     6.4     453     228     681     228     6.4
perfect-square 5 8     0    5.70     583     323     906     323     7.1     583     323     906     323     7.1
perfect-square 5 8     0   14.77    1594     934    2528     934     8.6    1594     934    2528     934     8.6
perfect-square 5 8     0   30.93    3314    1927    5241    1927     8.1    3314    1927    5241    1927     8.1
perfect-square 5 8     0   13.97    1322     723    2045     723     7.7    1322     723    2045     723     7.7
perfect-square 5 8     0   11.59    1202     719    1921     719     8.4    1202     719    1921     719     8.4
perfect-square 5 8     0   24.47    2435    1378    3813    1378     7.5    2435    1378    3813    1378     7.5
perfect-square 5 8     0   34.92    3497    2024    5521    2024     8.1    3497    2024    5521    2024     8.1
perfect-square 5 8     0    1.41     102      36     138      36     7.4     102      36     138      36     7.4
perfect-square 5 8     0   55.58    6205    3746    9951    3746     7.9    6205    3746    9951    3746     7.9
perfect-square 5 8     0   15.39    1279     640    1919     640     7.7    1279     640    1919     640     7.7
perfect-square 5 8     0   16.76    1660     933    2593     933     8.0    1660     933    2593     933     8.0
perfect-square 5 8     0   45.94    5052    3029    8081    3029     8.0    5052    3029    8081    3029     8.0
perfect-square 5 8     0   27.16    2727    1612    4339    1612     8.9    2727    1612    4339    1612     8.9
perfect-square 5 8     0   49.33    4999    2842    7841    2842     7.8    4999    2842    7841    2842     7.8
perfect-square 5 8     0    5.33     607     374     981     374     8.1     607     374     981     374     8.1
perfect-square 5 8     0    7.37     882     558    1440     558     8.2     882     558    1440     558     8.2
perfect-square 5 8     0   18.62    1874    1075    2949    1075     7.8    1874    1075    2949    1075     7.8
perfect-square 5 8     0    2.65     271     144     415     144     7.6     271     144     415     144     7.6
perfect-square 5 8     0   39.96    4145    2391    6536    2391     7.4    4145    2391    6536    2391     7.4
perfect-square 5 8     0   11.37    1349     851    2200     851     8.4    1349     851    2200     851     8.4
perfect-square 5 8     0   58.95    6116    3628    9744    3628     8.5    6116    3628    9744    3628     8.5
perfect-square 5 8     0   46.25    5140    3124    8264    3124     8.1    5140    3124    8264    3124     8.1
perfect-square 5 8     0   36.83    3996    2345    6341    2345     8.4    3996    2345    6341    2345     8.4
perfect-square 5 8     0   41.89    4625    2773    7398    2773     8.1    4625    2773    7398    2773     8.1
perfect-square 5 8     0   18.32    1767     995    2762     995     8.6    1767     995    2762     995     8.6
perfect-square 5 8     0   13.04    1435     850    2285     850     8.8    1435     850    2285     850     8.8
perfect-square 5 8     0   24.46    2560    1447    4007    1447     7.7    2560    1447    4007    1447     7.7
perfect-square 5 12     0   34.92    3533    2023    5556    2023     7.9    3533    2023    5556    2023     7.9
perfect-square 5 12     0    9.06     953     532    1485     532     8.0     953     532    1485     532     8.0
perfect-square 5 12     0    6.29     627     343     970     343     7.9     627     343     970     343     7.9
perfect-square 5 12     0    3.53     332     176     508     176     7.0     332     176     508     176     7.0
perfect-square 5 12     0   10.53    1080     637    1717     637     7.9    1080     637    1717     637     7.9
perfect-square 5 12     0   29.89    2843    1570    4413    1570     7.4    2843    1570    4413    1570     7.4
perfect-square 5 12     0    2.91     306     159     465     159     7.3     306     159     465     159     7.3
perfect-square 5 12     0    3.77     356     192     548     192     8.9     356     192     548     192     8.9
perfect-square 5 12     0    4.76     545     327     872     327     8.1     545     327     872     327     8.1
perfect-square 5 12     0    9.71    1016     586    1602     586     8.6    1016     586    1602     586     8.6
perfect-square 5 12     0   15.45    1679     994    2673     994     8.2    1679     994    2673     994     8.2
perfect-square 5 12     0    4.11     458     260     718     260     7.3     458     260     718     260     7.3
perfect-square 5 12     0   13.09    1421     835    2256     835     8.0    1421     835    2256     835     8.0
perfect-square 5 12     0   19.03    1858    1033    2891    1033     7.9    1858    1033    2891    1033     7.9
perfect-square 5 12     0   19.93    1812     986    2798     986     7.9    1812     986    2798     986     7.9
perfect-square 5 12     0    9.06     826     434    1260     434     7.4     826     434    1260     434     7.4
perfect-square 5 12     0   32.88    3555    2081    5636    2081     8.4    3555    2081    5636    2081     8.4
perfect-square 5 12     0    2.41     221     108     329     108     7.2     221     108     329     108     7.2
perfect-square 5 12     0   12.87    1382     812    2194     812     8.6    1382     812    2194     812     8.6
perfect-square 5 12     0    6.41     748     446    1194     446     7.6     748     446    1194     446     7.6
perfect-square 5 12     0    7.44     824     494    1318     494     8.5     824     494    1318     494     8.5
perfect-square 5 12     0    3.61     326     173     499     173     7.5     326     173     499     173     7.5
perfect-square 5 12     0    1.27      82      29     111      29     6.0      82      29     111      29     6.0
perfect-square 5 12     0   12.41    1248     712    1960     712     8.3    1248     712    1960     712     8.3
perfect-square 5 12     0   26.24    2808    1634    4442    1634     7.7    2808    1634    4442    1634     7.7
perfect-square 5 12     0    5.29     458     240     698     240     7.5     458     240     698     240     7.5
perfect-square 5 12     0   34.24    3593    2121    5714    2121     7.9    3593    2121    5714    2121     7.9
perfect-square 5 12     0    4.50     466     265     731     265     8.1     466     265     731     265     8.1
perfect-square 5 12     0    9.69     909     498    1407     498     6.9     909     498    1407     498     6.9
perfect-square 5 12     0   16.93    1901    1127    3028    1127     8.3    1901    1127    3028    1127     8.3
perfect-square 5 12     0   29.63    3321    1983    5304    1983     8.6    3321    1983    5304    1983     8.6
perfect-square 5 12     0   14.75    1436     802    2238     802     8.4    1436     802    2238     802     8.4
perfect-square 5 12     0    8.18     837     486    1323     486     8.0     837     486    1323     486     8.0
perfect-square 5 12     0    3.32     299     155     454     155     7.5     299     155     454     155     7.5
perfect-square 5 12     0   20.35    2254    1358    3612    1358     8.5    2254    1358    3612    1358     8.5
perfect-square 5 12     0   36.51    3658    2051    5709    2051     7.8    3658    2051    5709    2051     7.8
perfect-square 5 12     0    3.67     361     200     561     200     8.3     361     200     561     200     8.3
perfect-square 5 12     0   11.35    1325     818    2143     818     8.2    1325     818    2143     818     8.2
perfect-square 5 12     0    3.17     220      89     309      89     8.4     220      89     309      89     8.4
perfect-square 5 12     0   47.17    4926    2882    7808    2882     8.1    4926    2882    7808    2882     8.1
perfect-square 5 12     0    4.83     474     258     732     258     7.4     474     258     732     258     7.4
perfect-square 5 12     0   13.24    1326     736    2062     736     7.4    1326     736    2062     736     7.4
perfect-square 5 12     0   31.59    3537    2130    5667    2130     8.0    3537    2130    5667    2130     8.0
perfect-square 5 12     0   13.62    1558     957    2515     957     8.9    1558     957    2515     957     8.9
perfect-square 5 12     0    3.90     300     135     435     135     7.5     300     135     435     135     7.5
perfect-square 5 12     0   11.22    1378     868    2246     868     8.3    1378     868    2246     868     8.3
perfect-square 5 12     0    8.36     802     439    1241     439     7.3     802     439    1241     439     7.3
perfect-square 5 12     0   16.42    1874    1128    3002    1128     7.5    1874    1128    3002    1128     7.5
perfect-square 5 12     0   35.15    4030    2480    6510    2480     8.1    4030    2480    6510    2480     8.1
perfect-square 5 12     0    6.20     671     371    1042     371     8.0     671     371    1042     371     8.0
perfect-square 5 16     0    7.83     752     416    1168     416     7.5     752     416    1168     416     7.5
perfect-square 5 16     0   12.00    1211     692    1903     692     8.3    1211     692    1903     692     8.3
perfect-square 5 16     0   18.36    1972    1144    3116    1144     8.3    1972    1144    3116    1144     8.3
perfect-square 5 16     0    6.93     658     349    1007     349     7.6     658     349    1007     349     7.6
perfect-square 5 16     0    4.09     369     188     557     188     8.6     369     188     557     188     8.6
perfect-square 5 16     0   21.16    2194    1311    3505    1311     8.7    2194    1311    3505    1311     8.7
perfect-square 5 16     0   10.70    1209     718    1927     718     7.8    1209     718    1927     718     7.8
perfect-square 5 16     0    7.68     766     440    1206     440     8.6     766     440    1206     440     8.6
perfect-square 5 16     0    7.64     719     397    1116     397     7.5     719     397    1116     397     7.5
perfect-square 5 16     0    7.10     770     457    1227     457     8.1     770     457    1227     457     8.1
perfect-square 5 16     0   31.29    3264    1862    5126    1862     8.1    3264    1862    5126    1862     8.1
perfect-square 5 16     0    5.10     468     239     707     239     6.5     468     239     707     239     6.5
perfect-square 5 16     0    2.36     216     107     323     107     6.6     216     107     323     107     6.6
perfect-square 5 16     0    7.05     610     310     920     310     8.0     610     310     920     310     8.0
perfect-square 5 16     0    6.62     779     485    1264     485     8.4     779     485    1264     485     8.4
perfect-square 5 16     0    3.89     409     230     639     230     7.3     409     230     639     230     7.3
perfect-square 5 16     0    4.25     418     227     645     227     9.3     418     227     645     227     9.3
perfect-square 5 16     0    4.92     518     290     808     290     8.3     518     290     808     290     8.3
perfect-square 5 16     0   34.68    3949    2385    6334    2385     8.2    3949    2385    6334    2385     8.2
perfect-square 5 16     0   34.72    3714    2206    5920    2206     8.4    3714    2206    5920    2206     8.4
perfect-square 5 16     0    2.73     229     110     339     110     7.2     229     110     339     110     7.2
perfect-square 5 16     0    2.44     242     134     376     134     7.9     242     134     376     134     7.9
perfect-square 5 16     0    6.18     661     384    1045     384     8.6     661     384    1045     384     8.6
perfect-square 5 16     0   10.34     983     542    1525     542     7.4     983     542    1525     542     7.4
perfect-square 5 16     0   42.35    4549    2733    7282    2733     8.0    4549    2733    7282    2733     8.0
perfect-square 5 16     0   22.00    2382    1457    3839    1457     8.1    2382    1457    3839    1457     8.1
perfect-square 5 16     0    8.10     802     449    1251     449     8.8     802     449    1251     449     8.8
perfect-square 5 16     0   25.77    2873    1720    4593    1720     7.8    2873    1720    4593    1720     7.8
perfect-square 5 16     0   34.29    3543    2062    5605    2062     7.9    3543    2062    5605    2062     7.9
perfect-square 5 16     0    7.01     724     404    1128     404     7.8     724     404    1128     404     7.8
perfect-square 5 16     0    8.46     906     509    1415     509     7.8     906     509    1415     509     7.8
perfect-square 5 16     0   16.13    1626     893    2519     893     7.9    1626     893    2519     893     7.9
perfect-square 5 16     0    9.20     997     595    1592     595     7.3     997     595    1592     595     7.3
perfect-square 5 16     0   10.85    1202     718    1920     718     8.6    1202     718    1920     718     8.6
perfect-square 5 16     0    2.32     196      96     292      96     7.9     196      96     292      96     7.9
perfect-square 5 16     0   13.73    1512     929    2441     929     8.3    1512     929    2441     929     8.3
perfect-square 5 16     0   14.58    1495     856    2351     856     7.2    1495     856    2351     856     7.2
perfect-square 5 16     0    3.38     291     138     429     138     7.6     291     138     429     138     7.6
perfect-square 5 16     0    9.97    1071     620    1691     620     8.5    1071     620    1691     620     8.5
perfect-square 5 16     0    3.24     322     179     501     179     7.2     322     179     501     179     7.2
perfect-square 5 16     0    3.15     287     150     437     150     7.9     287     150     437     150     7.9
perfect-square 5 16     0    3.53     345     176     521     176     8.3     345     176     521     176     8.3
perfect-square 5 16     0    9.06     922     523    1445     523     8.1     922     523    1445     523     8.1
perfect-square 5 16     0   27.55    3144    1924    5068    1924     8.2    3144    1924    5068    1924     8.2
perfect-square 5 16     0    6.30     660     398    1058     398     9.0     660     398    1058     398     9.0
perfect-square 5 16     0    5.28     532     290     822     290     7.7     532     290     822     290     7.7
perfect-square 5 16     0   16.14    1763    1049    2812    1049     7.6    1763    1049    2812    1049     7.6
perfect-square 5 16     0   13.81    1304     739    2043     739     8.6    1304     739    2043     739     8.6
perfect-square 5 16     0   19.05    1890    1060    2950    1060     7.4    1890    1060    2950    1060     7.4
perfect-square 5 16     0    6.65     701     428    1129     428     9.2     701     428    1129     428     9.2
