all-interval 50 4     0    0.03     150       4     198       4     1.2     150       4     198       4     1.2
all-interval 50 4     0    0.02      64       2      88       2     0.4      64       2      88       2     0.4
all-interval 50 4     0    0.02      57       1      69       1     0.3      57       1      69       1     0.3
all-interval 50 4     0    0.01      40       0      40       0     0.0      40       0      40       0     0.0
all-interval 50 4     0    0.02      90       2     114       2     0.1      90       2     114       2     0.1
all-interval 50 4     0    0.04     173       4     221       4     0.3     173       4     221       4     0.3
all-interval 50 4     0    0.06     375      20     615      20     1.4     375      20     615      20     1.4
all-interval 50 4     0    0.03     130       3     166       3     0.5     130       3     166       3     0.5
all-interval 50 4     0    0.03     139       6     211       6     1.3     139       6     211       6     1.3
all-interval 50 4     0    0.03     122       3     158       3     0.8     122       3     158       3     0.8
all-interval 50 4     0    0.03     109       2     133       2     0.3     109       2     133       2     0.3
all-interval 50 4     0    0.01      46       0      46       0     0.0      46       0      46       0     0.0
all-interval 50 4     0    0.03     129       3     165       3     0.7     129       3     165       3     0.7
all-interval 50 4     0    0.02      92       2     116       2     0.3      92       2     116       2     0.3
all-interval 50 4     0    0.05     237       8     333       8     0.8     237       8     333       8     0.8
all-interval 50 4     0    0.03     183       9     291       9     1.0     183       9     291       9     1.0
all-interval 50 4     0    0.02      77       1      89       1     0.1      77       1      89       1     0.1
all-interval 50 4     0    0.03     113       3     149       3     0.6     113       3     149       3     0.6
all-interval 50 4     0    0.05     288      11     420      11     0.8     288      11     420      11     0.8
all-interval 50 4     0    0.02      71       1      83       1     0.3      71       1      83       1     0.3
all-interval 50 4     0    0.04     162       5     222       5     0.2     162       5     222       5     0.2
all-interval 50 4     0    0.02     118       4     166       4     1.3     118       4     166       4     1.3
all-interval 50 4     0    0.01      35       0      35       0     0.0      35       0      35       0     0.0
all-interval 50 4     0    0.03     135       3     171       3     0.5     135       3     171       3     0.5
all-interval 50 4     0    0.04     206       6     278       6     1.5     206       6     278       6     1.5
all-interval 50 4     0    0.04     157       4     205       4     1.0     157       4     205       4     1.0
all-interval 50 4     0    0.01      51       1      63       1     0.7      51       1      63       1     0.7
all-interval 50 4     0    0.07     370      10     490      10     0.8     370      10     490      10     0.8
all-interval 50 4     0    0.03     142       3     178       3     0.9     142       3     178       3     0.9
all-interval 50 4     0    0.08     443      14     611      14     0.8     443      14     611      14     0.8
all-interval 50 8     0    0.03      87       2     111       2     0.5      87       2     111       2     0.5
all-interval 50 8     0    0.02      57       1      69       1     0.1      57       1      69       1     0.1
all-interval 50 8     0    0.03     113       2     137       2     0.7     113       2     137       2     0.7
all-interval 50 8     0    0.02      46       0      46       0     0.0      46       0      46       0     0.0
all-interval 50 8     0    0.03      94       3     130       3     0.4      94       3     130       3     0.4
all-interval 50 8     0    0.04     152       4     200       4     0.9     152       4     200       4     0.9
all-interval 50 8     0    0.02      68       1      80       1     0.7      68       1      80       1     0.7
all-interval 50 8     0    0.03     143       4     191       4     0.9     143       4     191       4     0.9
all-interval 50 8     0    0.03     115       4     163       4     3.0     115       4     163       4     3.0
all-interval 50 8     0    0.03      96       2     120       2     0.1      96       2     120       2     0.1
all-interval 50 8     0    0.06     282      13     438      13     1.6     282      13     438      13     1.6
all-interval 50 8     0    0.02      71       1      83       1     0.5      71       1      83       1     0.5
all-interval 50 8     0    0.01      40       0      40       0     0.0      40       0      40       0     0.0
all-interval 50 8     0    0.03     110       3     146       3     0.5     110       3     146       3     0.5
all-interval 50 8     0    0.02      41       0      41       0     0.0      41       0      41       0     0.0
all-interval 50 8     0    0.03     104       2     128       2     0.3     104       2     128       2     0.3
all-interval 50 8     0    0.04     189      11     321      11     2.0     189      11     321      11     2.0
all-interval 50 8     0    0.05     227       9     335       9     1.9     227       9     335       9     1.9
all-interval 50 8     0    0.03     108       2     132       2     0.8     108       2     132       2     0.8
all-interval 50 8     0    0.04     174       7     258       7     1.4     174       7     258       7     1.4
all-interval 50 8     0    0.03     102       3     138       3     2.1     102       3     138       3     2.1
all-interval 50 8     0    0.02      67       1      79       1     0.0      67       1      79       1     0.0
all-interval 50 8     0    0.03      87       2     111       2     0.6      87       2     111       2     0.6
all-interval 50 8     0    0.03      83       2     107       2     0.7      83       2     107       2     0.7
all-interval 50 8     0    0.02      46       0      46       0     0.0      46       0      46       0     0.0
all-interval 50 8     0    0.03     109       2     133       2     0.4     109       2     133       2     0.4
all-interval 50 8     0    0.02      69       1      81       1     0.6      69       1      81       1     0.6
all-interval 50 8     0    0.03     132       3     168       3     0.9     132       3     168       3     0.9
all-interval 50 8     0    0.03     100       2     124       2     0.5     100       2     124       2     0.5
all-interval 50 8     0    0.02      62       3      98       3     2.1      62       3      98       3     2.1
all-interval 50 16     0    0.03      63       1      75       1     0.0      63       1      75       1     0.0
all-interval 50 16     0    0.03      67       1      79       1     0.6      67       1      79       1     0.6
all-interval 50 16     0    0.04      89       1     101       1     0.0      89       1     101       1     0.0
all-interval 50 16     0    0.03      65       1      77       1     0.6      65       1      77       1     0.6
all-interval 50 16     0    0.03      56       1      68       1     0.8      56       1      68       1     0.8
all-interval 50 16     0    0.03      62       1      74       1     0.5      62       1      74       1     0.5
all-interval 50 16     0    0.04      97       2     121       2     0.5      97       2     121       2     0.5
all-interval 50 16     0    0.03      68       1      80       1     1.9      68       1      80       1     1.9
all-interval 50 16     0    0.04     101       2     125       2     1.3     101       2     125       2     1.3
all-interval 50 16     0    0.03      68       2      92       2     0.7      68       2      92       2     0.7
all-interval 50 16     0    0.04      73       1      85       1     0.5      73       1      85       1     0.5
all-interval 50 16     0    0.04      78       2     102       2     0.9      78       2     102       2     0.9
all-interval 50 16     0    0.03      74       1      86       1     0.6      74       1      86       1     0.6
all-interval 50 16     0    0.03      58       1      70       1     0.1      58       1      70       1     0.1
all-interval 50 16     0    0.03      42       0      42       0     0.1      42       0      42       0     0.1
all-interval 50 16     0    0.04      93       3     129       3     0.8      93       3     129       3     0.8
all-interval 50 16     0    0.04     108       2     132       2     0.1     108       2     132       2     0.1
all-interval 50 16     0    0.04     150       5     210       5     0.5     150       5     210       5     0.5
all-interval 50 16     0    0.04     101       2     125       2     0.5     101       2     125       2     0.5
all-interval 50 16     0    0.03      56       1      68       1     0.5      56       1      68       1     0.5
all-interval 50 16     0    0.03      50       1      62       1     0.4      50       1      62       1     0.4
all-interval 50 16     0    0.04     121       3     157       3     0.7     121       3     157       3     0.7
all-interval 50 16     0    0.03      69       1      81       1     0.1      69       1      81       1     0.1
all-interval 50 16     0    0.03      44       0      44       0     0.0      44       0      44       0     0.0
all-interval 50 16     0    0.04      81       1      93       1     0.4      81       1      93       1     0.4
all-interval 50 16     0    0.04     110       3     146       3     0.9     110       3     146       3     0.9
all-interval 50 16     0    0.03      52       1      64       1     0.6      52       1      64       1     0.6
all-interval 50 16     0    0.03      80       2     104       2     0.6      80       2     104       2     0.6
all-interval 50 16     0    0.03      69       2      93       2     0.9      69       2      93       2     0.9
all-interval 50 16     0    0.03      65       1      77       1     0.3      65       1      77       1     0.3
all-interval 100 4     0    1.14    1410      30    2130      30     1.8    1410      30    2130      30     1.8
all-interval 100 4     0    0.63     700      11     964      11     0.5     700      11     964      11     0.5
all-interval 100 4     0    0.43     491       9     707       9     1.5     491       9     707       9     1.5
all-interval 100 4     0    0.64     753      15    1113      15     1.2     753      15    1113      15     1.2
all-interval 100 4     0    0.21     243       3     315       3     1.1     243       3     315       3     1.1
all-interval 100 4     0    1.21    1417      30    2137      30     1.6    1417      30    2137      30     1.6
all-interval 100 4     0    0.15     146       2     194       2     0.9     146       2     194       2     0.9
all-interval 100 4     0    0.63     788      22    1316      22     2.1     788      22    1316      22     2.1
all-interval 100 4     0    0.80    1055      26    1679      26     2.4    1055      26    1679      26     2.4
all-interval 100 4     0    0.23     292      13     604      13     3.3     292      13     604      13     3.3
all-interval 100 4     0    0.81     976      20    1456      20     1.4     976      20    1456      20     1.4
all-interval 100 4     0    0.54     647      12     935      12     1.3     647      12     935      12     1.3
all-interval 100 4     0    0.57     683      14    1019      14     1.8     683      14    1019      14     1.8
all-interval 100 4     0    0.21     171       1     195       1     0.1     171       1     195       1     0.1
all-interval 100 4     0    0.36     450       8     642       8     1.4     450       8     642       8     1.4
all-interval 100 4     0    1.23    1506      39    2442      39     2.1    1506      39    2442      39     2.1
all-interval 100 4     0    0.64     674      12     962      12     1.3     674      12     962      12     1.3
all-interval 100 4     0    0.32     394       9     610       9     1.8     394       9     610       9     1.8
all-interval 100 4     0    0.72     825      17    1233      17     1.5     825      17    1233      17     1.5
all-interval 100 4     0    0.17     179       2     227       2     0.6     179       2     227       2     0.6
all-interval 100 4     0    0.58     635      14     971      14     0.8     635      14     971      14     0.8
all-interval 100 4     0    0.96    1237      31    1981      31     2.0    1237      31    1981      31     2.0
all-interval 100 4     0    0.23     257       5     377       5     1.1     257       5     377       5     1.1
all-interval 100 4     0    0.39     480      10     720      10     1.9     480      10     720      10     1.9
all-interval 100 4     0    0.51     660      15    1020      15     1.2     660      15    1020      15     1.2
all-interval 100 4     0    0.35     427      11     691      11     2.0     427      11     691      11     2.0
all-interval 100 4     0    0.21     201       3     273       3     2.1     201       3     273       3     2.1
all-interval 100 4     0    0.13      93       0      93       0     0.0      93       0      93       0     0.0
all-interval 100 4     0    0.33     377       8     569       8     1.8     377       8     569       8     1.8
all-interval 100 4     0    1.02    1252      29    1948      29     1.8    1252      29    1948      29     1.8
all-interval 100 8     0    0.39     487      12     775      12     2.1     487      12     775      12     2.1
all-interval 100 8     0    0.69     684      10     924      10     1.2     684      10     924      10     1.2
all-interval 100 8     0    0.18     161       2     209       2     0.3     161       2     209       2     0.3
all-interval 100 8     0    0.14     136       2     184       2     0.2     136       2     184       2     0.2
all-interval 100 8     0    0.68    1024      31    1768      31     2.4    1024      31    1768      31     2.4
all-interval 100 8     0    0.15     144       4     240       4     1.1     144       4     240       4     1.1
all-interval 100 8     0    0.21     194       4     290       4     1.3     194       4     290       4     1.3
all-interval 100 8     0    0.36     406       7     574       7     1.2     406       7     574       7     1.2
all-interval 100 8     0    0.28     336       7     504       7     1.1     336       7     504       7     1.1
all-interval 100 8     0    0.18     171       2     219       2     0.8     171       2     219       2     0.8
all-interval 100 8     0    0.21     227       3     299       3     0.8     227       3     299       3     0.8
all-interval 100 8     0    0.32     359       5     479       5     0.6     359       5     479       5     0.6
all-interval 100 8     0    0.44     498      10     738      10     1.3     498      10     738      10     1.3
all-interval 100 8     0    0.30     241       2     289       2     0.3     241       2     289       2     0.3
all-interval 100 8     0    0.15     129       2     177       2     0.9     129       2     177       2     0.9
all-interval 100 8     0    0.16     164       4     260       4     2.5     164       4     260       4     2.5
all-interval 100 8     0    0.80    1027      25    1627      25     1.7    1027      25    1627      25     1.7
all-interval 100 8     0    0.18     150       1     174       1     0.6     150       1     174       1     0.6
all-interval 100 8     0    0.16     137       1     161       1     0.6     137       1     161       1     0.6
all-interval 100 8     0    0.60     682      12     970      12     1.6     682      12     970      12     1.6
all-interval 100 8     0    0.44     531      11     795      11     2.6     531      11     795      11     2.6
all-interval 100 8     0    0.13      96       0      96       0     0.0      96       0      96       0     0.0
all-interval 100 8     0    0.79    1011      25    1611      25     1.9    1011      25    1611      25     1.9
all-interval 100 8     0    0.44     498      12     786      12     2.1     498      12     786      12     2.1
all-interval 100 8     0    0.41     503      11     767      11     1.8     503      11     767      11     1.8
all-interval 100 8     0    0.41     488       9     704       9     2.0     488       9     704       9     2.0
all-interval 100 8     0    0.20     220       5     340       5     1.2     220       5     340       5     1.2
all-interval 100 8     0    0.32     412      10     652      10     1.3     412      10     652      10     1.3
all-interval 100 8     0    0.27     242       3     314       3     0.9     242       3     314       3     0.9
all-interval 100 8     0    0.20     182       2     230       2     0.3     182       2     230       2     0.3
all-interval 100 16     0    0.16     143       1     167       1     0.2     143       1     167       1     0.2
all-interval 100 16     0    0.30     300       5     420       5     2.0     300       5     420       5     2.0
all-interval 100 16     0    0.52     603      13     915      13     2.0     603      13     915      13     2.0
all-interval 100 16     0    0.21     258       8     450       8     2.0     258       8     450       8     2.0
all-interval 100 16     0    0.15     105       1     129       1     0.3     105       1     129       1     0.3
all-interval 100 16     0    0.20     163       2     211       2     0.8     163       2     211       2     0.8
all-interval 100 16     0    0.15     121       1     145       1     0.1     121       1     145       1     0.1
all-interval 100 16     0    0.27     296       5     416       5     1.1     296       5     416       5     1.1
all-interval 100 16     0    0.20     194       3     266       3     0.2     194       3     266       3     0.2
all-interval 100 16     0    0.21     221       4     317       4     0.9     221       4     317       4     0.9
all-interval 100 16     0    0.17     139       2     187       2     1.0     139       2     187       2     1.0
all-interval 100 16     0    0.18     154       2     202       2     1.2     154       2     202       2     1.2
all-interval 100 16     0    0.22     171       1     195       1     0.3     171       1     195       1     0.3
all-interval 100 16     0    0.16     126       1     150       1     0.8     126       1     150       1     0.8
all-interval 100 16     0    0.20     194       4     290       4     1.3     194       4     290       4     1.3
all-interval 100 16     0    0.25     254       5     374       5     2.3     254       5     374       5     2.3
all-interval 100 16     0    0.17     148       1     172       1     0.1     148       1     172       1     0.1
all-interval 100 16     0    0.17     132       2     180       2     0.7     132       2     180       2     0.7
all-interval 100 16     0    0.36     438       9     654       9     0.9     438       9     654       9     0.9
all-interval 100 16     0    0.21     153       1     177       1     0.0     153       1     177       1     0.0
all-interval 100 16     0    0.36     357       4     453       4     0.2     357       4     453       4     0.2
all-interval 100 16     0    0.34     396       7     564       7     1.5     396       7     564       7     1.5
all-interval 100 16     0    0.23     200       2     248       2     0.2     200       2     248       2     0.2
all-interval 100 16     0    0.15     126       1     150       1     0.7     126       1     150       1     0.7
all-interval 100 16     0    0.28     300       6     444       6     1.3     300       6     444       6     1.3
all-interval 100 16     0    0.18     158       1     182       1     0.3     158       1     182       1     0.3
all-interval 100 16     0    0.26     257       3     329       3     0.6     257       3     329       3     0.6
all-interval 100 16     0    0.18     171       3     243       3     1.6     171       3     243       3     1.6
all-interval 100 16     0    0.14     109       1     133       1     0.0     109       1     133       1     0.0
all-interval 100 16     0    0.13     145       2     193       2     2.2     145       2     193       2     2.2
all-interval 150 4     0    7.93    3439      52    5363      52     1.8    3439      52    5363      52     1.8
all-interval 150 4     0    4.68    2598      46    4300      46     1.6    2598      46    4300      46     1.6
all-interval 150 4     0    1.95     993      17    1622      17     1.9     993      17    1622      17     1.9
all-interval 150 4     0    3.80    1937      33    3158      33     1.7    1937      33    3158      33     1.7
all-interval 150 4     0    1.18     459       5     644       5     0.6     459       5     644       5     0.6
all-interval 150 4     0    3.23    1787      30    2897      30     1.5    1787      30    2897      30     1.5
all-interval 150 4     0    1.89     736      10    1106      10     0.9     736      10    1106      10     0.9
all-interval 150 4     0    0.68     210       1     247       1     0.7     210       1     247       1     0.7
all-interval 150 4     0    1.19     456       5     641       5     0.9     456       5     641       5     0.9
all-interval 150 4     0    2.18     904      11    1311      11     1.3     904      11    1311      11     1.3
all-interval 150 4     0    1.91     820      13    1301      13     2.2     820      13    1301      13     2.2
all-interval 150 4     0    3.33    1257      14    1775      14     1.0    1257      14    1775      14     1.0
all-interval 150 4     0    2.48    1315      24    2203      24     1.7    1315      24    2203      24     1.7
all-interval 150 4     0   10.09    4656      78    7542      78     1.4    4656      78    7542      78     1.4
all-interval 150 4     0    3.24    1414      20    2154      20     1.3    1414      20    2154      20     1.3
all-interval 150 4     0    1.92     851      10    1221      10     1.3     851      10    1221      10     1.3
all-interval 150 4     0    3.20    1568      34    2826      34     3.0    1568      34    2826      34     3.0
all-interval 150 4     0    4.36    1983      33    3204      33     1.4    1983      33    3204      33     1.4
all-interval 150 4     0    1.52     598       9     931       9     1.9     598       9     931       9     1.9
all-interval 150 4     0    4.84    2758      61    5015      61     2.4    2758      61    5015      61     2.4
all-interval 150 4     0    3.22    1562      27    2561      27     1.6    1562      27    2561      27     1.6
all-interval 150 4     0    2.31     803       9    1136       9     2.2     803       9    1136       9     2.2
all-interval 150 4     0    1.62     610       7     869       7     1.7     610       7     869       7     1.7
all-interval 150 4     0    2.69    1429      27    2428      27     1.6    1429      27    2428      27     1.6
all-interval 150 4     0    1.11     337       2     411       2     0.2     337       2     411       2     0.2
all-interval 150 4     0    1.91     994      15    1549      15     2.0     994      15    1549      15     2.0
all-interval 150 4     0    0.54     143       0     143       0     0.0     143       0     143       0     0.0
all-interval 150 4     0    0.54     144       0     144       0     0.0     144       0     144       0     0.0
all-interval 150 4     0    1.59     706      13    1187      13     2.1     706      13    1187      13     2.1
all-interval 150 4     0    7.04    3596      63    5927      63     2.2    3596      63    5927      63     2.2
all-interval 150 8     0    0.88     339       3     450       3     0.2     339       3     450       3     0.2
all-interval 150 8     0    0.58     175       1     212       1     0.2     175       1     212       1     0.2
all-interval 150 8     0    2.20    1275      28    2311      28     2.0    1275      28    2311      28     2.0
all-interval 150 8     0    0.62     195       1     232       1     0.7     195       1     232       1     0.7
all-interval 150 8     0    0.63     239       3     350       3     1.3     239       3     350       3     1.3
all-interval 150 8     0    3.74    2116      40    3596      40     1.8    2116      40    3596      40     1.8
all-interval 150 8     0    1.97     894      11    1301      11     1.2     894      11    1301      11     1.2
all-interval 150 8     0    1.41     546       6     768       6     0.9     546       6     768       6     0.9
all-interval 150 8     0    1.70     649       8     945       8     0.8     649       8     945       8     0.8
all-interval 150 8     0    1.73     736      13    1217      13     2.1     736      13    1217      13     2.1
all-interval 150 8     0    1.82     708       9    1041       9     1.7     708       9    1041       9     1.7
all-interval 150 8     0    1.48     613       8     909       8     1.1     613       8     909       8     1.1
all-interval 150 8     0    1.05     335       2     409       2     0.6     335       2     409       2     0.6
all-interval 150 8     0    1.22     449       4     597       4     0.6     449       4     597       4     0.6
all-interval 150 8     0    1.46     789      15    1344      15     1.4     789      15    1344      15     1.4
all-interval 150 8     0    1.83     792      10    1162      10     1.1     792      10    1162      10     1.1
all-interval 150 8     0    1.13     502       9     835       9     2.3     502       9     835       9     2.3
all-interval 150 8     0    3.74    1611      24    2499      24     1.6    1611      24    2499      24     1.6
all-interval 150 8     0    1.15     519       8     815       8     1.6     519       8     815       8     1.6
all-interval 150 8     0    1.71     592       8     888       8     1.3     592       8     888       8     1.3
all-interval 150 8     0    2.42    1183      22    1997      22     1.9    1183      22    1997      22     1.9
all-interval 150 8     0    2.93    1331      19    2034      19     1.6    1331      19    2034      19     1.6
all-interval 150 8     0    1.02     328       2     402       2     0.5     328       2     402       2     0.5
all-interval 150 8     0    0.99     302       2     376       2     1.3     302       2     376       2     1.3
all-interval 150 8     0    0.96     267       1     304       1     0.5     267       1     304       1     0.5
all-interval 150 8     0    2.74    1574      33    2795      33     2.5    1574      33    2795      33     2.5
all-interval 150 8     0    1.34     666      12    1110      12     1.8     666      12    1110      12     1.8
all-interval 150 8     0    1.67     696       9    1029       9     0.7     696       9    1029       9     0.7
all-interval 150 8     0    5.43    2884      51    4771      51     2.1    2884      51    4771      51     2.1
all-interval 150 8     0    2.70    1454      29    2527      29     1.9    1454      29    2527      29     1.9
all-interval 150 16     0    0.75     369       8     665       8     1.6     369       8     665       8     1.6
all-interval 150 16     0    1.48     587       7     846       7     1.1     587       7     846       7     1.1
all-interval 150 16     0    0.61     240       2     314       2     2.2     240       2     314       2     2.2
all-interval 150 16     0    1.20     470       5     655       5     1.4     470       5     655       5     1.4
all-interval 150 16     0    1.25     474       6     696       6     2.3     474       6     696       6     2.3
all-interval 150 16     0    1.57     590       8     886       8     0.9     590       8     886       8     0.9
all-interval 150 16     0    0.92     329       3     440       3     0.5     329       3     440       3     0.5
all-interval 150 16     0    1.21     517       9     850       9     0.5     517       9     850       9     0.5
all-interval 150 16     0    1.06     447       5     632       5     0.6     447       5     632       5     0.6
all-interval 150 16     0    0.88     398       5     583       5     1.3     398       5     583       5     1.3
all-interval 150 16     0    0.69     275       2     349       2     1.2     275       2     349       2     1.2
all-interval 150 16     0    1.04     384       7     643       7     1.6     384       7     643       7     1.6
all-interval 150 16     0    0.63     244       3     355       3     1.2     244       3     355       3     1.2
all-interval 150 16     0    0.67     214       1     251       1     0.1     214       1     251       1     0.1
all-interval 150 16     0    0.66     189       1     226       1     0.5     189       1     226       1     0.5
all-interval 150 16     0    0.65     206       1     243       1     0.2     206       1     243       1     0.2
all-interval 150 16     0    1.21     436       5     621       5     1.6     436       5     621       5     1.6
all-interval 150 16     0    1.94     933      18    1599      18     1.8     933      18    1599      18     1.8
all-interval 150 16     0    0.97     320       3     431       3     1.8     320       3     431       3     1.8
all-interval 150 16     0    1.37     701      12    1145      12     1.4     701      12    1145      12     1.4
all-interval 150 16     0    1.44     593       6     815       6     0.9     593       6     815       6     0.9
all-interval 150 16     0    0.97     371       4     519       4     0.7     371       4     519       4     0.7
all-interval 150 16     0    1.17     484       8     780       8     2.3     484       8     780       8     2.3
all-interval 150 16     0    1.16     424       5     609       5     2.1     424       5     609       5     2.1
all-interval 150 16     0    0.83     252       1     289       1     0.2     252       1     289       1     0.2
all-interval 150 16     0    0.71     292       4     440       4     0.9     292       4     440       4     0.9
all-interval 150 16     0    0.73     268       2     342       2     0.8     268       2     342       2     0.8
all-interval 150 16     0    0.81     247       1     284       1     0.5     247       1     284       1     0.5
all-interval 150 16     0    0.64     200       1     237       1     0.2     200       1     237       1     0.2
all-interval 150 16     0    0.62     218       2     292       2     2.6     218       2     292       2     2.6
all-interval 200 4     0    3.22     578       4     774       4     1.3     578       4     774       4     1.3
all-interval 200 4     0   19.72    4685      65    7870      65     1.9    4685      65    7870      65     1.9
all-interval 200 4     0    3.26     614       7     957       7     0.9     614       7     957       7     0.9
all-interval 200 4     0   10.06    2738      46    4992      46     3.0    2738      46    4992      46     3.0
all-interval 200 4     0   13.43    2668      27    3991      27     1.3    2668      27    3991      27     1.3
all-interval 200 4     0   12.85    3332      48    5684      48     2.1    3332      48    5684      48     2.1
all-interval 200 4     0    4.02     995      14    1681      14     1.3     995      14    1681      14     1.3
all-interval 200 4     0    3.83     967      15    1702      15     3.4     967      15    1702      15     3.4
all-interval 200 4     0    4.18     959      11    1498      11     2.3     959      11    1498      11     2.3
all-interval 200 4     0   11.83    3229      50    5679      50     2.7    3229      50    5679      50     2.7
all-interval 200 4     0    4.30    1060      14    1746      14     1.7    1060      14    1746      14     1.7
all-interval 200 4     0    6.84    1389      17    2222      17     2.0    1389      17    2222      17     2.0
all-interval 200 4     0    7.14    2072      34    3738      34     3.3    2072      34    3738      34     3.3
all-interval 200 4     0    2.42     469       6     763       6     0.9     469       6     763       6     0.9
all-interval 200 4     0   21.21    4855      69    8236      69     2.0    4855      69    8236      69     2.0
all-interval 200 4     0    4.04     965      10    1455      10     1.2     965      10    1455      10     1.2
all-interval 200 4     0    4.43     770       9    1211       9     1.4     770       9    1211       9     1.4
all-interval 200 4     0    6.97    1548      21    2577      21     2.0    1548      21    2577      21     2.0
all-interval 200 4     0    7.46    1788      22    2866      22     2.2    1788      22    2866      22     2.2
all-interval 200 4     0   15.46    3763      56    6507      56     1.9    3763      56    6507      56     1.9
all-interval 200 4     0   10.28    1714      14    2400      14     1.5    1714      14    2400      14     1.5
all-interval 200 4     0    1.98     336       2     434       2     0.9     336       2     434       2     0.9
all-interval 200 4     0   13.80    3333      40    5293      40     2.1    3333      40    5293      40     2.1
all-interval 200 4     0    3.82    1045      17    1878      17     2.3    1045      17    1878      17     2.3
all-interval 200 4     0    2.46     384       2     482       2     0.1     384       2     482       2     0.1
all-interval 200 4     0    9.10    1991      30    3461      30     2.4    1991      30    3461      30     2.4
all-interval 200 4     0   26.78    6909      94   11515      94     2.3    6909      94   11515      94     2.3
all-interval 200 4     0    2.73     425       2     523       2     0.6     425       2     523       2     0.6
all-interval 200 4     0    6.53    1548      20    2528      20     2.1    1548      20    2528      20     2.1
all-interval 200 4     0    1.72     277       1     326       1     0.3     277       1     326       1     0.3
all-interval 200 8     0    1.92     298       1     347       1     0.2     298       1     347       1     0.2
all-interval 200 8     0    2.79     528       4     724       4     1.0     528       4     724       4     1.0
all-interval 200 8     0    4.80     868       7    1211       7     0.9     868       7    1211       7     0.9
all-interval 200 8     0    3.72     848      10    1338      10     1.6     848      10    1338      10     1.6
all-interval 200 8     0    2.33     518       6     812       6     1.5     518       6     812       6     1.5
all-interval 200 8     0   12.08    3690      65    6875      65     2.4    3690      65    6875      65     2.4
all-interval 200 8     0    9.58    2147      24    3323      24     1.4    2147      24    3323      24     1.4
all-interval 200 8     0   10.73    2871      46    5125      46     2.5    2871      46    5125      46     2.5
all-interval 200 8     0    4.60    1077      12    1665      12     2.4    1077      12    1665      12     2.4
all-interval 200 8     0    5.90    1413      20    2393      20     1.7    1413      20    2393      20     1.7
all-interval 200 8     0    7.37    1739      21    2768      21     2.4    1739      21    2768      21     2.4
all-interval 200 8     0    4.78    1004      10    1494      10     1.6    1004      10    1494      10     1.6
all-interval 200 8     0    8.84    2180      28    3552      28     2.4    2180      28    3552      28     2.4
all-interval 200 8     0    8.33    2200      31    3719      31     1.9    2200      31    3719      31     1.9
all-interval 200 8     0    2.19     319       1     368       1     0.3     319       1     368       1     0.3
all-interval 200 8     0    3.78     847      10    1337      10     1.6     847      10    1337      10     1.6
all-interval 200 8     0    7.37    1739      21    2768      21     2.4    1739      21    2768      21     2.4
all-interval 200 8     0    6.82    1872      28    3244      28     1.9    1872      28    3244      28     1.9
all-interval 200 8     0    6.61    1807      24    2983      24     2.4    1807      24    2983      24     2.4
all-interval 200 8     0    2.87     403       2     501       2     0.2     403       2     501       2     0.2
all-interval 200 8     0    8.94    2096      24    3272      24     1.8    2096      24    3272      24     1.8
all-interval 200 8     0    7.09    1671      20    2651      20     1.7    1671      20    2651      20     1.7
all-interval 200 8     0    1.71     267       2     365       2     1.4     267       2     365       2     1.4
all-interval 200 8     0    1.65     208       1     257       1     0.1     208       1     257       1     0.1
all-interval 200 8     0    9.18    1760      19    2691      19     1.8    1760      19    2691      19     1.8
all-interval 200 8     0    3.62     737       8    1129       8     1.2     737       8    1129       8     1.2
all-interval 200 8     0    7.14    1915      29    3336      29     1.9    1915      29    3336      29     1.9
all-interval 200 8     0    4.27     876       9    1317       9     1.3     876       9    1317       9     1.3
all-interval 200 8     0    2.84     433       4     629       4     3.3     433       4     629       4     3.3
all-interval 200 8     0    3.66     686      10    1176      10     2.6     686      10    1176      10     2.6
all-interval 200 16     0    2.47     495       4     691       4     1.3     495       4     691       4     1.3
all-interval 200 16     0    2.38     474       6     768       6     1.7     474       6     768       6     1.7
all-interval 200 16     0    7.93    2058      30    3528      30     2.8    2058      30    3528      30     2.8
all-interval 200 16     0    3.10     712       9    1153       9     1.0     712       9    1153       9     1.0
all-interval 200 16     0    1.75     278       3     425       3     3.2     278       3     425       3     3.2
all-interval 200 16     0    2.28     430       4     626       4     1.2     430       4     626       4     1.2
all-interval 200 16     0    4.26    1059      14    1745      14     2.3    1059      14    1745      14     2.3
all-interval 200 16     0    6.37    1589      20    2569      20     1.8    1589      20    2569      20     1.8
all-interval 200 16     0    2.59     639       9    1080       9     1.5     639       9    1080       9     1.5
all-interval 200 16     0    5.70    1360      18    2242      18     1.6    1360      18    2242      18     1.6
all-interval 200 16     0    2.85     476       3     623       3     0.7     476       3     623       3     0.7
all-interval 200 16     0    3.81     800      10    1290      10     1.4     800      10    1290      10     1.4
all-interval 200 16     0    2.81     492       3     639       3     1.0     492       3     639       3     1.0
all-interval 200 16     0    5.93    1423      19    2354      19     1.2    1423      19    2354      19     1.2
all-interval 200 16     0    3.65     598       4     794       4     0.2     598       4     794       4     0.2
all-interval 200 16     0    8.26    2238      33    3855      33     2.0    2238      33    3855      33     2.0
all-interval 200 16     0    8.31    1686      14    2372      14     1.7    1686      14    2372      14     1.7
all-interval 200 16     0    1.98     328       3     475       3     1.9     328       3     475       3     1.9
all-interval 200 16     0    3.98     801       8    1193       8     1.5     801       8    1193       8     1.5
all-interval 200 16     0    1.92     376       5     621       5     1.8     376       5     621       5     1.8
all-interval 200 16     0    9.24    2327      33    3944      33     2.1    2327      33    3944      33     2.1
all-interval 200 16     0    6.44    1761      23    2888      23     1.6    1761      23    2888      23     1.6
all-interval 200 16     0    4.45     885       9    1326       9     1.9     885       9    1326       9     1.9
all-interval 200 16     0    2.09     306       1     355       1     0.1     306       1     355       1     0.1
all-interval 200 16     0    4.52    1022      16    1806      16     3.0    1022      16    1806      16     3.0
all-interval 200 16     0    1.66     279       4     475       4     3.8     279       4     475       4     3.8
all-interval 200 16     0    4.42    1149      18    2031      18     2.6    1149      18    2031      18     2.6
all-interval 200 16     0    7.92    1572      17    2405      17     1.4    1572      17    2405      17     1.4
all-interval 200 16     0    1.50     274       3     421       3     1.8     274       3     421       3     1.8
all-interval 200 16     0    9.66    2328      30    3798      30     1.7    2328      30    3798      30     1.7
all-interval 250 4     0    7.57     829       6    1201       6     1.1     829       6    1201       6     1.1
all-interval 250 4     0   24.39    3253      35    5423      35     1.8    3253      35    5423      35     1.8
all-interval 250 4     0    8.71     648       2     772       2     0.3     648       2     772       2     0.3
all-interval 250 4     0    9.48    1466      18    2582      18     3.0    1466      18    2582      18     3.0
all-interval 250 4     0   26.91    3868      43    6534      43     2.4    3868      43    6534      43     2.4
all-interval 250 4     0   18.38    2157      19    3335      19     1.4    2157      19    3335      19     1.4
all-interval 250 4     0   25.70    4263      63    8169      63     2.0    4263      63    8169      63     2.0
all-interval 250 4     0    7.62    1056      10    1676      10     3.3    1056      10    1676      10     3.3
all-interval 250 4     0    8.86     975       7    1409       7     0.8     975       7    1409       7     0.8
all-interval 250 4     0   16.95    2590      30    4450      30     2.1    2590      30    4450      30     2.1
all-interval 250 4     0   26.76    3815      42    6419      42     2.1    3815      42    6419      42     2.1
all-interval 250 4     0   22.91    2633      25    4183      25     1.5    2633      25    4183      25     1.5
all-interval 250 4     0   54.24    8665     105   15175     105     2.2    8665     105   15175     105     2.2
all-interval 250 4     0    9.69    1468      23    2894      23     3.2    1468      23    2894      23     3.2
all-interval 250 4     0   35.54    5402      62    9246      62     2.0    5402      62    9246      62     2.0
all-interval 250 4     0   23.67    3483      40    5963      40     2.0    3483      40    5963      40     2.0
all-interval 250 4     0   40.64    6444      76   11156      76     2.0    6444      76   11156      76     2.0
all-interval 250 4     0   20.19    3189      37    5483      37     1.9    3189      37    5483      37     1.9
all-interval 250 4     0   28.07    4734      71    9136      71     2.9    4734      71    9136      71     2.9
all-interval 250 4     0    4.94     413       2     537       2     0.8     413       2     537       2     0.8
all-interval 250 4     0    8.61    1122      11    1804      11     1.4    1122      11    1804      11     1.4
all-interval 250 4     0   23.80    2141      14    3009      14     0.9    2141      14    3009      14     0.9
all-interval 250 4     0    7.29     903       7    1337       7     1.6     903       7    1337       7     1.6
all-interval 250 4     0   10.25    1154       8    1650       8     0.9    1154       8    1650       8     0.9
all-interval 250 4     0   31.43    4325      50    7425      50     2.4    4325      50    7425      50     2.4
all-interval 250 4     0   20.28    2936      41    5478      41     2.6    2936      41    5478      41     2.6
all-interval 250 4     0    4.70     609      10    1229      10     3.1     609      10    1229      10     3.1
all-interval 250 4     0   29.00    4171      57    7705      57     2.7    4171      57    7705      57     2.7
all-interval 250 4     0   22.82    3378      40    5858      40     1.8    3378      40    5858      40     1.8
all-interval 250 4     0   19.14    2980      39    5398      39     2.4    2980      39    5398      39     2.4
all-interval 250 8     0    5.96     741       7    1175       7     1.1     741       7    1175       7     1.1
all-interval 250 8     0   11.20    1761      19    2939      19     2.1    1761      19    2939      19     2.1
all-interval 250 8     0    4.29     352       1     414       1     0.2     352       1     414       1     0.2
all-interval 250 8     0    3.69     265       1     327       1     0.5     265       1     327       1     0.5
all-interval 250 8     0    7.59    1298      24    2786      24     3.5    1298      24    2786      24     3.5
all-interval 250 8     0   11.85    1695      20    2935      20     2.2    1695      20    2935      20     2.2
all-interval 250 8     0   11.96    1227       9    1785       9     1.3    1227       9    1785       9     1.3
all-interval 250 8     0    6.66     810       7    1244       7     0.8     810       7    1244       7     0.8
all-interval 250 8     0    5.74     582       4     830       4     1.5     582       4     830       4     1.5
all-interval 250 8     0    6.10     634       5     944       5     1.2     634       5     944       5     1.2
all-interval 250 8     0   23.77    3591      45    6381      45     2.0    3591      45    6381      45     2.0
all-interval 250 8     0    6.23     816       9    1374       9     1.5     816       9    1374       9     1.5
all-interval 250 8     0   14.26    1711      19    2889      19     2.1    1711      19    2889      19     2.1
all-interval 250 8     0    3.84     300       1     362       1     0.3     300       1     362       1     0.3
all-interval 250 8     0    5.58     630       5     940       5     2.0     630       5     940       5     2.0
all-interval 250 8     0   24.56    2494      20    3734      20     1.3    2494      20    3734      20     1.3
all-interval 250 8     0    9.25    1290      13    2096      13     1.6    1290      13    2096      13     1.6
all-interval 250 8     0   25.51    3701      38    6057      38     1.7    3701      38    6057      38     1.7
all-interval 250 8     0   18.50    2199      26    3811      26     2.5    2199      26    3811      26     2.5
all-interval 250 8     0   15.95    1623      12    2367      12     1.2    1623      12    2367      12     1.2
all-interval 250 8     0    7.98    1287      17    2341      17     2.2    1287      17    2341      17     2.2
all-interval 250 8     0    3.70     246       0     246       0     0.0     246       0     246       0     0.0
all-interval 250 8     0    9.42    1045      10    1665      10     3.2    1045      10    1665      10     3.2
all-interval 250 8     0    4.81     485       4     733       4     3.0     485       4     733       4     3.0
all-interval 250 8     0    8.54    1022      10    1642      10     2.6    1022      10    1642      10     2.6
all-interval 250 8     0   39.86    6061      75   10711      75     2.1    6061      75   10711      75     2.1
all-interval 250 8     0   18.58    3059      43    5725      43     2.7    3059      43    5725      43     2.7
all-interval 250 8     0   23.90    2488      18    3604      18     0.8    2488      18    3604      18     0.8
all-interval 250 8     0   17.22    1918      16    2910      16     1.6    1918      16    2910      16     1.6
all-interval 250 8     0   11.35    1597      16    2589      16     1.4    1597      16    2589      16     1.4
all-interval 250 16     0    6.67     637       4     885       4     0.8     637       4     885       4     0.8
all-interval 250 16     0    5.17     565       5     875       5     0.8     565       5     875       5     0.8
all-interval 250 16     0    4.49     367       1     429       1     0.7     367       1     429       1     0.7
all-interval 250 16     0    5.82     606       5     916       5     0.7     606       5     916       5     0.7
all-interval 250 16     0    5.56     639       6    1011       6     1.2     639       6    1011       6     1.2
all-interval 250 16     0    3.99     355       3     541       3     2.1     355       3     541       3     2.1
all-interval 250 16     0   19.05    2361      24    3849      24     1.2    2361      24    3849      24     1.2
all-interval 250 16     0    4.55     540      14    1408      14     6.7     540      14    1408      14     6.7
all-interval 250 16     0   19.86    3181      38    5537      38     2.4    3181      38    5537      38     2.4
all-interval 250 16     0    9.49    1364      14    2232      14     1.4    1364      14    2232      14     1.4
all-interval 250 16     0    4.36     321       1     383       1     0.7     321       1     383       1     0.7
all-interval 250 16     0    4.93     507       3     693       3     0.8     507       3     693       3     0.8
all-interval 250 16     0   11.55    1331      12    2075      12     0.9    1331      12    2075      12     0.9
all-interval 250 16     0    9.16    1047      11    1729      11     2.5    1047      11    1729      11     2.5
all-interval 250 16     0   11.76    1264       9    1822       9     1.0    1264       9    1822       9     1.0
all-interval 250 16     0   16.63    2444      27    4118      27     1.5    2444      27    4118      27     1.5
all-interval 250 16     0    9.14    1176      12    1920      12     1.2    1176      12    1920      12     1.2
all-interval 250 16     0    5.72     606       5     916       5     1.5     606       5     916       5     1.5
all-interval 250 16     0   11.48    1115       6    1487       6     0.9    1115       6    1487       6     0.9
all-interval 250 16     0    9.04    1102       9    1660       9     1.7    1102       9    1660       9     1.7
all-interval 250 16     0    7.44    1093      14    1961      14     2.6    1093      14    1961      14     2.6
all-interval 250 16     0    4.33     357       1     419       1     0.1     357       1     419       1     0.1
all-interval 250 16     0    8.11     773       4    1021       4     0.3     773       4    1021       4     0.3
all-interval 250 16     0    7.22    1205      20    2445      20     2.3    1205      20    2445      20     2.3
all-interval 250 16     0    7.60    1035      11    1717      11     2.1    1035      11    1717      11     2.1
all-interval 250 16     0    3.95     325       1     387       1     0.7     325       1     387       1     0.7
all-interval 250 16     0   17.86    2952      36    5184      36     2.5    2952      36    5184      36     2.5
all-interval 250 16     0    4.53     399       2     523       2     0.7     399       2     523       2     0.7
all-interval 250 16     0    6.45     795       8    1291       8     2.7     795       8    1291       8     2.7
all-interval 250 16     0    4.89     504       5     814       5     1.2     504       5     814       5     1.2
all-interval 300 4     0   33.62    2836      30    5056      30     2.8    2836      30    5056      30     2.8
all-interval 300 4     0   70.94    6660      74   12136      74     2.8    6660      74   12136      74     2.8
all-interval 300 4     0  121.43   10161     102   17709     102     2.1   10161     102   17709     102     2.1
all-interval 300 4     0   94.71    9229     100   16629     100     3.0    9229     100   16629     100     3.0
all-interval 300 4     0   27.87    1972      13    2934      13     1.2    1972      13    2934      13     1.2
all-interval 300 4     0   97.33    7478      71   12732      71     2.1    7478      71   12732      71     2.1
all-interval 300 4     0   28.48    2287      17    3545      17     1.3    2287      17    3545      17     1.3
all-interval 300 4     0   55.52    5753      67   10711      67     2.1    5753      67   10711      67     2.1
all-interval 300 4     0  156.38   17125     194   31481     194     2.6   17125     194   31481     194     2.6
all-interval 300 4     0   77.46    7928      92   14736      92     2.4    7928      92   14736      92     2.4
all-interval 300 4     0   13.49    1280      16    2464      16     2.4    1280      16    2464      16     2.4
all-interval 300 4     0    7.66     357       1     431       1     0.3     357       1     431       1     0.3
all-interval 300 4     0   62.83    4182      34    6698      34     1.6    4182      34    6698      34     1.6
all-interval 300 4     0   49.36    6034      79   11880      79     3.0    6034      79   11880      79     3.0
all-interval 300 4     0   34.27    3783      51    7557      51     3.0    3783      51    7557      51     3.0
all-interval 300 4     0   87.94    8021      80   13941      80     2.0    8021      80   13941      80     2.0
all-interval 300 4     0   32.74    3633      40    6593      40     2.2    3633      40    6593      40     2.2
all-interval 300 4     0   65.67    5735      46    9139      46     1.5    5735      46    9139      46     1.5
all-interval 300 4     0    9.57     661       6    1105       6     3.2     661       6    1105       6     3.2
all-interval 300 4     0   23.46    1878      16    3062      16     1.6    1878      16    3062      16     1.6
all-interval 300 4     0   33.31    2851      25    4701      25     2.2    2851      25    4701      25     2.2
all-interval 300 4     0   59.02    5069      44    8325      44     1.7    5069      44    8325      44     1.7
all-interval 300 4     0   24.84    1826      17    3084      17     2.9    1826      17    3084      17     2.9
all-interval 300 4     0   54.91    4856      46    8260      46     2.0    4856      46    8260      46     2.0
all-interval 300 4     0   23.42    1373      12    2261      12     1.9    1373      12    2261      12     1.9
all-interval 300 4     0   37.57    3667      37    6405      37     1.6    3667      37    6405      37     1.6
all-interval 300 4     0   44.55    3277      32    5645      32     2.0    3277      32    5645      32     2.0
all-interval 300 4     0   29.39    1726      14    2762      14     1.7    1726      14    2762      14     1.7
all-interval 300 4     0   59.19    4891      50    8591      50     2.2    4891      50    8591      50     2.2
all-interval 300 4     0   16.44    1358      15    2468      15     2.6    1358      15    2468      15     2.6
all-interval 300 8     0   11.80     679       4     975       4     1.1     679       4     975       4     1.1
all-interval 300 8     0   78.77    9150     119   17956     119     3.0    9150     119   17956     119     3.0
all-interval 300 8     0    7.59     440       2     588       2     0.9     440       2     588       2     0.9
all-interval 300 8     0   48.27    5375      61    9889      61     2.5    5375      61    9889      61     2.5
all-interval 300 8     0    9.03     749       6    1193       6     1.1     749       6    1193       6     1.1
all-interval 300 8     0   87.22    9416     115   17926     115     2.7    9416     115   17926     115     2.7
all-interval 300 8     0   24.03    2601      30    4821      30     2.3    2601      30    4821      30     2.3
all-interval 300 8     0   11.29     958       8    1550       8     1.1     958       8    1550       8     1.1
all-interval 300 8     0    8.42     418       1     492       1     0.2     418       1     492       1     0.2
all-interval 300 8     0   13.81    1279      12    2167      12     1.2    1279      12    2167      12     1.2
all-interval 300 8     0   87.27    6919      58   11211      58     1.7    6919      58   11211      58     1.7
all-interval 300 8     0   22.37    2177      20    3657      20     2.3    2177      20    3657      20     2.3
all-interval 300 8     0   34.16    2433      18    3765      18     1.8    2433      18    3765      18     1.8
all-interval 300 8     0    7.85     339       1     413       1     0.5     339       1     413       1     0.5
all-interval 300 8     0   35.98    3766      40    6726      40     2.5    3766      40    6726      40     2.5
all-interval 300 8     0   41.44    3005      25    4855      25     2.1    3005      25    4855      25     2.1
all-interval 300 8     0   29.90    2806      28    4878      28     1.9    2806      28    4878      28     1.9
all-interval 300 8     0   45.37    4181      40    7141      40     2.0    4181      40    7141      40     2.0
all-interval 300 8     0   25.16    1406       7    1924       7     0.9    1406       7    1924       7     0.9
all-interval 300 8     0   32.62    2792      26    4716      26     2.0    2792      26    4716      26     2.0
all-interval 300 8     0   11.63     807       9    1473       9     3.5     807       9    1473       9     3.5
all-interval 300 8     0   50.42    4744      44    8000      44     2.6    4744      44    8000      44     2.6
all-interval 300 8     0   16.92    1253       9    1919       9     1.4    1253       9    1919       9     1.4
all-interval 300 8     0   25.48    2388      26    4312      26     2.2    2388      26    4312      26     2.2
all-interval 300 8     0   41.43    3005      25    4855      25     2.1    3005      25    4855      25     2.1
all-interval 300 8     0   40.45    4543      48    8095      48     2.4    4543      48    8095      48     2.4
all-interval 300 8     0   11.24     689       6    1133       6     2.0     689       6    1133       6     2.0
all-interval 300 8     0   40.21    2777      34    5293      34     1.5    2777      34    5293      34     1.5
all-interval 300 8     0   13.47     899       8    1491       8     2.5     899       8    1491       8     2.5
all-interval 300 8     0   16.53    1552      17    2810      17     2.1    1552      17    2810      17     2.1
all-interval 300 16     0   20.91    1398      10    2138      10     1.5    1398      10    2138      10     1.5
all-interval 300 16     0   19.18    1143       8    1735       8     2.6    1143       8    1735       8     2.6
all-interval 300 16     0   11.40     707       3     929       3     0.9     707       3     929       3     0.9
all-interval 300 16     0   11.14     901       8    1493       8     1.3     901       8    1493       8     1.3
all-interval 300 16     0   11.21     645       3     867       3     1.4     645       3     867       3     1.4
all-interval 300 16     0   27.54    1952      13    2914      13     1.8    1952      13    2914      13     1.8
all-interval 300 16     0    8.95     468       1     542       1     1.2     468       1     542       1     1.2
all-interval 300 16     0   18.21    1295      12    2183      12     1.5    1295      12    2183      12     1.5
all-interval 300 16     0    9.34     635       5    1005       5     1.2     635       5    1005       5     1.2
all-interval 300 16     0   19.99    1353      11    2167      11     1.6    1353      11    2167      11     1.6
all-interval 300 16     0   10.86     934      13    1896      13     2.9     934      13    1896      13     2.9
all-interval 300 16     0   20.42    2027      20    3507      20     2.5    2027      20    3507      20     2.5
all-interval 300 16     0   24.67    2058      23    3760      23     2.3    2058      23    3760      23     2.3
all-interval 300 16     0    8.74     500       4     796       4     1.9     500       4     796       4     1.9
all-interval 300 16     0   30.67    2287      18    3619      18     1.6    2287      18    3619      18     1.6
all-interval 300 16     0   13.03    1003       7    1521       7     2.4    1003       7    1521       7     2.4
all-interval 300 16     0   26.82    2112      21    3666      21     1.3    2112      21    3666      21     1.3
all-interval 300 16     0   29.09    3088      37    5826      37     2.5    3088      37    5826      37     2.5
all-interval 300 16     0    8.82     495       2     643       2     0.4     495       2     643       2     0.4
all-interval 300 16     0   25.17    1840      16    3024      16     1.2    1840      16    3024      16     1.2
all-interval 300 16     0   29.70    3233      37    5971      37     1.9    3233      37    5971      37     1.9
all-interval 300 16     0   16.21    1010       5    1380       5     0.7    1010       5    1380       5     0.7
all-interval 300 16     0   15.44    1166       9    1832       9     2.1    1166       9    1832       9     2.1
all-interval 300 16     0   14.53    1164      12    2052      12     2.8    1164      12    2052      12     2.8
all-interval 300 16     0   28.09    2864      30    5084      30     1.7    2864      30    5084      30     1.7
all-interval 300 16     0   11.74     887       7    1405       7     1.7     887       7    1405       7     1.7
all-interval 300 16     0   17.51    1757      18    3089      18     2.7    1757      18    3089      18     2.7
all-interval 300 16     0   20.85    1745      17    3003      17     2.6    1745      17    3003      17     2.6
all-interval 300 16     0   14.14     867       6    1311       6     1.3     867       6    1311       6     1.3
all-interval 300 16     0    8.54     472       2     620       2     1.1     472       2     620       2     1.1
