all-interval 350 1     0  150.21   10755      98   19281      98     2.3   10755      98   19281      98     2.3
all-interval 350 1     0  595.61   36650     352   67274     352     2.5   36650     352   67274     352     2.5
all-interval 350 1     0  441.21   34182     374   66720     374     2.9   34182     374   66720     374     2.9
all-interval 350 1     0  306.46   20597     206   38519     206     2.5   20597     206   38519     206     2.5
all-interval 350 1     0 1128.57   74511     708  136107     708     2.5   74511     708  136107     708     2.5
all-interval 350 1     0  810.81   55455     525  101130     525     2.5   55455     525  101130     525     2.5
all-interval 350 1     0   77.65    3281      20    5021      20     1.6    3281      20    5021      20     1.6
all-interval 350 1     0  326.48   23150     218   42116     218     2.7   23150     218   42116     218     2.7
all-interval 350 1     0   92.51    5539      64   11107      64     2.6    5539      64   11107      64     2.6
all-interval 350 1     0   13.42     348       0     348       0     0.0     348       0     348       0     0.0
all-interval 350 2     0  122.39    6644      51   11081      51     2.1    6644      51   11081      51     2.1
all-interval 350 2     0  235.00   15997     158   29743     158     2.6   15997     158   29743     158     2.6
all-interval 350 2     0  218.43   12612     112   22356     112     2.5   12612     112   22356     112     2.5
all-interval 350 2     0  203.09   13764     129   24987     129     2.1   13764     129   24987     129     2.1
all-interval 350 2     0   33.81    1714       9    2497       9     1.3    1714       9    2497       9     1.3
all-interval 350 2     0  152.49   10654     101   19441     101     2.3   10654     101   19441     101     2.3
all-interval 350 2     0   28.06    2202      24    4290      24     2.3    2202      24    4290      24     2.3
all-interval 350 2     0   82.04    5562      50    9912      50     2.3    5562      50    9912      50     2.3
all-interval 350 2     0  300.10   19695     182   35529     182     2.2   19695     182   35529     182     2.2
all-interval 350 2     0   75.93    3801      29    6324      29     1.8    3801      29    6324      29     1.8
all-interval 350 4     0   25.63    1065       9    1848       9     2.9    1065       9    1848       9     2.9
all-interval 350 4     0   58.56    4209      51    8646      51     2.5    4209      51    8646      51     2.5
all-interval 350 4     0   41.32    3007      36    6139      36     2.7    3007      36    6139      36     2.7
all-interval 350 4     0   90.23    6686      72   12950      72     3.3    6686      72   12950      72     3.3
all-interval 350 4     0   49.71    1902      11    2859      11     1.6    1902      11    2859      11     1.6
all-interval 350 4     0  112.51    7007      61   12314      61     2.2    7007      61   12314      61     2.2
all-interval 350 4     0   52.55    3732      38    7038      38     2.9    3732      38    7038      38     2.9
all-interval 350 4     0  245.40   15143     131   26540     131     2.3   15143     131   26540     131     2.3
all-interval 350 4     0   74.47    5706      65   11361      65     3.2    5706      65   11361      65     3.2
all-interval 350 4     0   51.17    3772      40    7252      40     2.3    3772      40    7252      40     2.3
all-interval 350 8     0   35.06    2136      17    3615      17     2.2    2136      17    3615      17     2.2
all-interval 350 8     0  142.46    8415      68   14331      68     2.1    8415      68   14331      68     2.1
all-interval 350 8     0   21.51     879       3    1140       3     0.3     879       3    1140       3     0.3
all-interval 350 8     0   25.39     791       3    1052       3     1.2     791       3    1052       3     1.2
all-interval 350 8     0   79.81    4220      33    7091      33     2.2    4220      33    7091      33     2.2
all-interval 350 8     0  163.70   12060     128   23196     128     3.0   12060     128   23196     128     3.0
all-interval 350 8     0   16.79    1017       9    1800       9     2.6    1017       9    1800       9     2.6
all-interval 350 8     0   93.88    6918      73   13269      73     2.7    6918      73   13269      73     2.7
all-interval 350 8     0   60.38    4138      42    7792      42     2.5    4138      42    7792      42     2.5
all-interval 350 8     0   34.68    1548      11    2505      11     1.4    1548      11    2505      11     1.4
all-interval 350 12     0   19.00     768       5    1203       5     2.2     768       5    1203       5     2.2
all-interval 350 12     0   19.39     885       5    1320       5     0.7     885       5    1320       5     0.7
all-interval 350 12     0   15.74     642       3     903       3     0.4     642       3     903       3     0.4
all-interval 350 12     0  136.47   10547     114   20465     114     2.7   10547     114   20465     114     2.7
all-interval 350 12     0   47.19    3487      35    6532      35     1.8    3487      35    6532      35     1.8
all-interval 350 12     0   12.91     340       0     340       0     0.0     340       0     340       0     0.0
all-interval 350 12     0   15.48     557       2     731       2     2.0     557       2     731       2     2.0
all-interval 350 12     0  108.34    7983      95   16248      95     3.5    7983      95   16248      95     3.5
all-interval 350 12     0   28.35    1657      14    2875      14     1.6    1657      14    2875      14     1.6
all-interval 350 12     0   76.50    4325      36    7457      36     2.0    4325      36    7457      36     2.0
all-interval 350 16     0   51.26    3292      39    6685      39     3.2    3292      39    6685      39     3.2
all-interval 350 16     0   13.91     439       1     526       1     0.3     439       1     526       1     0.3
all-interval 350 16     0   34.02    2165      19    3818      19     2.3    2165      19    3818      19     2.3
all-interval 350 16     0   23.36     947       4    1295       4     1.3     947       4    1295       4     1.3
all-interval 350 16     0   22.98    1610      19    3263      19     2.2    1610      19    3263      19     2.2
all-interval 350 16     0   13.04     384       3     645       3     0.8     384       3     645       3     0.8
all-interval 350 16     0   47.81    3710      39    7103      39     2.7    3710      39    7103      39     2.7
all-interval 350 16     0   36.15    2082      16    3474      16     1.4    2082      16    3474      16     1.4
all-interval 350 16     0   28.82    1790      15    3095      15     1.4    1790      15    3095      15     1.4
all-interval 350 16     0   19.18     638       3     899       3     1.0     638       3     899       3     1.0
