all-interval 400 1     0  395.70   19516     161   35455     161     2.2   19516     161   35455     161     2.2
all-interval 400 1     0  181.68    6952      62   13090      62     2.7    6952      62   13090      62     2.7
all-interval 400 1     0  347.88   21280     198   40882     198     2.8   21280     198   40882     198     2.8
all-interval 400 1     0   59.52    2866      27    5539      27     2.0    2866      27    5539      27     2.0
all-interval 400 1     0   69.19    2087      12    3275      12     1.6    2087      12    3275      12     1.6
all-interval 400 1     0   21.74     392       0     392       0     0.0     392       0     392       0     0.0
all-interval 400 1     0   49.63    1735      10    2725      10     1.5    1735      10    2725      10     1.5
all-interval 400 1     0  655.54   30600     278   58122     278     2.7   30600     278   58122     278     2.7
all-interval 400 1     0  791.30   44198     424   86174     424     2.9   44198     424   86174     424     2.9
all-interval 400 1     0  633.24   30628     277   58051     277     2.9   30628     277   58051     277     2.9
all-interval 400 2     0   60.53    2448      20    4428      20     2.1    2448      20    4428      20     2.1
all-interval 400 2     0  249.17   12481     117   24064     117     3.0   12481     117   24064     117     3.0
all-interval 400 2     0  234.47   11359      88   20071      88     2.3   11359      88   20071      88     2.3
all-interval 400 2     0  390.02   19487     175   36812     175     2.8   19487     175   36812     175     2.8
all-interval 400 2     0  110.31    5485      45    9940      45     2.1    5485      45    9940      45     2.1
all-interval 400 2     0  878.14   47649     452   92397     452     2.8   47649     452   92397     452     2.8
all-interval 400 2     0   80.76    4411      41    8470      41     3.2    4411      41    8470      41     3.2
all-interval 400 2     0  424.99   18409     146   32863     146     2.6   18409     146   32863     146     2.6
all-interval 400 2     0  426.08   19415     163   35552     163     2.6   19415     163   35552     163     2.6
all-interval 400 2     0  380.49   19710     188   38322     188     3.2   19710     188   38322     188     3.2
all-interval 400 4     0  149.31    5329      38    9091      38     1.8    5329      38    9091      38     1.8
all-interval 400 4     0  184.16    8420      63   14657      63     2.2    8420      63   14657      63     2.2
all-interval 400 4     0  202.19   10439      98   20141      98     3.0   10439      98   20141      98     3.0
all-interval 400 4     0  203.10    7928      62   14066      62     2.3    7928      62   14066      62     2.3
all-interval 400 4     0   77.09    3755      37    7418      37     3.0    3755      37    7418      37     3.0
all-interval 400 4     0   32.70    1252       8    2044       8     1.7    1252       8    2044       8     1.7
all-interval 400 4     0  212.81   11546     116   23030     116     3.1   11546     116   23030     116     3.1
all-interval 400 4     0   93.23    4241      32    7409      32     2.1    4241      32    7409      32     2.1
all-interval 400 4     0  128.33    4632      29    7503      29     1.8    4632      29    7503      29     1.8
all-interval 400 4     0  301.47   14105     113   25292     113     2.3   14105     113   25292     113     2.3
all-interval 400 8     0   87.17    3226      27    5899      27     3.5    3226      27    5899      27     3.5
all-interval 400 8     0  133.99    6503      63   12740      63     3.0    6503      63   12740      63     3.0
all-interval 400 8     0   26.20     724       5    1219       5     1.7     724       5    1219       5     1.7
all-interval 400 8     0  148.37    7924      74   15250      74     2.8    7924      74   15250      74     2.8
all-interval 400 8     0   24.07     489       1     588       1     0.7     489       1     588       1     0.7
all-interval 400 8     0  103.98    4615      46    9169      46     3.2    4615      46    9169      46     3.2
all-interval 400 8     0   43.43    1972      19    3853      19     2.3    1972      19    3853      19     2.3
all-interval 400 8     0   45.47    1891      15    3376      15     2.0    1891      15    3376      15     2.0
all-interval 400 8     0   47.75    1383       9    2274       9     2.1    1383       9    2274       9     2.1
all-interval 400 8     0   30.96     671       1     770       1     0.0     671       1     770       1     0.0
all-interval 400 12     0   48.15    2051      16    3635      16     2.8    2051      16    3635      16     2.8
all-interval 400 12     0  101.47    5327      59   11168      59     3.5    5327      59   11168      59     3.5
all-interval 400 12     0   21.89     393       0     393       0     0.0     393       0     393       0     0.0
all-interval 400 12     0   21.82     392       0     392       0     0.0     392       0     392       0     0.0
all-interval 400 12     0   35.86    1166       7    1859       7     1.4    1166       7    1859       7     1.4
all-interval 400 12     0   46.06    1384       9    2275       9     1.8    1384       9    2275       9     1.8
all-interval 400 12     0   61.82    2220      23    4497      23     3.3    2220      23    4497      23     3.3
all-interval 400 12     0   51.45    2064      15    3549      15     2.2    2064      15    3549      15     2.2
all-interval 400 12     0   42.32    1429       7    2122       7     1.0    1429       7    2122       7     1.0
all-interval 400 12     0   57.32    2447      20    4427      20     3.3    2447      20    4427      20     3.3
all-interval 400 16     0   40.15    1481      12    2669      12     2.3    1481      12    2669      12     2.3
all-interval 400 16     0   49.36    2498      27    5171      27     3.0    2498      27    5171      27     3.0
all-interval 400 16     0   22.69     552       4     948       4     2.5     552       4     948       4     2.5
all-interval 400 16     0   22.04     394       0     394       0     0.0     394       0     394       0     0.0
all-interval 400 16     0   69.83    2661      24    5037      24     2.7    2661      24    5037      24     2.7
all-interval 400 16     0   25.68     925       9    1816       9     2.2     925       9    1816       9     2.2
all-interval 400 16     0   44.54    1928      17    3611      17     2.3    1928      17    3611      17     2.3
all-interval 400 16     0   38.12    2058      22    4236      22     2.6    2058      22    4236      22     2.6
all-interval 400 16     0   21.62     389       0     389       0     0.0     389       0     389       0     0.0
all-interval 400 16     0   21.96     394       0     394       0     0.0     394       0     394       0     0.0
