all-interval 400 1     0  383.43   20933     206   41327     206     2.9   20933     206   41327     206     2.9
all-interval 400 1     0  386.64   18844     162   34882     162     2.7   18844     162   34882     162     2.7
all-interval 400 1     0  490.27   24850     229   47521     229     3.0   24850     229   47521     229     3.0
all-interval 400 1     0 2577.27  139065    1307  268458    1307     2.9  139065    1307  268458    1307     2.9
all-interval 400 1     0  466.73   25112     222   47090     222     2.7   25112     222   47090     222     2.7
all-interval 400 1     0  598.90   28239     234   51405     234     2.5   28239     234   51405     234     2.5
all-interval 400 1     0 1362.34   69660     620  131040     620     2.9   69660     620  131040     620     2.9
all-interval 400 1     0  398.36   19522     185   37837     185     2.9   19522     185   37837     185     2.9
all-interval 400 1     0   79.29    3872      37    7535      37     3.8    3872      37    7535      37     3.8
all-interval 400 1     0  898.07   42215     357   77558     357     2.7   42215     357   77558     357     2.7
all-interval 400 1     0  635.27   27206     207   47699     207     2.0   27206     207   47699     207     2.0
all-interval 400 1     0  198.90    9160      76   16684      76     2.7    9160      76   16684      76     2.7
all-interval 400 1     0   83.23    3941      33    7208      33     2.4    3941      33    7208      33     2.4
all-interval 400 1     0 2011.13   98167     863  183604     863     2.7   98167     863  183604     863     2.7
all-interval 400 1     0  483.81   27852     282   55770     282     3.0   27852     282   55770     282     3.0
all-interval 400 1     0  133.28    6516      57   12159      57     2.6    6516      57   12159      57     2.6
all-interval 400 1     0  777.77   40931     382   78749     382     2.9   40931     382   78749     382     2.9
all-interval 400 1     0  532.03   25533     217   47016     217     2.4   25533     217   47016     217     2.4
all-interval 400 1     0  181.70    5130      30    8100      30     1.7    5130      30    8100      30     1.7
all-interval 400 1     0  790.90   42426     394   81432     394     2.8   42426     394   81432     394     2.8
all-interval 400 2     0  109.42    4643      34    8009      34     1.4    4643      34    8009      34     1.4
all-interval 400 2     0  472.22   24032     215   45317     215     2.8   24032     215   45317     215     2.8
all-interval 400 2     0  783.45   36660     322   68538     322     2.6   36660     322   68538     322     2.6
all-interval 400 2     0  344.37   15474     129   28245     129     2.5   15474     129   28245     129     2.5
all-interval 400 2     0  209.94    8686      70   15616      70     2.0    8686      70   15616      70     2.0
all-interval 400 2     0   92.83    4192      30    7162      30     1.9    4192      30    7162      30     1.9
all-interval 400 2     0   63.16    1917       9    2808       9     1.1    1917       9    2808       9     1.1
all-interval 400 2     0  237.82   11770      93   20977      93     2.7   11770      93   20977      93     2.7
all-interval 400 2     0  143.49    8358      88   17070      88     3.1    8358      88   17070      88     3.1
all-interval 400 2     0  202.86    7291      54   12637      54     3.0    7291      54   12637      54     3.0
all-interval 400 2     0   51.83    1452       8    2244       8     1.1    1452       8    2244       8     1.1
all-interval 400 2     0 1204.55   58956     521  110535     521     2.7   58956     521  110535     521     2.7
all-interval 400 2     0   64.49    2741      23    5018      23     1.7    2741      23    5018      23     1.7
all-interval 400 2     0   90.05    4084      33    7351      33     2.5    4084      33    7351      33     2.5
all-interval 400 2     0  693.77   33913     302   63811     302     2.9   33913     302   63811     302     2.9
all-interval 400 2     0  446.46   21024     169   37755     169     2.4   21024     169   37755     169     2.4
all-interval 400 2     0  137.60    6247      53   11494      53     3.0    6247      53   11494      53     3.0
all-interval 400 2     0  200.75    9887      83   18104      83     2.7    9887      83   18104      83     2.7
all-interval 400 2     0  111.54    4957      43    9214      43     2.4    4957      43    9214      43     2.4
all-interval 400 2     0   78.41    3731      30    6701      30     2.8    3731      30    6701      30     2.8
all-interval 400 4     0  183.89    9676      87   18289      87     3.4    9676      87   18289      87     3.4
all-interval 400 4     0   54.89    2079      11    3168      11     1.6    2079      11    3168      11     1.6
all-interval 400 4     0   60.35    2135      13    3422      13     1.6    2135      13    3422      13     1.6
all-interval 400 4     0  254.90   12526     107   23119     107     2.4   12526     107   23119     107     2.4
all-interval 400 4     0  161.67    7393      64   13729      64     2.6    7393      64   13729      64     2.6
all-interval 400 4     0  562.78   25480     212   46468     212     2.5   25480     212   46468     212     2.5
all-interval 400 4     0   80.02    2387      16    3971      16     1.6    2387      16    3971      16     1.6
all-interval 400 4     0   72.12    2946      23    5223      23     3.2    2946      23    5223      23     3.2
all-interval 400 4     0  131.13    4784      35    8249      35     1.9    4784      35    8249      35     1.9
all-interval 400 4     0   31.27     812       2    1010       2     1.0     812       2    1010       2     1.0
all-interval 400 4     0  380.38   15376     121   27355     121     2.3   15376     121   27355     121     2.3
all-interval 400 4     0  206.21    8555      65   14990      65     1.8    8555      65   14990      65     1.8
all-interval 400 4     0   36.23    1583      13    2870      13     3.2    1583      13    2870      13     3.2
all-interval 400 4     0  392.72   21655     207   42148     207     3.1   21655     207   42148     207     3.1
all-interval 400 4     0   21.99     394       0     394       0     0.0     394       0     394       0     0.0
all-interval 400 4     0  322.09   16294     146   30748     146     2.7   16294     146   30748     146     2.7
all-interval 400 4     0  478.63   22430     191   41339     191     2.7   22430     191   41339     191     2.7
all-interval 400 4     0  183.40    8897      71   15926      71     2.6    8897      71   15926      71     2.6
all-interval 400 4     0   32.53    1120       7    1813       7     2.0    1120       7    1813       7     2.0
all-interval 400 4     0   88.85    3828      33    7095      33     2.7    3828      33    7095      33     2.7
all-interval 400 8     0   45.73    1803      18    3585      18     4.1    1803      18    3585      18     4.1
all-interval 400 8     0   40.14    1481      12    2669      12     2.3    1481      12    2669      12     2.3
all-interval 400 8     0   30.47     968       7    1661       7     1.8     968       7    1661       7     1.8
all-interval 400 8     0   53.08    2180      19    4061      19     3.3    2180      19    4061      19     3.3
all-interval 400 8     0   75.19    4135      45    8590      45     2.9    4135      45    8590      45     2.9
all-interval 400 8     0  253.50   11746      98   21448      98     2.6   11746      98   21448      98     2.6
all-interval 400 8     0   42.15    1920      16    3504      16     2.8    1920      16    3504      16     2.8
all-interval 400 8     0  121.14    4464      30    7434      30     1.8    4464      30    7434      30     1.8
all-interval 400 8     0   39.37     954       3    1251       3     1.7     954       3    1251       3     1.7
all-interval 400 8     0  112.67    4565      37    8228      37     2.7    4565      37    8228      37     2.7
all-interval 400 8     0   27.00     771       4    1167       4     1.6     771       4    1167       4     1.6
all-interval 400 8     0   81.43    3574      27    6247      27     2.4    3574      27    6247      27     2.4
all-interval 400 8     0  127.16    5182      36    8746      36     2.2    5182      36    8746      36     2.2
all-interval 400 8     0  148.37    7924      74   15250      74     2.8    7924      74   15250      74     2.8
all-interval 400 8     0   42.88    1117       4    1513       4     1.0    1117       4    1513       4     1.0
all-interval 400 8     0   55.97    2809      30    5779      30     2.7    2809      30    5779      30     2.7
all-interval 400 8     0  105.28    3549      24    5925      24     2.3    3549      24    5925      24     2.3
all-interval 400 8     0   25.68     696       3     993       3     0.6     696       3     993       3     0.6
all-interval 400 8     0   46.34    1784      12    2972      12     2.0    1784      12    2972      12     2.0
all-interval 400 8     0   47.54    1316       8    2108       8     1.5    1316       8    2108       8     1.5
all-interval 400 16     0   37.11    1053       4    1449       4     0.8    1053       4    1449       4     0.8
all-interval 400 16     0   52.78    1731      13    3018      13     2.3    1731      13    3018      13     2.3
all-interval 400 16     0   47.81    2106      13    3393      13     1.8    2106      13    3393      13     1.8
all-interval 400 16     0   29.76     849       5    1344       5     1.7     849       5    1344       5     1.7
all-interval 400 16     0   24.80     570       3     867       3     1.3     570       3     867       3     1.3
all-interval 400 16     0   36.41    1340       9    2231       9     2.1    1340       9    2231       9     2.1
all-interval 400 16     0   41.08    1714      13    3001      13     2.4    1714      13    3001      13     2.4
all-interval 400 16     0   21.91     393       0     393       0     0.0     393       0     393       0     0.0
all-interval 400 16     0   43.79    1790      13    3077      13     2.5    1790      13    3077      13     2.5
all-interval 400 16     0   34.05    1269      12    2457      12     3.7    1269      12    2457      12     3.7
all-interval 400 16     0   21.78     549       2     747       2     1.2     549       2     747       2     1.2
all-interval 400 16     0   75.31    2718      20    4698      20     2.0    2718      20    4698      20     2.0
all-interval 400 16     0   37.58    1207       7    1900       7     1.1    1207       7    1900       7     1.1
all-interval 400 16     0   30.93    1124       8    1916       8     2.3    1124       8    1916       8     2.3
all-interval 400 16     0   69.69    1878       9    2769       9     1.7    1878       9    2769       9     1.7
all-interval 400 16     0   57.51    3007      31    6076      31     2.3    3007      31    6076      31     2.3
all-interval 400 16     0   70.65    3487      34    6853      34     3.4    3487      34    6853      34     3.4
all-interval 400 16     0   30.09    1030       6    1624       6     2.8    1030       6    1624       6     2.8
all-interval 400 16     0   74.47    3179      25    5654      25     2.8    3179      25    5654      25     2.8
all-interval 400 16     0  209.90   10655     100   20555     100     2.8   10655     100   20555     100     2.8
