all-interval 350 1     0  258.64   15180     142   27534     142     2.5   15180     142   27534     142     2.5
all-interval 350 1     0 1069.13   69188     663  126869     663     2.4   69188     663  126869     663     2.4
all-interval 350 1     0   17.30     580       2     754       2     0.6     580       2     754       2     0.6
all-interval 350 1     0  127.70    8651      72   14915      72     2.1    8651      72   14915      72     2.1
all-interval 350 1     0  115.64    7929      74   14367      74     2.7    7929      74   14367      74     2.7
all-interval 350 1     0   39.43    2462      27    4811      27     2.7    2462      27    4811      27     2.7
all-interval 350 1     0  184.98   11707     104   20755     104     2.2   11707     104   20755     104     2.2
all-interval 350 1     0   27.68    1390      11    2347      11     2.8    1390      11    2347      11     2.8
all-interval 350 1     0  355.97   23215     228   43051     228     2.6   23215     228   43051     228     2.6
all-interval 350 1     0  549.94   43237     457   82996     457     2.6   43237     457   82996     457     2.6
all-interval 350 1     0   49.55    2930      26    5192      26     2.5    2930      26    5192      26     2.5
all-interval 350 1     0  452.75   34572     348   64848     348     2.6   34572     348   64848     348     2.6
all-interval 350 1     0   49.99    3069      27    5418      27     2.0    3069      27    5418      27     2.0
all-interval 350 1     0  496.41   41043     436   78975     436     2.7   41043     436   78975     436     2.7
all-interval 350 1     0  273.63   17714     173   32765     173     2.5   17714     173   32765     173     2.5
all-interval 350 1     0  310.00   21854     218   40820     218     2.5   21854     218   40820     218     2.5
all-interval 350 1     0  128.12    9043      92   17047      92     2.5    9043      92   17047      92     2.5
all-interval 350 1     0  674.47   47751     478   89337     478     2.8   47751     478   89337     478     2.8
all-interval 350 1     0  664.72   47038     475   88363     475     2.7   47038     475   88363     475     2.7
all-interval 350 1     0  108.46    6889      69   12892      69     2.7    6889      69   12892      69     2.7
all-interval 350 2     0   51.14    3228      27    5577      27     3.1    3228      27    5577      27     3.1
all-interval 350 2     0  112.49    8643      91   16560      91     2.8    8643      91   16560      91     2.8
all-interval 350 2     0   93.23    6048      58   11094      58     3.0    6048      58   11094      58     3.0
all-interval 350 2     0  348.97   20695     195   37660     195     2.3   20695     195   37660     195     2.3
all-interval 350 2     0  194.13   12243     102   21117     102     2.0   12243     102   21117     102     2.0
all-interval 350 2     0   86.12    5661      56   10533      56     2.1    5661      56   10533      56     2.1
all-interval 350 2     0  156.35    8819      71   14996      71     2.1    8819      71   14996      71     2.1
all-interval 350 2     0  123.33    8087      81   15134      81     2.4    8087      81   15134      81     2.4
all-interval 350 2     0  117.89    8284      81   15331      81     2.4    8284      81   15331      81     2.4
all-interval 350 2     0  113.81    6515      52   11039      52     2.2    6515      52   11039      52     2.2
all-interval 350 2     0  137.46    9081      80   16041      80     2.6    9081      80   16041      80     2.6
all-interval 350 2     0   73.18    4548      47    8637      47     2.7    4548      47    8637      47     2.7
all-interval 350 2     0   57.74    4133      42    7787      42     2.2    4133      42    7787      42     2.2
all-interval 350 2     0  274.89   20053     203   37714     203     2.5   20053     203   37714     203     2.5
all-interval 350 2     0  264.25   18751     178   34237     178     2.6   18751     178   34237     178     2.6
all-interval 350 2     0  118.81   10071     112   19815     112     3.0   10071     112   19815     112     3.0
all-interval 350 2     0   16.48     668       5    1103       5     2.2     668       5    1103       5     2.2
all-interval 350 2     0  342.20   23290     210   41560     210     2.4   23290     210   41560     210     2.4
all-interval 350 2     0  356.37   26873     291   52190     291     2.9   26873     291   52190     291     2.9
all-interval 350 2     0   71.26    5838      64   11406      64     2.7    5838      64   11406      64     2.7
all-interval 350 4     0   78.36    5511      52   10035      52     2.4    5511      52   10035      52     2.4
all-interval 350 4     0   57.96    2528      15    3833      15     1.4    2528      15    3833      15     1.4
all-interval 350 4     0   41.49    2540      21    4367      21     1.8    2540      21    4367      21     1.8
all-interval 350 4     0   53.49    3169      22    5083      22     1.9    3169      22    5083      22     1.9
all-interval 350 4     0   13.07     343       0     343       0     0.0     343       0     343       0     0.0
all-interval 350 4     0   54.90    3296      30    5906      30     2.4    3296      30    5906      30     2.4
all-interval 350 4     0   72.58    4622      48    8798      48     3.0    4622      48    8798      48     3.0
all-interval 350 4     0   88.56    4232      29    6755      29     2.6    4232      29    6755      29     2.6
all-interval 350 4     0   71.59    3748      30    6358      30     1.7    3748      30    6358      30     1.7
all-interval 350 4     0   42.93    1696      11    2653      11     0.9    1696      11    2653      11     0.9
all-interval 350 4     0   18.33     763      12    1807      12     4.9     763      12    1807      12     4.9
all-interval 350 4     0  240.07   14907     148   27783     148     2.5   14907     148   27783     148     2.5
all-interval 350 4     0   29.85    1844      16    3236      16     2.1    1844      16    3236      16     2.1
all-interval 350 4     0   13.13     344       0     344       0     0.0     344       0     344       0     0.0
all-interval 350 4     0  135.08    6821      50   11171      50     1.9    6821      50   11171      50     1.9
all-interval 350 4     0  212.34   11785      96   20137      96     1.9   11785      96   20137      96     1.9
all-interval 350 4     0  141.72    7378      58   12424      58     1.9    7378      58   12424      58     1.9
all-interval 350 4     0  258.67   18211     175   33436     175     2.6   18211     175   33436     175     2.6
all-interval 350 4     0   40.98    1558       6    2080       6     0.8    1558       6    2080       6     0.8
all-interval 350 4     0   85.90    5515      51    9952      51     2.5    5515      51    9952      51     2.5
all-interval 350 8     0   31.63    1568       9    2351       9     2.8    1568       9    2351       9     2.8
all-interval 350 8     0   68.64    4744      43    8485      43     2.2    4744      43    8485      43     2.2
all-interval 350 8     0   17.54     797       4    1145       4     2.5     797       4    1145       4     2.5
all-interval 350 8     0   83.09    5780      56   10652      56     2.3    5780      56   10652      56     2.3
all-interval 350 8     0   28.57    1427      10    2297      10     1.7    1427      10    2297      10     1.7
all-interval 350 8     0   28.25     985       4    1333       4     1.1     985       4    1333       4     1.1
all-interval 350 8     0   41.32    3065      30    5675      30     2.3    3065      30    5675      30     2.3
all-interval 350 8     0   58.02    4137      42    7791      42     1.9    4137      42    7791      42     1.9
all-interval 350 8     0   30.28    1606      12    2650      12     1.7    1606      12    2650      12     1.7
all-interval 350 8     0   23.28    1184       7    1793       7     0.6    1184       7    1793       7     0.6
all-interval 350 8     0   16.18     503       2     677       2     1.3     503       2     677       2     1.3
all-interval 350 8     0  128.33    9372      93   17463      93     2.3    9372      93   17463      93     2.3
all-interval 350 8     0   74.04    4926      50    9276      50     2.8    4926      50    9276      50     2.8
all-interval 350 8     0  141.10   11315     117   21494     117     2.8   11315     117   21494     117     2.8
all-interval 350 8     0   22.42    1146       9    1929       9     1.8    1146       9    1929       9     1.8
all-interval 350 8     0   77.78    6776      74   13214      74     2.5    6776      74   13214      74     2.5
all-interval 350 8     0  194.21   13486     115   23491     115     2.0   13486     115   23491     115     2.0
all-interval 350 8     0   89.72    5038      41    8605      41     1.6    5038      41    8605      41     1.6
all-interval 350 8     0   94.65    5801      55   10586      55     2.4    5801      55   10586      55     2.4
all-interval 350 8     0   97.82    6960      70   13050      70     2.5    6960      70   13050      70     2.5
all-interval 350 16     0   74.39    5208      55    9993      55     2.2    5208      55    9993      55     2.2
all-interval 350 16     0   26.99    1167       8    1863       8     2.0    1167       8    1863       8     2.0
all-interval 350 16     0   22.41    1198      10    2068      10     2.4    1198      10    2068      10     2.4
all-interval 350 16     0   13.23     344       0     344       0     0.0     344       0     344       0     0.0
all-interval 350 16     0   33.83    1714       9    2497       9     1.3    1714       9    2497       9     1.3
all-interval 350 16     0   13.02     341       0     341       0     0.0     341       0     341       0     0.0
all-interval 350 16     0   16.69     625       3     886       3     1.6     625       3     886       3     1.6
all-interval 350 16     0   47.01    3476      40    6956      40     2.8    3476      40    6956      40     2.8
all-interval 350 16     0   17.88     704       4    1052       4     1.6     704       4    1052       4     1.6
all-interval 350 16     0   24.95    1714      17    3193      17     2.4    1714      17    3193      17     2.4
all-interval 350 16     0   48.09    1416       5    1851       5     0.7    1416       5    1851       5     0.7
all-interval 350 16     0   14.14     479       3     740       3     1.4     479       3     740       3     1.4
all-interval 350 16     0   29.44    1588      12    2632      12     1.9    1588      12    2632      12     1.9
all-interval 350 16     0   47.44    3390      30    6000      30     2.1    3390      30    6000      30     2.1
all-interval 350 16     0   14.93     480       1     567       1     0.2     480       1     567       1     0.2
all-interval 350 16     0   60.95    4379      44    8207      44     2.5    4379      44    8207      44     2.5
all-interval 350 16     0   26.34    1525      12    2569      12     2.6    1525      12    2569      12     2.6
all-interval 350 16     0   35.81    2146      21    3973      21     2.9    2146      21    3973      21     2.9
all-interval 350 16     0   19.25    1210      12    2254      12     1.9    1210      12    2254      12     1.9
all-interval 350 16     0   27.82    1846      18    3412      18     2.0    1846      18    3412      18     2.0
