alpha 0 1     0    0.14   14861    9981    6928    1024     2.0   14861    9981    6928    1024     2.0
alpha 0 1     0    0.10   10916    7428    5090     801     1.9   10916    7428    5090     801     1.9
alpha 0 1     0    0.03    2484    1680    1150     173     2.0    2484    1680    1150     173     2.0
alpha 0 1     0    0.04    4002    2629    1927     277     1.9    4002    2629    1927     277     1.9
alpha 0 1     0    0.05    4973    3446    2273     373     2.1    4973    3446    2273     373     2.1
alpha 0 1     0    0.04    4636    3143    2161     334     2.0    4636    3143    2161     334     2.0
alpha 0 1     0    0.05    5576    3735    2637     398     1.9    5576    3735    2637     398     1.9
alpha 0 1     0    0.08    8594    5804    3926     568     1.9    8594    5804    3926     568     1.9
alpha 0 1     0    0.09    9340    6314    4352     663     2.0    9340    6314    4352     663     2.0
alpha 0 1     0    0.02    2050    1402     954     153     2.2    2050    1402     954     153     2.2
alpha 0 1     0    0.02    1952    1288     922     129     1.9    1952    1288     922     129     1.9
alpha 0 1     0    0.23   25111   16977   11686    1776     1.9   25111   16977   11686    1776     1.9
alpha 0 1     0    0.02    2372    1586    1112     163     1.7    2372    1586    1112     163     1.7
alpha 0 1     0    0.07    7960    5353    3699     546     1.9    7960    5353    3699     546     1.9
alpha 0 1     0    0.03    2910    1908    1388     193     2.0    2910    1908    1388     193     2.0
alpha 0 1     0    0.19   19987   13548    9363    1462     1.9   19987   13548    9363    1462     1.9
alpha 0 1     0    0.03    3046    2024    1434     206     2.0    3046    2024    1434     206     2.0
alpha 0 1     0    0.25   26658   18059   12403    1902     2.0   26658   18059   12403    1902     2.0
alpha 0 1     0    0.06    6526    4355    3065     447     2.0    6526    4355    3065     447     2.0
alpha 0 1     0    0.09    9321    6294    4327     650     2.0    9321    6294    4327     650     2.0
alpha 0 1     0    0.12   13207    8896    6187     938     1.9   13207    8896    6187     938     1.9
alpha 0 1     0    0.33   35527   24052   16581    2553     2.0   35527   24052   16581    2553     2.0
alpha 0 1     0    0.05    4932    3349    2303     360     2.0    4932    3349    2303     360     2.0
alpha 0 1     0    0.08    8150    5464    3856     585     2.0    8150    5464    3856     585     2.0
alpha 0 1     0    0.04    4538    3094    2078     317     2.0    4538    3094    2078     317     2.0
alpha 0 1     0    0.31   33103   22390   15423    2355     2.0   33103   22390   15423    2355     2.0
alpha 0 1     0    0.05    5054    3363    2367     338     1.8    5054    3363    2367     338     1.8
alpha 0 1     0    0.08    8597    5876    3967     623     1.9    8597    5876    3967     623     1.9
alpha 0 1     0    0.14   15311   10259    7140    1044     1.9   15311   10259    7140    1044     1.9
alpha 0 1     0    0.12   12564    8583    5819     919     2.0   12564    8583    5819     919     2.0
alpha 0 2     0    0.02    2347    1584    1097     167     1.9    2347    1584    1097     167     1.9
alpha 0 2     0    0.01    1334     911     619      98     1.9    1334     911     619      98     1.9
alpha 0 2     0    0.02    2013    1326     951     132     2.1    2013    1326     951     132     2.1
alpha 0 2     0    0.03    2414    1575    1151     156     2.0    2414    1575    1151     156     2.0
alpha 0 2     0    0.29   31646   21260   14790    2202     1.9   31646   21260   14790    2202     1.9
alpha 0 2     0    0.05    5560    3820    2512     386     2.0    5560    3820    2512     386     2.0
alpha 0 2     0    0.05    5423    3666    2533     388     2.0    5423    3666    2533     388     2.0
alpha 0 2     0    0.03    3392    2271    1587     233     1.9    3392    2271    1587     233     1.9
alpha 0 2     0    0.08    7987    5445    3668     563     2.0    7987    5445    3668     563     2.0
alpha 0 2     0    0.09    9060    6043    4261     622     2.0    9060    6043    4261     622     2.0
alpha 0 2     0    0.09    9738    6522    4630     707     1.9    9738    6522    4630     707     1.9
alpha 0 2     0    0.01    1075     729     500      77     2.2    1075     729     500      77     2.2
alpha 0 2     0    0.26   27593   18739   12802    1974     2.0   27593   18739   12802    1974     2.0
alpha 0 2     0    0.03    2876    1928    1358     205     2.0    2876    1928    1358     205     2.0
alpha 0 2     0    0.08    8213    5626    3813     613     1.9    8213    5626    3813     613     1.9
alpha 0 2     0    0.05    4918    3321    2303     353     2.0    4918    3321    2303     353     2.0
alpha 0 2     0    0.02    1844    1208     886     125     1.8    1844    1208     886     125     1.8
alpha 0 2     0    0.02    2389    1625    1096     166     1.9    2389    1625    1096     166     1.9
alpha 0 2     0    0.06    5851    3952    2743     422     1.9    5851    3952    2743     422     1.9
alpha 0 2     0    0.30   31776   21209   14941    2187     2.0   31776   21209   14941    2187     2.0
alpha 0 2     0    0.01     353     199     186      16     1.7     353     199     186      16     1.7
alpha 0 2     0    0.05    4975    3244    2395     332     1.8    4975    3244    2395     332     1.8
alpha 0 2     0    0.02    2353    1607    1080     167     1.9    2353    1607    1080     167     1.9
alpha 0 2     0    0.03    3344    2259    1545     230     2.0    3344    2259    1545     230     2.0
alpha 0 2     0    0.05    4645    3118    2145     309     1.7    4645    3118    2145     309     1.7
alpha 0 2     0    0.07    7332    5028    3388     542     2.0    7332    5028    3388     542     2.0
alpha 0 2     0    0.10    9961    6652    4755     723     2.1    9961    6652    4755     723     2.1
alpha 0 2     0    0.13   13486    9167    6251     966     2.0   13486    9167    6251     966     2.0
alpha 0 2     0    0.02    2314    1594    1058     169     2.3    2314    1594    1058     169     2.3
alpha 0 2     0    0.16   16711   11344    7741    1187     2.0   16711   11344    7741    1187     2.0
alpha 0 4     0    0.02    1605    1102     747     122     1.8    1605    1102     747     122     1.8
alpha 0 4     0    0.05    4510    3115    2055     330     2.0    4510    3115    2055     330     2.0
alpha 0 4     0    0.03    2248    1489    1087     164     2.1    2248    1489    1087     164     2.1
alpha 0 4     0    0.03    2520    1659    1175     157     1.8    2520    1659    1175     157     1.8
alpha 0 4     0    0.05    5171    3479    2410     359     2.0    5171    3479    2410     359     2.0
alpha 0 4     0    0.03    2924    2002    1334     206     1.8    2924    2002    1334     206     1.8
alpha 0 4     0    0.13   13595    9238    6313     978     1.9   13595    9238    6313     978     1.9
alpha 0 4     0    0.05    5194    3496    2392     347     2.0    5194    3496    2392     347     2.0
alpha 0 4     0    0.08    8441    5783    3918     630     2.0    8441    5783    3918     630     2.0
alpha 0 4     0    0.03    2953    1993    1364     202     2.1    2953    1993    1364     202     2.1
alpha 0 4     0    0.01     352     222     166      18     1.6     352     222     166      18     1.6
alpha 0 4     0    0.02    1578    1004     768      97     1.8    1578    1004     768      97     1.8
alpha 0 4     0    0.05    4802    3175    2305     339     1.9    4802    3175    2305     339     1.9
alpha 0 4     0    0.01     731     480     349      49     1.5     731     480     349      49     1.5
alpha 0 4     0    0.07    6563    4426    3067     465     2.0    6563    4426    3067     465     2.0
alpha 0 4     0    0.04    3207    2177    1492     231     2.2    3207    2177    1492     231     2.2
alpha 0 4     0    0.02    1592    1081     727     108     2.1    1592    1081     727     108     2.1
alpha 0 4     0    0.02    2067    1372     945     125     1.8    2067    1372     945     125     1.8
alpha 0 4     0    0.06    6258    4284    2926     476     2.0    6258    4284    2926     476     2.0
alpha 0 4     0    0.06    5619    3896    2585     431     2.1    5619    3896    2585     431     2.1
alpha 0 4     0    0.02    1144     729     565      75     1.7    1144     729     565      75     1.7
alpha 0 4     0    0.04    3678    2489    1699     255     1.8    3678    2489    1699     255     1.8
alpha 0 4     0    0.02    1712    1106     814     104     1.9    1712    1106     814     104     1.9
alpha 0 4     0    0.05    4789    3252    2249     356     1.9    4789    3252    2249     356     1.9
alpha 0 4     0    0.09    8899    5986    4163     625     1.9    8899    5986    4163     625     1.9
alpha 0 4     0    0.05    5311    3545    2476     355     1.9    5311    3545    2476     355     1.9
alpha 0 4     0    0.02    1100     755     507      81     1.9    1100     755     507      81     1.9
alpha 0 4     0    0.01     887     565     432      55     1.7     887     565     432      55     1.7
alpha 0 4     0    0.01     110      60      56       3     1.9     110      60      56       3     1.9
alpha 0 4     0    0.04    4147    2747    1946     273     1.9    4147    2747    1946     273     1.9
alpha 0 8     0    0.02     651     420     311      40     1.9     651     420     311      40     1.9
alpha 0 8     0    0.05    4098    2746    1958     303     1.8    4098    2746    1958     303     1.8
alpha 0 8     0    0.02    1395     916     667      94     1.8    1395     916     667      94     1.8
alpha 0 8     0    0.03    2201    1495    1034     164     2.0    2201    1495    1034     164     2.0
alpha 0 8     0    0.03    1825    1177     876     114     1.8    1825    1177     876     114     1.8
alpha 0 8     0    0.02    1328     909     607      94     1.8    1328     909     607      94     1.8
alpha 0 8     0    0.03    2399    1593    1132     163     1.8    2399    1593    1132     163     1.8
alpha 0 8     0    0.03    1687    1122     803     119     2.0    1687    1122     803     119     2.0
alpha 0 8     0    0.03    2608    1711    1253     178     2.0    2608    1711    1253     178     2.0
alpha 0 8     0    0.02     700     439     341      40     1.9     700     439     341      40     1.9
alpha 0 8     0    0.02     761     486     361      43     2.0     761     486     361      43     2.0
alpha 0 8     0    0.02    1021     686     471      68     2.0    1021     686     471      68     2.0
alpha 0 8     0    0.02     832     529     409      53     2.2     832     529     409      53     2.2
alpha 0 8     0    0.03    1799    1179     862     121     2.0    1799    1179     862     121     2.0
alpha 0 8     0    0.03    1773    1197     800     112     1.7    1773    1197     800     112     1.7
alpha 0 8     0    0.02     636     421     295      40     2.1     636     421     295      40     2.1
alpha 0 8     0    0.01     386     248     184      23     1.9     386     248     184      23     1.9
alpha 0 8     0    0.02     733     465     358      45     2.1     733     465     358      45     2.1
alpha 0 8     0    0.03    2552    1712    1188     174     1.9    2552    1712    1188     174     1.9
alpha 0 8     0    0.02    1346     914     612      90     1.7    1346     914     612      90     1.7
alpha 0 8     0    0.05    4619    3090    2151     311     1.9    4619    3090    2151     311     1.9
alpha 0 8     0    0.04    3804    2570    1770     268     1.8    3804    2570    1770     268     1.8
alpha 0 8     0    0.02     815     536     391      56     1.9     815     536     391      56     1.9
alpha 0 8     0    0.06    5071    3435    2378     371     2.0    5071    3435    2378     371     2.0
alpha 0 8     0    0.10   10084    6770    4734     710     1.9   10084    6770    4734     710     1.9
alpha 0 8     0    0.05    4519    3044    2091     308     1.9    4519    3044    2091     308     1.9
alpha 0 8     0    0.01     542     320     280      29     1.7     542     320     280      29     1.7
alpha 0 8     0    0.01     418     265     203      25     1.8     418     265     203      25     1.8
alpha 0 8     0    0.02     673     458     303      44     1.6     673     458     303      44     1.6
alpha 0 8     0    0.03    1630    1093     763     113     2.0    1630    1093     763     113     2.0
alpha 0 16     0    0.04    1888    1320     880     156     1.8    1888    1320     880     156     1.8
alpha 0 16     0    0.03    1590    1076     762     124     1.9    1590    1076     762     124     1.9
alpha 0 16     0    0.02     458     290     220      26     1.7     458     290     220      26     1.7
alpha 0 16     0    0.04    2537    1701    1166     165     2.3    2537    1701    1166     165     2.3
alpha 0 16     0    0.03     842     569     401      64     1.6     842     569     401      64     1.6
alpha 0 16     0    0.03    1074     683     531      70     1.8    1074     683     531      70     1.8
alpha 0 16     0    0.03     705     455     344      47     1.7     705     455     344      47     1.7
alpha 0 16     0    0.03    1135     745     552      81     1.9    1135     745     552      81     1.9
alpha 0 16     0    0.03     867     592     401      63     1.9     867     592     401      63     1.9
alpha 0 16     0    0.03    1150     732     544      63     1.8    1150     732     544      63     1.8
alpha 0 16     0    0.03     668     439     303      37     2.0     668     439     303      37     2.0
alpha 0 16     0    0.03    1311     889     624     101     2.2    1311     889     624     101     2.2
alpha 0 16     0    0.03    1277     846     605      87     2.2    1277     846     605      87     2.2
alpha 0 16     0    0.03    1061     680     505      62     2.0    1061     680     505      62     2.0
alpha 0 16     0    0.04    1962    1333     909     140     1.8    1962    1333     909     140     1.8
alpha 0 16     0    0.03     878     583     413      59     1.8     878     583     413      59     1.8
alpha 0 16     0    0.03     538     344     248      27     1.9     538     344     248      27     1.9
alpha 0 16     0    0.02     464     285     219      20     1.9     464     285     219      20     1.9
alpha 0 16     0    0.04    2181    1455    1012     143     2.0    2181    1455    1012     143     2.0
alpha 0 16     0    0.04    2667    1705    1312     175     2.0    2667    1705    1312     175     2.0
alpha 0 16     0    0.03     870     569     423      61     1.7     870     569     423      61     1.7
alpha 0 16     0    0.03    1156     783     535      81     1.9    1156     783     535      81     1.9
alpha 0 16     0    0.03    1087     767     494      87     2.0    1087     767     494      87     2.0
alpha 0 16     0    0.03     781     526     367      56     2.3     781     526     367      56     2.3
alpha 0 16     0    0.03    1198     776     562      70     2.0    1198     776     562      70     2.0
alpha 0 16     0    0.02     377     237     178      19     2.1     377     237     178      19     2.1
alpha 0 16     0    0.03     692     456     336      50     2.2     692     456     336      50     2.2
alpha 0 16     0    0.05    3883    2630    1811     279     2.1    3883    2630    1811     279     2.1
alpha 0 16     0    0.03     885     570     427      56     1.9     885     570     427      56     1.9
alpha 0 16     0    0.03     906     600     426      60     2.2     906     600     426      60     2.2
alpha 0 12     0    0.03    1158     780     538      80     1.7    1158     780     538      80     1.7
alpha 0 12     0    0.04    2732    1848    1276     196     2.0    2732    1848    1276     196     2.0
alpha 0 12     0    0.02     686     459     319      46     1.9     686     459     319      46     1.9
alpha 0 12     0    0.02     549     333     270      27     1.9     549     333     270      27     1.9
alpha 0 12     0    0.02     765     507     358      50     1.8     765     507     358      50     1.8
alpha 0 12     0    0.02     597     373     302      39     1.9     597     373     302      39     1.9
alpha 0 12     0    0.02     438     263     215      20     1.6     438     263     215      20     1.6
alpha 0 12     0    0.02     852     557     405      55     2.0     852     557     405      55     2.0
alpha 0 12     0    0.03    1445     955     670      90     1.7    1445     955     670      90     1.7
alpha 0 12     0    0.04    2361    1566    1107     156     1.8    2361    1566    1107     156     1.8
alpha 0 12     0    0.04    3385    2304    1567     243     1.9    3385    2304    1567     243     1.9
alpha 0 12     0    0.05    3837    2559    1796     259     1.8    3837    2559    1796     259     1.8
alpha 0 12     0    0.02     422     272     196      23     1.7     422     272     196      23     1.7
alpha 0 12     0    0.03    1638    1058     794     107     1.9    1638    1058     794     107     1.9
alpha 0 12     0    0.02    1091     705     510      62     2.0    1091     705     510      62     2.0
alpha 0 12     0    0.02     991     650     467      63     1.9     991     650     467      63     1.9
alpha 0 12     0    0.02     659     436     309      43     2.1     659     436     309      43     2.1
alpha 0 12     0    0.02     653     443     304      47     2.1     653     443     304      47     2.1
alpha 0 12     0    0.03    1622    1116     752     123     2.1    1622    1116     752     123     2.1
alpha 0 12     0    0.02    1048     704     482      69     1.9    1048     704     482      69     1.9
alpha 0 12     0    0.03    2120    1422     998     150     1.8    2120    1422     998     150     1.8
alpha 0 12     0    0.03    1999    1318     929     124     1.7    1999    1318     929     124     1.7
alpha 0 12     0    0.02     700     463     333      48     1.8     700     463     333      48     1.8
alpha 0 12     0    0.02     620     396     300      38     1.7     620     396     300      38     1.7
alpha 0 12     0    0.04    2664    1798    1238     186     1.8    2664    1798    1238     186     1.8
alpha 0 12     0    0.02     884     576     428      60     1.8     884     576     428      60     1.8
alpha 0 12     0    0.02     602     386     288      36     1.9     602     386     288      36     1.9
alpha 0 12     0    0.04    2211    1484    1029     151     2.0    2211    1484    1029     151     2.0
alpha 0 12     0    0.04    2876    1928    1358     205     2.0    2876    1928    1358     205     2.0
alpha 0 12     0    0.03    2086    1391     983     144     1.9    2086    1391     983     144     1.9
