alpha 0 4     0    0.01    1048     696     494      71     1.9    1048     696     494      71     1.9
alpha 0 4     0    0.01     697     467     322      46     1.8     697     467     322      46     1.8
alpha 0 4     0    0.06    5663    3741    2670     374     1.9    5663    3741    2670     374     1.9
alpha 0 4     0    0.03    2153    1430    1025     151     2.0    2153    1430    1025     151     2.0
alpha 0 4     0    0.10   10144    6832    4722     705     2.0   10144    6832    4722     705     2.0
alpha 0 4     0    0.01    1094     705     527      69     2.0    1094     705     527      69     2.0
alpha 0 4     0    0.03    2804    1892    1304     196     1.9    2804    1892    1304     196     1.9
alpha 0 4     0    0.08    8120    5485    3839     602     1.9    8120    5485    3839     602     1.9
alpha 0 4     0    0.03    2608    1737    1217     173     1.9    2608    1737    1217     173     1.9
alpha 0 4     0    0.03    2821    1871    1318     184     1.8    2821    1871    1318     184     1.8
alpha 0 4     0    0.09    8665    5901    4056     646     2.1    8665    5901    4056     646     2.1
alpha 0 4     0    0.02    1562    1050     720     104     1.8    1562    1050     720     104     1.8
alpha 0 4     0    0.02    1464     981     685     101     1.8    1464     981     685     101     1.8
alpha 0 4     0    0.01     857     548     403      47     1.7     857     548     403      47     1.7
alpha 0 4     0    0.03    2988    2023    1389     212     1.9    2988    2023    1389     212     1.9
alpha 0 4     0    0.05    4751    3189    2228     333     1.9    4751    3189    2228     333     1.9
alpha 0 4     0    0.02    1592    1074     754     118     2.0    1592    1074     754     118     2.0
alpha 0 4     0    0.01     726     486     346      53     2.1     726     486     346      53     2.1
alpha 0 4     0    0.02    1874    1279     869     137     1.7    1874    1279     869     137     1.7
alpha 0 4     0    0.06    5920    3928    2792     400     1.9    5920    3928    2792     400     1.9
alpha 0 4     0    0.05    4581    3092    2145     328     2.1    4581    3092    2145     328     2.1
alpha 0 4     0    0.01     992     654     462      62     1.9     992     654     462      62     1.9
alpha 0 4     0    0.01     319     192     155      14     2.3     319     192     155      14     2.3
alpha 0 4     0    0.01     484     326     232      37     2.3     484     326     232      37     2.3
alpha 0 4     0    0.03    2276    1528    1062     157     1.9    2276    1528    1062     157     1.9
alpha 0 4     0    0.11   11209    7542    5227     780     2.1   11209    7542    5227     780     2.1
alpha 0 4     0    0.01     828     555     403      65     2.0     828     555     403      65     2.0
alpha 0 4     0    0.03    2779    1819    1314     177     1.9    2779    1819    1314     177     1.9
alpha 0 4     0    0.07    6747    4461    3198     456     2.1    6747    4461    3198     456     2.1
alpha 0 4     0    0.08    8343    5629    3890     588     1.9    8343    5629    3890     588     1.9
alpha 0 8     0    0.04    2807    1882    1319     197     1.8    2807    1882    1319     197     1.8
alpha 0 8     0    0.03    1561    1046     729     107     2.2    1561    1046     729     107     2.2
alpha 0 8     0    0.04    2720    1818    1298     198     2.1    2720    1818    1298     198     2.1
alpha 0 8     0    0.02     751     463     368      40     2.1     751     463     368      40     2.1
alpha 0 8     0    0.02     654     420     322      44     2.5     654     420     322      44     2.5
alpha 0 8     0    0.02    1384     918     646      90     2.2    1384     918     646      90     2.2
alpha 0 8     0    0.06    5851    4011    2684     422     2.0    5851    4011    2684     422     2.0
alpha 0 8     0    0.01     228     132     116      10     1.8     228     132     116      10     1.8
alpha 0 8     0    0.03    1829    1263     842     138     1.7    1829    1263     842     138     1.7
alpha 0 8     0    0.08    7569    5043    3568     521     1.9    7569    5043    3568     521     1.9
alpha 0 8     0    0.02     941     628     441      64     1.8     941     628     441      64     1.8
alpha 0 8     0    0.03    1773    1156     839     111     2.0    1773    1156     839     111     2.0
alpha 0 8     0    0.03    2113    1377    1000     132     1.8    2113    1377    1000     132     1.8
alpha 0 8     0    0.04    3399    2299    1584     242     2.0    3399    2299    1584     242     2.0
alpha 0 8     0    0.04    2977    2021    1384     214     2.0    2977    2021    1384     214     2.0
alpha 0 8     0    0.03    1882    1280     880     139     2.0    1882    1280     880     139     2.0
alpha 0 8     0    0.04    3028    2034    1368     187     1.8    3028    2034    1368     187     1.8
alpha 0 8     0    0.05    3821    2566    1793     269     2.0    3821    2566    1793     269     2.0
alpha 0 8     0    0.05    4383    3049    1996     331     2.0    4383    3049    1996     331     2.0
alpha 0 8     0    0.07    6050    4034    2848     416     1.9    6050    4034    2848     416     1.9
alpha 0 8     0    0.05    4291    2878    2011     299     1.8    4291    2878    2011     299     1.8
alpha 0 8     0    0.02    1435     951     682      99     1.9    1435     951     682      99     1.9
alpha 0 8     0    0.05    4340    2923    2029     306     2.0    4340    2923    2029     306     2.0
alpha 0 8     0    0.02    1479     984     693      99     2.0    1479     984     693      99     2.0
alpha 0 8     0    0.04    2760    1793    1315     174     1.9    2760    1793    1315     174     1.9
alpha 0 8     0    0.03    2252    1510    1044     151     1.9    2252    1510    1044     151     1.9
alpha 0 8     0    0.02    1381     907     648      87     1.9    1381     907     648      87     1.9
alpha 0 8     0    0.02    1266     842     602      89     1.9    1266     842     602      89     1.9
alpha 0 8     0    0.02    1266     875     591     100     2.0    1266     875     591     100     2.0
alpha 0 8     0    0.03    2386    1575    1105     147     2.1    2386    1575    1105     147     2.1
alpha 0 16     0    0.03    1340     908     602      85     1.8    1340     908     602      85     1.8
alpha 0 16     0    0.04    1794    1187     853     123     2.0    1794    1187     853     123     2.0
alpha 0 16     0    0.02     443     271     214      21     1.6     443     271     214      21     1.6
alpha 0 16     0    0.04    1768    1205     797     117     1.9    1768    1205     797     117     1.9
alpha 0 16     0    0.02     212     133      99      10     2.3     212     133      99      10     2.3
alpha 0 16     0    0.04    2123    1430     995     151     1.9    2123    1430     995     151     1.9
alpha 0 16     0    0.07    5142    3432    2438     364     1.9    5142    3432    2438     364     1.9
alpha 0 16     0    0.03     857     536     427      53     1.8     857     536     427      53     1.8
alpha 0 16     0    0.03    1306     892     592      89     1.8    1306     892     592      89     1.8
alpha 0 16     0    0.03     940     645     429      67     1.6     940     645     429      67     1.6
alpha 0 16     0    0.04    1709    1108     819     109     1.7    1709    1108     819     109     1.7
alpha 0 16     0    0.03     855     546     419      55     2.1     855     546     419      55     2.1
alpha 0 16     0    0.03     713     458     341      43     1.8     713     458     341      43     1.8
alpha 0 16     0    0.02     665     447     316      49     2.1     665     447     316      49     2.1
alpha 0 16     0    0.03     465     297     228      30     1.6     465     297     228      30     1.6
alpha 0 16     0    0.03     829     507     428      53     2.1     829     507     428      53     2.1
alpha 0 16     0    0.03     686     448     330      46     2.0     686     448     330      46     2.0
alpha 0 16     0    0.03    1254     824     594      82     1.7    1254     824     594      82     1.7
alpha 0 16     0    0.04    1665    1074     795     102     1.9    1665    1074     795     102     1.9
alpha 0 16     0    0.04    1755    1155     820     110     1.8    1755    1155     820     110     1.8
alpha 0 16     0    0.03     684     459     325      50     1.8     684     459     325      50     1.8
alpha 0 16     0    0.03    1236     819     575      79     2.0    1236     819     575      79     2.0
alpha 0 16     0    0.03     995     647     486      69     2.0     995     647     486      69     2.0
alpha 0 16     0    0.02     333     196     167      15     1.8     333     196     167      15     1.8
alpha 0 16     0    0.03     919     641     400      61     1.7     919     641     400      61     1.7
alpha 0 16     0    0.03     874     586     410      61     1.9     874     586     410      61     1.9
alpha 0 16     0    0.04    1866    1295     865     147     2.1    1866    1295     865     147     2.1
alpha 0 16     0    0.03     970     649     455      67     1.8     970     649     455      67     1.8
alpha 0 16     0    0.03     504     312     248      28     1.7     504     312     248      28     1.7
alpha 0 16     0    0.03     507     333     236      31     1.8     507     333     236      31     1.8
