langford 80 4     0    1.45    6972     265    6707       0    10.9    6972     265    6707       0    10.9
langford 80 4     0    1.28    6159     229    5930       0    11.2    6159     229    5930       0    11.2
langford 80 4     0    0.47    2219      96    2123       0    20.4    2219      96    2123       0    20.4
langford 80 4     0    1.44    6896     239    6656       0    12.8    6896     239    6656       0    12.8
langford 80 4     0    0.91    4378     156    4221       0    14.6    4378     156    4221       0    14.6
langford 80 4     0    0.68    3249     114    3135       0    18.7    3249     114    3135       0    18.7
langford 80 4     0    0.92    4396     179    4217       1    20.6    4396     179    4217       1    20.6
langford 80 4     0    0.64    3075     108    2966       0    21.7    3075     108    2966       0    21.7
langford 80 4     0    0.46    2212      73    2139       0    16.6    2212      73    2139       0    16.6
langford 80 4     0    1.04    4993     175    4818       0    13.6    4993     175    4818       0    13.6
langford 80 4     0    0.67    3220     132    3088       0    17.9    3220     132    3088       0    17.9
langford 80 4     0    0.49    2328      86    2241       0    18.1    2328      86    2241       0    18.1
langford 80 4     0    0.88    4190     182    4008       0    10.5    4190     182    4008       0    10.5
langford 80 4     0    0.80    3815     134    3681       0    14.5    3815     134    3681       0    14.5
langford 80 4     0    0.58    2762     114    2648       0    12.8    2762     114    2648       0    12.8
langford 80 4     0    0.77    3690     120    3566       0    14.7    3690     120    3566       0    14.7
langford 80 4     0    0.43    2046      82    1962       0    24.9    2046      82    1962       0    24.9
langford 80 4     0    0.42    2020      72    1948       0    16.8    2020      72    1948       0    16.8
langford 80 4     0    0.83    3977     149    3828       1    13.1    3977     149    3828       1    13.1
langford 80 4     0    0.66    3142     138    3004       0    11.9    3142     138    3004       0    11.9
langford 80 4     0    1.01    4846     195    4650       0    16.1    4846     195    4650       0    16.1
langford 80 4     0    0.62    2972     100    2874       1    21.4    2972     100    2874       1    21.4
langford 80 4     0    0.38    1819      55    1764       0    20.8    1819      55    1764       0    20.8
langford 80 4     0    0.46    2204      85    2117       0    17.5    2204      85    2117       0    17.5
langford 80 4     0    0.41    1935      81    1854       0    24.0    1935      81    1854       0    24.0
langford 80 4     0    0.47    2260      71    2189       0    19.3    2260      71    2189       0    19.3
langford 80 4     0    0.41    1954      57    1897       0    17.8    1954      57    1897       0    17.8
langford 80 4     0    1.89    9085     377    8705       0     8.3    9085     377    8705       0     8.3
langford 80 4     0    0.76    3627     151    3475       0    14.3    3627     151    3475       0    14.3
langford 80 4     0    0.68    3257     125    3132       0    17.1    3257     125    3132       0    17.1
langford 80 8     0    0.50    2384      87    2297       0    20.5    2384      87    2297       0    20.5
langford 80 8     0    0.45    2117      80    2039       1    29.3    2117      80    2039       1    29.3
langford 80 8     0    0.43    2030      90    1939       0    21.5    2030      90    1939       0    21.5
langford 80 8     0    0.59    2787      96    2691       0    26.1    2787      96    2691       0    26.1
langford 80 8     0    0.46    2161      92    2069       0    23.4    2161      92    2069       0    23.4
langford 80 8     0    0.47    2217      93    2123       0    22.2    2217      93    2123       0    22.2
langford 80 8     0    0.73    3496     158    3337       0    15.9    3496     158    3337       0    15.9
langford 80 8     0    0.31    1470      56    1413       0    26.4    1470      56    1413       0    26.4
langford 80 8     0    0.85    4046     153    3892       0    13.6    4046     153    3892       0    13.6
langford 80 8     0    1.06    5084     211    4873       0     9.3    5084     211    4873       0     9.3
langford 80 8     0    0.80    3791     134    3656       0    13.0    3791     134    3656       0    13.0
langford 80 8     0    1.05    5024     182    4844       1    14.3    5024     182    4844       1    14.3
langford 80 8     0    0.43    2037      76    1960       0    14.4    2037      76    1960       0    14.4
langford 80 8     0    0.41    1919      76    1842       0    17.3    1919      76    1842       0    17.3
langford 80 8     0    0.36    1711      54    1657       0    18.7    1711      54    1657       0    18.7
langford 80 8     0    0.18     839      30     809       0    37.8     839      30     809       0    37.8
langford 80 8     0    0.61    2901     108    2793       0    14.7    2901     108    2793       0    14.7
langford 80 8     0    0.86    4084     166    3916       0    12.1    4084     166    3916       0    12.1
langford 80 8     0    0.19     882      30     852       0    25.8     882      30     852       0    25.8
langford 80 8     0    0.81    3834     126    3710       1    13.0    3834     126    3710       1    13.0
langford 80 8     0    1.22    5826     245    5578       0    11.7    5826     245    5578       0    11.7
langford 80 8     0    0.47    2194      90    2104       0    14.0    2194      90    2104       0    14.0
langford 80 8     0    0.50    2380      88    2292       0    14.1    2380      88    2292       0    14.1
langford 80 8     0    0.32    1477      50    1427       0    24.6    1477      50    1427       0    24.6
langford 80 8     0    0.57    2726     117    2609       0    15.0    2726     117    2609       0    15.0
langford 80 8     0    1.33    6360     235    6125       0    10.3    6360     235    6125       0    10.3
langford 80 8     0    0.77    3672     135    3535       0    17.8    3672     135    3535       0    17.8
langford 80 8     0    0.68    3236     123    3112       0    14.6    3236     123    3112       0    14.6
langford 80 8     0    0.50    2372      94    2278       0    22.0    2372      94    2278       0    22.0
langford 80 8     0    0.78    3714     152    3556       0    14.9    3714     152    3556       0    14.9
langford 80 16     0    0.24    1058      44    1014       0    33.7    1058      44    1014       0    33.7
langford 80 16     0    0.29    1284      36    1248       0    19.8    1284      36    1248       0    19.8
langford 80 16     0    0.34    1517      50    1467       0    26.8    1517      50    1467       0    26.8
langford 80 16     0    0.81    3800     159    3643       1    15.7    3800     159    3643       1    15.7
langford 80 16     0    0.40    1824      53    1771       0    26.3    1824      53    1771       0    26.3
langford 80 16     0    0.33    1504      49    1455       0    19.9    1504      49    1455       0    19.9
langford 80 16     0    0.45    2098      70    2029       1    18.8    2098      70    2029       1    18.8
langford 80 16     0    0.55    2567     101    2465       0    19.0    2567     101    2465       0    19.0
langford 80 16     0    0.79    3695     131    3564       0    12.2    3695     131    3564       0    12.2
langford 80 16     0    0.39    1774      65    1711       1    24.6    1774      65    1711       1    24.6
langford 80 16     0    0.55    2550      97    2455       1    16.4    2550      97    2455       1    16.4
langford 80 16     0    0.37    1673      60    1613       0    22.8    1673      60    1613       0    22.8
langford 80 16     0    0.57    2674      99    2575       0    15.5    2674      99    2575       0    15.5
langford 80 16     0    0.45    2057      64    1993       0    16.4    2057      64    1993       0    16.4
langford 80 16     0    0.45    2078      63    2015       0    17.2    2078      63    2015       0    17.2
langford 80 16     0    0.31    1409      42    1366       0    17.8    1409      42    1366       0    17.8
langford 80 16     0    0.46    2114      78    2036       0    14.7    2114      78    2036       0    14.7
langford 80 16     0    0.43    1960      72    1888       0    22.5    1960      72    1888       0    22.5
langford 80 16     0    0.42    1932      91    1841       0    21.4    1932      91    1841       0    21.4
langford 80 16     0    0.36    1634      68    1568       1    15.1    1634      68    1568       1    15.1
langford 80 16     0    0.55    2539      99    2442       1    19.0    2539      99    2442       1    19.0
langford 80 16     0    0.26    1174      36    1138       0    33.7    1174      36    1138       0    33.7
langford 80 16     0    0.49    2280      84    2198       1    18.5    2280      84    2198       1    18.5
langford 80 16     0    0.54    2498     104    2394       0    25.9    2498     104    2394       0    25.9
langford 80 16     0    0.47    2186      77    2111       1    26.0    2186      77    2111       1    26.0
langford 80 16     0    0.56    2590      91    2499       0    14.8    2590      91    2499       0    14.8
langford 80 16     0    0.46    2148      81    2067       0    23.3    2148      81    2067       0    23.3
langford 80 16     0    0.48    2208      82    2125       0    19.6    2208      82    2125       0    19.6
langford 80 16     0    0.30    1355      50    1305       0    21.3    1355      50    1305       0    21.3
langford 80 16     0    0.26    1146      32    1114       0    24.4    1146      32    1114       0    24.4
langford 100 4     0    0.64    2012      83    1929       0    23.8    2012      83    1929       0    23.8
langford 100 4     0    4.21   13273     557   12714       0    10.6   13273     557   12714       0    10.6
langford 100 4     0    0.86    2694     128    2566       0    27.6    2694     128    2566       0    27.6
langford 100 4     0    1.48    4641     149    4491       0    11.0    4641     149    4491       0    11.0
langford 100 4     0    0.97    3046     101    2945       0    25.8    3046     101    2945       0    25.8
langford 100 4     0    1.71    5370     213    5157       0    21.6    5370     213    5157       0    21.6
langford 100 4     0    0.96    3021     116    2905       0    15.7    3021     116    2905       0    15.7
langford 100 4     0    5.39   17001     653   16348       0     7.8   17001     653   16348       0     7.8
langford 100 4     0    2.21    6958     280    6677       0    14.6    6958     280    6677       0    14.6
langford 100 4     0    1.82    5731     215    5515       0    14.9    5731     215    5515       0    14.9
langford 100 4     0    3.11    9789     393    9391       0    10.2    9789     393    9391       0    10.2
langford 100 4     0    1.29    4048     157    3890       0    15.9    4048     157    3890       0    15.9
langford 100 4     0    1.03    3232     118    3114       0    16.7    3232     118    3114       0    16.7
langford 100 4     0    1.23    3878     155    3723       0    22.2    3878     155    3723       0    22.2
langford 100 4     0    1.51    4759     196    4563       0    19.2    4759     196    4563       0    19.2
langford 100 4     0    1.63    5131     181    4949       0    17.7    5131     181    4949       0    17.7
langford 100 4     0    2.01    6339     260    6078       0    15.7    6339     260    6078       0    15.7
langford 100 4     0    1.10    3442     133    3307       0    22.1    3442     133    3307       0    22.1
langford 100 4     0    2.04    6420     250    6168       0    20.2    6420     250    6168       0    20.2
langford 100 4     0    0.50    1575      65    1510       0    34.9    1575      65    1510       0    34.9
langford 100 4     0    1.21    3787     152    3631       0    19.3    3787     152    3631       0    19.3
langford 100 4     0    2.72    8569     351    8218       0    10.1    8569     351    8218       0    10.1
langford 100 4     0    2.35    7399     295    7104       0    12.3    7399     295    7104       0    12.3
langford 100 4     0    1.26    3962     128    3828       0    18.8    3962     128    3828       0    18.8
langford 100 4     0    1.49    4696     178    4520       1    21.9    4696     178    4520       1    21.9
langford 100 4     0    1.10    3451     133    3318       0    17.6    3451     133    3318       0    17.6
langford 100 4     0    1.94    6117     227    5889       0    12.5    6117     227    5889       0    12.5
langford 100 4     0    1.14    3588     136    3451       0    16.9    3588     136    3451       0    16.9
langford 100 4     0    1.62    5099     191    4908       0    19.8    5099     191    4908       0    19.8
langford 100 4     0    1.92    6048     241    5807       0     9.2    6048     241    5807       0     9.2
langford 100 8     0    1.62    5069     187    4882       0    20.2    5069     187    4882       0    20.2
langford 100 8     0    0.47    1450      38    1411       0    30.5    1450      38    1411       0    30.5
langford 100 8     0    1.85    5797     216    5579       0    17.8    5797     216    5579       0    17.8
langford 100 8     0    1.10    3447     140    3307       0    17.5    3447     140    3307       0    17.5
langford 100 8     0    1.37    4284     164    4117       1    14.7    4284     164    4117       1    14.7
langford 100 8     0    0.98    3056     118    2937       0    23.2    3056     118    2937       0    23.2
langford 100 8     0    2.48    7796     307    7488       0    11.1    7796     307    7488       0    11.1
langford 100 8     0    0.61    1901      70    1831       0    23.1    1901      70    1831       0    23.1
langford 100 8     0    1.10    3433     116    3317       0    24.0    3433     116    3317       0    24.0
langford 100 8     0    0.91    2854      93    2760       0    28.6    2854      93    2760       0    28.6
langford 100 8     0    0.86    2677      98    2579       0    18.2    2677      98    2579       0    18.2
langford 100 8     0    1.35    4241     161    4082       1    16.5    4241     161    4082       1    16.5
langford 100 8     0    1.51    4748     211    4535       0    14.2    4748     211    4535       0    14.2
langford 100 8     0    0.80    2484      88    2396       0    22.4    2484      88    2396       0    22.4
langford 100 8     0    2.82    8861     336    8524       1    12.8    8861     336    8524       1    12.8
langford 100 8     0    1.45    4540     186    4352       0    16.0    4540     186    4352       0    16.0
langford 100 8     0    2.75    8647     330    8319       2    18.6    8647     330    8319       2    18.6
langford 100 8     0    0.50    1556      47    1509       0    26.7    1556      47    1509       0    26.7
langford 100 8     0    0.78    2442      85    2357       0    23.0    2442      85    2357       0    23.0
langford 100 8     0    0.65    2013      76    1937       0    19.2    2013      76    1937       0    19.2
langford 100 8     0    1.48    4646     198    4450       1    23.2    4646     198    4450       1    23.2
langford 100 8     0    0.90    2801      91    2710       0    19.3    2801      91    2710       0    19.3
langford 100 8     0    1.43    4467     169    4296       1    16.0    4467     169    4296       1    16.0
langford 100 8     0    1.11    3465     126    3339       0    22.5    3465     126    3339       0    22.5
langford 100 8     0    1.01    3148     133    3015       0    19.1    3148     133    3015       0    19.1
langford 100 8     0    1.82    5722     234    5491       2    16.5    5722     234    5491       2    16.5
langford 100 8     0    1.87    5886     220    5666       0    22.3    5886     220    5666       0    22.3
langford 100 8     0    1.82    5706     207    5500       1    21.8    5706     207    5500       1    21.8
langford 100 8     0    2.64    8297     298    7999       0     9.2    8297     298    7999       0     9.2
langford 100 8     0    1.23    3860     151    3709       0    20.8    3860     151    3709       0    20.8
langford 100 16     0    0.78    2410      87    2323       0    19.7    2410      87    2323       0    19.7
langford 100 16     0    0.94    2907      93    2814       0    16.0    2907      93    2814       0    16.0
langford 100 16     0    1.06    3270     129    3139       0    18.3    3270     129    3139       0    18.3
langford 100 16     0    0.94    2903     110    2793       0    29.7    2903     110    2793       0    29.7
langford 100 16     0    1.78    5541     211    5331       1    15.5    5541     211    5331       1    15.5
langford 100 16     0    0.98    3023     105    2918       0    19.4    3023     105    2918       0    19.4
langford 100 16     0    1.19    3685     135    3550       0    24.0    3685     135    3550       0    24.0
langford 100 16     0    1.47    4589     172    4416       0    17.0    4589     172    4416       0    17.0
langford 100 16     0    1.06    3300     115    3185       0    21.6    3300     115    3185       0    21.6
langford 100 16     0    1.48    4623     186    4436       0    13.8    4623     186    4436       0    13.8
langford 100 16     0    1.52    4729     189    4539       0    19.3    4729     189    4539       0    19.3
langford 100 16     0    0.82    2535     103    2431       0    23.2    2535     103    2431       0    23.2
langford 100 16     0    1.05    3250     107    3143       0    20.7    3250     107    3143       0    20.7
langford 100 16     0    1.25    3885     156    3730       1    17.7    3885     156    3730       1    17.7
langford 100 16     0    1.50    4668     200    4468       0    23.2    4668     200    4468       0    23.2
langford 100 16     0    1.06    3285     154    3131       0    18.6    3285     154    3131       0    18.6
langford 100 16     0    1.14    3547     131    3416       0    22.1    3547     131    3416       0    22.1
langford 100 16     0    0.61    1856      64    1792       0    31.9    1856      64    1792       0    31.9
langford 100 16     0    1.08    3331     122    3208       0    23.9    3331     122    3208       0    23.9
langford 100 16     0    1.74    5420     222    5198       0    16.9    5420     222    5198       0    16.9
langford 100 16     0    0.78    2386      90    2296       0    21.2    2386      90    2296       0    21.2
langford 100 16     0    0.78    2403      83    2320       0    19.5    2403      83    2320       0    19.5
langford 100 16     0    1.08    3358     144    3214       0    18.1    3358     144    3214       0    18.1
langford 100 16     0    0.61    1876      59    1817       0    24.2    1876      59    1817       0    24.2
langford 100 16     0    1.21    3769     132    3635       0    17.7    3769     132    3635       0    17.7
langford 100 16     0    1.05    3259     127    3131       0    23.2    3259     127    3131       0    23.2
langford 100 16     0    1.14    3536     138    3398       0    16.6    3536     138    3398       0    16.6
langford 100 16     0    1.58    4940     191    4749       0    18.9    4940     191    4749       0    18.9
langford 100 16     0    1.09    3377     119    3258       0    19.5    3377     119    3258       0    19.5
langford 100 16     0    0.53    1611      51    1560       0    24.3    1611      51    1560       0    24.3
langford 120 4     0    3.07    6830     246    6584       0    16.6    6830     246    6584       0    16.6
langford 120 4     0    2.64    5859     231    5628       0    18.7    5859     231    5628       0    18.7
langford 120 4     0    3.44    7654     281    7372       0    13.0    7654     281    7372       0    13.0
langford 120 4     0    6.63   14745     567   14178       0    12.2   14745     567   14178       0    12.2
langford 120 4     0    1.14    2538     116    2422       0    32.2    2538     116    2422       0    32.2
langford 120 4     0    6.48   14414     566   13852       2    13.7   14414     566   13852       2    13.7
langford 120 4     0    1.47    3259     119    3140       0    32.0    3259     119    3140       0    32.0
langford 120 4     0    3.77    8373     301    8078       3    17.4    8373     301    8078       3    17.4
langford 120 4     0    2.01    4467     181    4285       0    25.1    4467     181    4285       0    25.1
langford 120 4     0    2.27    5049     179    4869       0    23.2    5049     179    4869       0    23.2
langford 120 4     0    8.36   18595     726   17867       0    11.1   18595     726   17867       0    11.1
langford 120 4     0    5.17   11489     444   11046       1    11.8   11489     444   11046       1    11.8
langford 120 4     0    3.73    8290     288    8002       0    12.6    8290     288    8002       0    12.6
langford 120 4     0    2.05    4557     191    4365       0    26.5    4557     191    4365       0    26.5
langford 120 4     0    1.34    2969     102    2867       0    32.0    2969     102    2867       0    32.0
langford 120 4     0    5.00   11127     420   10705       0    13.7   11127     420   10705       0    13.7
langford 120 4     0    4.56   10132     396    9735       0    12.2   10132     396    9735       0    12.2
langford 120 4     0    2.67    5937     221    5712       0    13.5    5937     221    5712       0    13.5
langford 120 4     0    5.68   12631     493   12132       0     9.8   12631     493   12132       0     9.8
langford 120 4     0    2.86    6362     262    6099       0    23.5    6362     262    6099       0    23.5
langford 120 4     0    1.66    3689     134    3555       0    25.7    3689     134    3555       0    25.7
langford 120 4     0    3.66    8130     295    7835       0    15.3    8130     295    7835       0    15.3
langford 120 4     0    2.99    6655     246    6409       0    18.4    6655     246    6409       0    18.4
langford 120 4     0   11.07   24637     970   23668       4    14.1   24637     970   23668       4    14.1
langford 120 4     0    1.46    3229     109    3120       0    23.7    3229     109    3120       0    23.7
langford 120 4     0    2.10    4661     204    4457       0    18.6    4661     204    4457       0    18.6
langford 120 4     0    3.00    6675     253    6421       0    16.8    6675     253    6421       0    16.8
langford 120 4     0    5.62   12508     505   12002       0    13.6   12508     505   12002       0    13.6
langford 120 4     0    2.04    4542     157    4385       0    18.9    4542     157    4385       0    18.9
langford 120 4     0    0.85    1893      75    1818       0    32.9    1893      75    1818       0    32.9
langford 120 8     0    2.27    5043     186    4857       0    24.4    5043     186    4857       0    24.4
langford 120 8     0    2.24    4968     193    4775       0    22.5    4968     193    4775       0    22.5
langford 120 8     0    1.87    4146     164    3982       0    35.4    4146     164    3982       0    35.4
langford 120 8     0    3.32    7368     288    7080       0    18.7    7368     288    7080       0    18.7
langford 120 8     0    2.25    4997     202    4795       0    24.0    4997     202    4795       0    24.0
langford 120 8     0    2.28    5053     160    4893       0    24.5    5053     160    4893       0    24.5
langford 120 8     0    2.13    4713     187    4526       0    22.5    4713     187    4526       0    22.5
langford 120 8     0    2.57    5710     247    5463       0    15.7    5710     247    5463       0    15.7
langford 120 8     0    4.76   10583     403   10179       0    14.5   10583     403   10179       0    14.5
langford 120 8     0    2.45    5435     180    5256       1    27.8    5435     180    5256       1    27.8
langford 120 8     0    1.56    3456     120    3336       0    27.0    3456     120    3336       0    27.0
langford 120 8     0    1.39    3070     104    2966       0    23.8    3070     104    2966       0    23.8
langford 120 8     0    3.37    7476     305    7171       0    23.1    7476     305    7171       0    23.1
langford 120 8     0    2.67    5923     234    5687       0    17.0    5923     234    5687       0    17.0
langford 120 8     0    0.81    1794      69    1725       0    28.6    1794      69    1725       0    28.6
langford 120 8     0    2.19    4855     167    4688       0    20.3    4855     167    4688       0    20.3
langford 120 8     0    2.04    4513     153    4360       0    32.5    4513     153    4360       0    32.5
langford 120 8     0    1.43    3161     136    3025       0    33.7    3161     136    3025       0    33.7
langford 120 8     0    1.26    2791      91    2700       0    35.9    2791      91    2700       0    35.9
langford 120 8     0    2.08    4622     178    4444       0    22.7    4622     178    4444       0    22.7
langford 120 8     0    3.29    7298     277    7021       0    14.9    7298     277    7021       0    14.9
langford 120 8     0    2.68    5950     238    5710       0    17.9    5950     238    5710       0    17.9
langford 120 8     0    1.85    4100     186    3914       1    24.7    4100     186    3914       1    24.7
langford 120 8     0    1.45    3212     111    3100       0    23.6    3212     111    3100       0    23.6
langford 120 8     0    2.48    5507     205    5304       1    23.5    5507     205    5304       1    23.5
langford 120 8     0    2.71    6005     249    5757       1    21.1    6005     249    5757       1    21.1
langford 120 8     0    2.07    4582     156    4428       1    17.4    4582     156    4428       1    17.4
langford 120 8     0    4.38    9741     392    9349       1    15.1    9741     392    9349       1    15.1
langford 120 8     0    2.56    5680     219    5461       0    17.6    5680     219    5461       0    17.6
langford 120 8     0    3.45    7658     302    7356       0    17.1    7658     302    7356       0    17.1
langford 120 16     0    2.49    5512     214    5297       0    22.1    5512     214    5297       0    22.1
langford 120 16     0    2.40    5292     188    5104       0    21.5    5292     188    5104       0    21.5
langford 120 16     0    3.17    7019     284    6735       0    17.4    7019     284    6735       0    17.4
langford 120 16     0    3.22    7130     247    6882       0    14.0    7130     247    6882       0    14.0
langford 120 16     0    3.17    7013     239    6776       1    26.2    7013     239    6776       1    26.2
langford 120 16     0    1.38    3019     110    2908       0    31.5    3019     110    2908       0    31.5
langford 120 16     0    2.50    5536     221    5316       1    24.6    5536     221    5316       1    24.6
langford 120 16     0    1.63    3586     145    3441       0    23.8    3586     145    3441       0    23.8
langford 120 16     0    1.71    3765     129    3636       0    31.1    3765     129    3636       0    31.1
langford 120 16     0    1.18    2577     100    2477       0    30.6    2577     100    2477       0    30.6
langford 120 16     0    2.40    5309     187    5122       0    24.7    5309     187    5122       0    24.7
langford 120 16     0    2.27    5000     189    4811       0    19.1    5000     189    4811       0    19.1
langford 120 16     0    1.72    3779     139    3639       0    26.2    3779     139    3639       0    26.2
langford 120 16     0    2.65    5852     247    5605       0    18.4    5852     247    5605       0    18.4
langford 120 16     0    1.30    2865     106    2759       0    32.9    2865     106    2759       0    32.9
langford 120 16     0    2.47    5452     223    5228       0    21.6    5452     223    5228       0    21.6
langford 120 16     0    2.13    4705     163    4542       0    13.4    4705     163    4542       0    13.4
langford 120 16     0    2.74    6055     223    5832       0    18.8    6055     223    5832       0    18.8
langford 120 16     0    1.95    4296     160    4132       0    26.4    4296     160    4132       0    26.4
langford 120 16     0    1.56    3442     121    3320       0    23.1    3442     121    3320       0    23.1
langford 120 16     0    1.31    2880     115    2765       0    23.6    2880     115    2765       0    23.6
langford 120 16     0    2.56    5667     176    5489       0    18.6    5667     176    5489       0    18.6
langford 120 16     0    1.33    2923     137    2789       2    29.8    2923     137    2789       2    29.8
langford 120 16     0    1.58    3476     139    3339       1    22.2    3476     139    3339       1    22.2
langford 120 16     0    2.01    4431     169    4262       0    27.0    4431     169    4262       0    27.0
langford 120 16     0    2.69    5945     221    5723       0    19.0    5945     221    5723       0    19.0
langford 120 16     0    1.56    3443     128    3315       0    30.4    3443     128    3315       0    30.4
langford 120 16     0    1.33    2928     101    2828       1    35.2    2928     101    2828       1    35.2
langford 120 16     0    1.89    4169     152    4018       1    21.7    4169     152    4018       1    21.7
langford 120 16     0    1.75    3863     135    3730       1    24.5    3863     135    3730       1    24.5
langford 140 4     0    8.10   13394     496   12901       2    22.4   13394     496   12901       2    22.4
langford 140 4     0    6.01    9933     393    9544       2    21.2    9933     393    9544       2    21.2
langford 140 4     0    4.73    7824     290    7534       0    22.8    7824     290    7534       0    22.8
langford 140 4     0    2.97    4901     207    4694       0    28.3    4901     207    4694       0    28.3
langford 140 4     0    4.23    6986     275    6711       0    26.9    6986     275    6711       0    26.9
langford 140 4     0    6.84   11302     445   10856       0    17.8   11302     445   10856       0    17.8
langford 140 4     0    5.68    9397     345    9050       0    21.8    9397     345    9050       0    21.8
langford 140 4     0    4.15    6855     257    6595       0    26.9    6855     257    6595       0    26.9
langford 140 4     0    6.94   11479     442   11034       0    21.7   11479     442   11034       0    21.7
langford 140 4     0    4.66    7706     305    7403       1    26.2    7706     305    7403       1    26.2
langford 140 4     0    2.15    3546     144    3402       0    31.0    3546     144    3402       0    31.0
langford 140 4     0    4.18    6914     273    6641       0    16.3    6914     273    6641       0    16.3
langford 140 4     0    4.86    8039     287    7751       0    18.7    8039     287    7751       0    18.7
langford 140 4     0    7.69   12719     503   12215       0    13.7   12719     503   12215       0    13.7
langford 140 4     0    7.69   12720     497   12222       0    19.6   12720     497   12222       0    19.6
langford 140 4     0    7.46   12342     461   11879       0    15.0   12342     461   11879       0    15.0
langford 140 4     0    3.41    5629     215    5416       1    31.0    5629     215    5416       1    31.0
langford 140 4     0    2.93    4841     175    4666       0    30.8    4841     175    4666       0    30.8
langford 140 4     0    3.94    6515     285    6232       1    25.0    6515     285    6232       1    25.0
langford 140 4     0   10.72   17728     698   17033       2    16.4   17728     698   17033       2    16.4
langford 140 4     0    4.39    7251     282    6969       0    20.7    7251     282    6969       0    20.7
langford 140 4     0    3.34    5522     206    5316       0    24.0    5522     206    5316       0    24.0
langford 140 4     0    6.51   10760     398   10365       2    16.2   10760     398   10365       2    16.2
langford 140 4     0    7.71   12753     495   12254       0    12.4   12753     495   12254       0    12.4
langford 140 4     0    2.61    4310     155    4157       1    32.2    4310     155    4157       1    32.2
langford 140 4     0    5.12    8470     340    8130       0    22.1    8470     340    8130       0    22.1
langford 140 4     0    5.92    9778     381    9395       0    12.3    9778     381    9395       0    12.3
langford 140 4     0    5.43    8975     351    8622       0    18.7    8975     351    8622       0    18.7
langford 140 4     0    6.56   10840     392   10448       0    16.5   10840     392   10448       0    16.5
langford 140 4     0    6.47   10693     413   10280       0    18.4   10693     413   10280       0    18.4
langford 140 8     0    2.73    4507     152    4355       0    35.2    4507     152    4355       0    35.2
langford 140 8     0    4.70    7759     304    7454       0    20.3    7759     304    7454       0    20.3
langford 140 8     0    7.19   11874     462   11413       1    14.3   11874     462   11413       1    14.3
langford 140 8     0    2.41    3974     168    3805       0    31.5    3974     168    3805       0    31.5
langford 140 8     0    9.08   15001     589   14412       0    17.3   15001     589   14412       0    17.3
langford 140 8     0    2.57    4236     159    4076       0    36.7    4236     159    4076       0    36.7
langford 140 8     0    7.55   12482     508   11974       0    12.7   12482     508   11974       0    12.7
langford 140 8     0    3.67    6048     222    5825       0    24.7    6048     222    5825       0    24.7
langford 140 8     0    8.38   13855     562   13295       1    14.1   13855     562   13295       1    14.1
langford 140 8     0    6.85   11317     399   10922       2    16.0   11317     399   10922       2    16.0
langford 140 8     0    5.69    9394     343    9053       1    24.2    9394     343    9053       1    24.2
langford 140 8     0    4.58    7565     256    7308       0    21.2    7565     256    7308       0    21.2
langford 140 8     0    4.19    6915     250    6667       1    28.0    6915     250    6667       1    28.0
langford 140 8     0    4.47    7383     301    7084       1    18.3    7383     301    7084       1    18.3
langford 140 8     0    2.92    4812     184    4630       1    30.7    4812     184    4630       1    30.7
langford 140 8     0    4.00    6601     243    6360       1    33.0    6601     243    6360       1    33.0
langford 140 8     0    3.91    6459     262    6199       1    16.1    6459     262    6199       1    16.1
langford 140 8     0    3.28    5407     224    5181       1    24.4    5407     224    5181       1    24.4
langford 140 8     0    3.61    5963     226    5736       0    18.8    5963     226    5736       0    18.8
langford 140 8     0    5.12    8453     326    8124       0    19.2    8453     326    8124       0    19.2
langford 140 8     0    5.04    8328     336    7992       0    18.1    8328     336    7992       0    18.1
langford 140 8     0    3.73    6151     217    5934       0    22.1    6151     217    5934       0    22.1
langford 140 8     0    4.02    6632     267    6364       0    19.5    6632     267    6364       0    19.5
langford 140 8     0    3.31    5463     229    5234       0    19.0    5463     229    5234       0    19.0
langford 140 8     0    3.31    5459     190    5271       1    23.8    5459     190    5271       1    23.8
langford 140 8     0    1.61    2653     101    2554       1    34.6    2653     101    2554       1    34.6
langford 140 8     0    5.85    9661     374    9287       1    15.8    9661     374    9287       1    15.8
langford 140 8     0    3.65    6026     251    5775       0    31.3    6026     251    5775       0    31.3
langford 140 8     0    1.95    3208     150    3060       1    37.6    3208     150    3060       1    37.6
langford 140 8     0    2.17    3573     112    3461       0    35.2    3573     112    3461       0    35.2
langford 140 16     0    1.79    2937     107    2829       0    45.8    2937     107    2829       0    45.8
langford 140 16     0    3.50    5751     227    5522       0    21.3    5751     227    5522       0    21.3
langford 140 16     0    2.57    4216     148    4068       0    32.2    4216     148    4068       0    32.2
langford 140 16     0    1.90    3107     123    2984       0    33.1    3107     123    2984       0    33.1
langford 140 16     0    3.48    5728     226    5503       1    21.1    5728     226    5503       1    21.1
langford 140 16     0    3.14    5159     190    4969       0    31.3    5159     190    4969       0    31.3
langford 140 16     0    4.08    6716     239    6476       0    21.9    6716     239    6476       0    21.9
langford 140 16     0    3.48    5732     221    5511       0    23.5    5732     221    5511       0    23.5
langford 140 16     0    2.27    3726     142    3583       0    22.4    3726     142    3583       0    22.4
langford 140 16     0    2.16    3536     119    3417       0    28.6    3536     119    3417       0    28.6
langford 140 16     0    2.98    4904     201    4703       0    27.0    4904     201    4703       0    27.0
langford 140 16     0    3.70    6098     225    5871       0    24.2    6098     225    5871       0    24.2
langford 140 16     0    2.08    3412     116    3296       0    34.5    3412     116    3296       0    34.5
langford 140 16     0    3.91    6431     248    6180       0    22.5    6431     248    6180       0    22.5
langford 140 16     0    2.84    4672     159    4511       0    27.6    4672     159    4511       0    27.6
langford 140 16     0    3.10    5099     212    4887       0    31.0    5099     212    4887       0    31.0
langford 140 16     0    8.77   14473     590   13883       0    10.4   14473     590   13883       0    10.4
langford 140 16     0    2.85    4692     184    4510       1    26.3    4692     184    4510       1    26.3
langford 140 16     0    2.78    4564     187    4374       0    28.6    4564     187    4374       0    28.6
langford 140 16     0    3.28    5396     202    5193       0    27.8    5396     202    5193       0    27.8
langford 140 16     0    3.12    5134     187    4947       0    35.5    5134     187    4947       0    35.5
langford 140 16     0    2.61    4280     153    4127       0    33.0    4280     153    4127       0    33.0
langford 140 16     0    3.39    5577     198    5381       1    25.0    5577     198    5381       1    25.0
langford 140 16     0    3.10    5089     178    4910       0    22.3    5089     178    4910       0    22.3
langford 140 16     0    2.52    4138     130    4010       1    27.0    4138     130    4010       1    27.0
langford 140 16     0    3.32    5471     194    5283       3    34.1    5471     194    5283       3    34.1
langford 140 16     0    3.08    5059     175    4884       0    28.6    5059     175    4884       0    28.6
langford 140 16     0    4.03    6635     252    6385       1    19.5    6635     252    6385       1    19.5
langford 140 16     0    1.75    2859     105    2754       0    35.6    2859     105    2754       0    35.6
langford 140 16     0    2.94    4830     192    4638       0    29.6    4830     192    4638       0    29.6
langford 160 4     0   14.58   18622     748   17873       0    17.6   18622     748   17873       0    17.6
langford 160 4     0    6.47    8262     305    7955       0    19.3    8262     305    7955       0    19.3
langford 160 4     0    3.84    4895     170    4725       0    35.0    4895     170    4725       0    35.0
langford 160 4     0   12.73   16258     673   15585       0    17.0   16258     673   15585       0    17.0
langford 160 4     0    9.42   12032     476   11554       0    21.1   12032     476   11554       0    21.1
langford 160 4     0   16.30   20817     833   19985       3    17.6   20817     833   19985       3    17.6
langford 160 4     0   12.07   15411     548   14861       0    13.4   15411     548   14861       0    13.4
langford 160 4     0   17.03   21757     848   20911       1    14.8   21757     848   20911       1    14.8
langford 160 4     0    7.56    9651     364    9286       0    24.9    9651     364    9286       0    24.9
langford 160 4     0   14.81   18924     788   18140       4    20.6   18924     788   18140       4    20.6
langford 160 4     0    7.49    9563     354    9208       0    23.0    9563     354    9208       0    23.0
langford 160 4     0   12.08   15422     593   14825       0    13.8   15422     593   14825       0    13.8
langford 160 4     0    6.56    8380     312    8068       0    22.5    8380     312    8068       0    22.5
langford 160 4     0   12.05   15392     620   14770       0    19.7   15392     620   14770       0    19.7
langford 160 4     0    5.34    6818     260    6560       1    25.8    6818     260    6560       1    25.8
langford 160 4     0   11.45   14625     574   14051       0    17.4   14625     574   14051       0    17.4
langford 160 4     0    6.64    8480     320    8160       0    25.4    8480     320    8160       0    25.4
langford 160 4     0   16.14   20614     826   19789       2    14.0   20614     826   19789       2    14.0
langford 160 4     0    6.16    7868     300    7569       1    22.3    7868     300    7569       1    22.3
langford 160 4     0   15.68   20032     844   19188       1     9.5   20032     844   19188       1     9.5
langford 160 4     0    5.91    7542     279    7264       1    23.7    7542     279    7264       1    23.7
langford 160 4     0   10.76   13747     531   13213       0    17.6   13747     531   13213       0    17.6
langford 160 4     0    8.91   11381     425   10958       1    23.0   11381     425   10958       1    23.0
langford 160 4     0   21.03   26870    1056   25810       3    16.2   26870    1056   25810       3    16.2
langford 160 4     0   13.96   17834     726   17106       1    13.3   17834     726   17106       1    13.3
langford 160 4     0   11.16   14249     550   13698       1    17.2   14249     550   13698       1    17.2
langford 160 4     0   13.38   17086     669   16419       1    13.3   17086     669   16419       1    13.3
langford 160 4     0    4.86    6206     256    5950       0    30.0    6206     256    5950       0    30.0
langford 160 4     0    5.01    6393     235    6158       0    28.1    6393     235    6158       0    28.1
langford 160 4     0   13.22   16890     658   16234       1    15.0   16890     658   16234       1    15.0
langford 160 8     0    4.71    6012     241    5769       0    31.6    6012     241    5769       0    31.6
langford 160 8     0    6.31    8050     305    7745       0    18.8    8050     305    7745       0    18.8
langford 160 8     0    8.72   11130     438   10692       0    18.3   11130     438   10692       0    18.3
langford 160 8     0    3.73    4749     162    4587       0    40.9    4749     162    4587       0    40.9
langford 160 8     0    7.36    9389     349    9038       0    17.1    9389     349    9038       0    17.1
langford 160 8     0    5.96    7602     294    7303       0    28.8    7602     294    7303       0    28.8
langford 160 8     0    5.71    7281     296    6987       1    21.2    7281     296    6987       1    21.2
langford 160 8     0    5.18    6606     218    6387       0    27.2    6606     218    6387       0    27.2
langford 160 8     0    4.42    5635     211    5424       0    29.0    5635     211    5424       0    29.0
langford 160 8     0   10.76   13733     547   13188       1    18.5   13733     547   13188       1    18.5
langford 160 8     0    6.72    8579     341    8236       0    20.9    8579     341    8236       0    20.9
langford 160 8     0    4.63    5905     237    5668       0    25.0    5905     237    5668       0    25.0
langford 160 8     0    9.37   11963     460   11505       2    30.1   11963     460   11505       2    30.1
langford 160 8     0    9.19   11732     443   11288       0    24.4   11732     443   11288       0    24.4
langford 160 8     0    5.36    6833     239    6592       0    32.0    6833     239    6592       0    32.0
langford 160 8     0    4.25    5415     196    5219       0    38.6    5415     196    5219       0    38.6
langford 160 8     0    9.92   12661     512   12148       0    22.3   12661     512   12148       0    22.3
langford 160 8     0    3.63    4622     167    4457       2    41.6    4622     167    4457       2    41.6
langford 160 8     0    6.45    8228     335    7893       0    23.5    8228     335    7893       0    23.5
langford 160 8     0    2.82    3591     121    3470       0    36.7    3591     121    3470       0    36.7
langford 160 8     0    7.04    8980     349    8632       1    24.0    8980     349    8632       1    24.0
langford 160 8     0    4.61    5882     213    5669       0    24.0    5882     213    5669       0    24.0
langford 160 8     0    7.26    9265     365    8902       1    27.4    9265     365    8902       1    27.4
langford 160 8     0    3.59    4577     157    4420       0    35.2    4577     157    4420       0    35.2
langford 160 8     0    7.42    9476     359    9117       0    21.2    9476     359    9117       0    21.2
langford 160 8     0   24.23   30943    1266   29678       2     9.9   30943    1266   29678       2     9.9
langford 160 8     0   10.15   12961     491   12464       0    17.0   12961     491   12464       0    17.0
langford 160 8     0   11.38   14525     606   13921       1    20.2   14525     606   13921       1    20.2
langford 160 8     0    6.87    8767     334    8433       0    23.9    8767     334    8433       0    23.9
langford 160 8     0   27.02   34504    1369   33136       1    11.8   34504    1369   33136       1    11.8
langford 160 16     0    5.50    6995     249    6748       1    30.0    6995     249    6748       1    30.0
langford 160 16     0    6.63    8450     327    8123       0    26.4    8450     327    8123       0    26.4
langford 160 16     0    5.31    6758     271    6485       0    28.8    6758     271    6485       0    28.8
langford 160 16     0    7.22    9206     347    8859       0    23.5    9206     347    8859       0    23.5
langford 160 16     0    5.72    7282     285    6999       1    19.8    7282     285    6999       1    19.8
langford 160 16     0    4.20    5346     202    5144       0    28.5    5346     202    5144       0    28.5
langford 160 16     0    7.95   10138     383    9754       0    22.9   10138     383    9754       0    22.9
langford 160 16     0   10.54   13441     551   12892       1    14.9   13441     551   12892       1    14.9
langford 160 16     0    2.81    3568     135    3433       0    33.2    3568     135    3433       0    33.2
langford 160 16     0    2.60    3293     127    3168       1    53.3    3293     127    3168       1    53.3
langford 160 16     0    6.33    8068     339    7726       0    23.5    8068     339    7726       0    23.5
langford 160 16     0    7.43    9469     329    9139       0    25.7    9469     329    9139       0    25.7
langford 160 16     0    4.34    5524     184    5340       0    40.0    5524     184    5340       0    40.0
langford 160 16     0    5.72    7280     282    6998       0    32.0    7280     282    6998       0    32.0
langford 160 16     0    5.30    6743     245    6499       1    28.3    6743     245    6499       1    28.3
langford 160 16     0   10.51   13406     534   12872       0    19.6   13406     534   12872       0    19.6
langford 160 16     0    5.15    6554     254    6300       0    24.5    6554     254    6300       0    24.5
langford 160 16     0    8.10   10324     406    9920       2    14.8   10324     406    9920       2    14.8
langford 160 16     0    5.92    7545     327    7217       0    28.2    7545     327    7217       0    28.2
langford 160 16     0    4.95    6294     225    6068       0    34.4    6294     225    6068       0    34.4
langford 160 16     0    6.10    7777     277    7500       0    22.8    7777     277    7500       0    22.8
langford 160 16     0    4.16    5289     199    5092       1    30.4    5289     199    5092       1    30.4
langford 160 16     0    4.15    5279     154    5125       0    32.3    5279     154    5125       0    32.3
langford 160 16     0    5.21    6639     258    6381       0    23.7    6639     258    6381       0    23.7
langford 160 16     0    4.03    5127     200    4927       0    25.8    5127     200    4927       0    25.8
langford 160 16     0    5.97    7608     297    7310       0    24.2    7608     297    7310       0    24.2
langford 160 16     0    2.82    3580     109    3471       0    47.8    3580     109    3471       0    47.8
langford 160 16     0   11.92   15210     637   14574       2    18.5   15210     637   14574       2    18.5
langford 160 16     0    8.26   10529     426   10099       0    13.7   10529     426   10099       0    13.7
langford 160 16     0    4.05    5155     164    4991       0    35.9    5155     164    4991       0    35.9
