magic-square 30 4     0    0.27    2944     195     517       0     6.3    2944     195     517       0     6.3
magic-square 30 4     0    0.21    2294     195     552       0     5.2    2294     195     552       0     5.2
magic-square 30 4     0    0.74    8341     561    2682       2     3.9    8341     561    2682       2     3.9
magic-square 30 4     0    0.19    1924     190     920       1     4.7    1924     190     920       1     4.7
magic-square 30 4     0    0.28    2892     207    1239       0     5.3    2892     207    1239       0     5.3
magic-square 30 4     0    0.50    5242     469    2256       1     2.8    5242     469    2256       1     2.8
magic-square 30 4     0    0.42    4865     307    1223       1     6.0    4865     307    1223       1     6.0
magic-square 30 4     0    0.23    2244     219    1027       0     3.6    2244     219    1027       0     3.6
magic-square 30 4     0    0.07     681      31     292       0     6.4     681      31     292       0     6.4
magic-square 30 4     0    0.23    2624     163     574       0     7.4    2624     163     574       0     7.4
magic-square 30 4     0    0.23    2588     171     658       0     6.0    2588     171     658       0     6.0
magic-square 30 4     0    0.16    1809     123     327       0     6.6    1809     123     327       0     6.6
magic-square 30 4     0    0.40    4464     313    1505       2     5.0    4464     313    1505       2     5.0
magic-square 30 4     0    0.07     672      40     291       0     6.9     672      40     291       0     6.9
magic-square 30 4     0    0.20    2167     126     779       0     4.3    2167     126     779       0     4.3
magic-square 30 4     0    0.10     945      82     466       0     7.1     945      82     466       0     7.1
magic-square 30 4     0    0.13    1232      68     609       0     5.9    1232      68     609       0     5.9
magic-square 30 4     0    0.07     633      28     496       0     5.5     633      28     496       0     5.5
magic-square 30 4     0    0.07     657      40     220       0     6.6     657      40     220       0     6.6
magic-square 30 4     0    0.11    1210      54     381       0     6.9    1210      54     381       0     6.9
magic-square 30 4     0    0.10    1140      71     296       0     7.1    1140      71     296       0     7.1
magic-square 30 4     0    0.07     612      58     377       0     4.3     612      58     377       0     4.3
magic-square 30 4     0    0.10     989      56     425       0     7.5     989      56     425       0     7.5
magic-square 30 4     0    0.33    3625     255    1124       0     4.5    3625     255    1124       0     4.5
magic-square 30 4     0    0.32    3822     237     485       0     6.4    3822     237     485       0     6.4
magic-square 30 4     0    0.12    1195     102     441       0     7.7    1195     102     441       0     7.7
magic-square 30 4     0    0.37    3740     246    1781       0     3.6    3740     246    1781       0     3.6
magic-square 30 4     0    0.34    3613     256    1418       1     4.4    3613     256    1418       1     4.4
magic-square 30 4     0    0.22    2485     132     510       0     5.8    2485     132     510       0     5.8
magic-square 30 4     0    0.16    1715     118     599       0     5.2    1715     118     599       0     5.2
magic-square 30 8     0    0.32    3639     235     680       0     6.2    3639     235     680       0     6.2
magic-square 30 8     0    0.12    1201     100     393       0     5.5    1201     100     393       0     5.5
magic-square 30 8     0    0.13    1189     150     509       0     3.3    1189     150     509       0     3.3
magic-square 30 8     0    0.20    2255     149     480       0     5.3    2255     149     480       0     5.3
magic-square 30 8     0    0.09     864      45     428       0     5.8     864      45     428       0     5.8
magic-square 30 8     0    0.21    2247     135     609       0     6.0    2247     135     609       0     6.0
magic-square 30 8     0    0.20    2272     142     448       0     7.1    2272     142     448       0     7.1
magic-square 30 8     0    0.14    1478      84     304       0     6.7    1478      84     304       0     6.7
magic-square 30 8     0    0.10     888     129     507       0     3.2     888     129     507       0     3.2
magic-square 30 8     0    0.34    3361     195    1605       0     3.6    3361     195    1605       0     3.6
magic-square 30 8     0    0.07     571      53     373       0     4.7     571      53     373       0     4.7
magic-square 30 8     0    0.20    2067     143     694       0     4.4    2067     143     694       0     4.4
magic-square 30 8     0    0.13    1345      89     354       0     7.4    1345      89     354       0     7.4
magic-square 30 8     0    0.16    1591     259     528       0     2.5    1591     259     528       0     2.5
magic-square 30 8     0    0.10     915     121     546       0     4.7     915     121     546       0     4.7
magic-square 30 8     0    0.23    2500     160     674       0     6.3    2500     160     674       0     6.3
magic-square 30 8     0    0.13    1318     152     427       0     4.5    1318     152     427       0     4.5
magic-square 30 8     0    0.18    1949      91     516       0     5.3    1949      91     516       0     5.3
magic-square 30 8     0    0.15    1596     104     348       0     6.3    1596     104     348       0     6.3
magic-square 30 8     0    0.15    1387     142     650       0     4.9    1387     142     650       0     4.9
magic-square 30 8     0    0.11    1088      70     488       0     5.3    1088      70     488       0     5.3
magic-square 30 8     0    0.65    6634    1528    2118       1     2.6    6634    1528    2118       1     2.6
magic-square 30 8     0    0.06     448      28     256       0     6.5     448      28     256       0     6.5
magic-square 30 8     0    0.16    1697     108     417       0     7.1    1697     108     417       0     7.1
magic-square 30 8     0    0.13    1334      76     529       0     5.6    1334      76     529       0     5.6
magic-square 30 8     0    0.10     914     108     524       0     3.8     914     108     524       0     3.8
magic-square 30 8     0    0.12    1224      89     456       0     5.6    1224      89     456       0     5.6
magic-square 30 8     0    0.09     831      47     427       0     6.4     831      47     427       0     6.4
magic-square 30 8     0    0.23    2661     158     387       0     6.3    2661     158     387       0     6.3
magic-square 30 8     0    0.13    1278      74     501       0     5.6    1278      74     501       0     5.6
magic-square 30 16     0    0.18    1413     129    1129       0     2.8    1413     129    1129       0     2.8
magic-square 30 16     0    0.10     819      56     403       0     5.7     819      56     403       0     5.7
magic-square 30 16     0    0.14    1309     105     458       0     5.0    1309     105     458       0     5.0
magic-square 30 16     0    0.17    1563      98     633       0     5.0    1563      98     633       0     5.0
magic-square 30 16     0    0.08     707      38     251       0     5.6     707      38     251       0     5.6
magic-square 30 16     0    0.10     830      74     355       0     6.2     830      74     355       0     6.2
magic-square 30 16     0    0.19    1899     134     492       0     7.1    1899     134     492       0     7.1
magic-square 30 16     0    0.18    1895     122     465       0     6.7    1895     122     465       0     6.7
magic-square 30 16     0    0.06     421      24     278       0     6.0     421      24     278       0     6.0
magic-square 30 16     0    0.09     712      52     349       0     5.8     712      52     349       0     5.8
magic-square 30 16     0    0.11    1005      66     348       0     7.2    1005      66     348       0     7.2
magic-square 30 16     0    0.09     725      48     428       0     3.9     725      48     428       0     3.9
magic-square 30 16     0    0.17    1604     116     716       0     3.7    1604     116     716       0     3.7
magic-square 30 16     0    0.10     869      47     299       0     5.4     869      47     299       0     5.4
magic-square 30 16     0    0.07     563      24     250       0     9.7     563      24     250       0     9.7
magic-square 30 16     0    0.07     519      36     325       0     5.7     519      36     325       0     5.7
magic-square 30 16     0    0.21    2350     118     352       0     6.5    2350     118     352       0     6.5
magic-square 30 16     0    0.12    1102      81     330       0     7.3    1102      81     330       0     7.3
magic-square 30 16     0    0.11     857      34     551       0     3.9     857      34     551       0     3.9
magic-square 30 16     0    0.09     730      61     336       0     5.6     730      61     336       0     5.6
magic-square 30 16     0    0.11     971      69     367       0     3.2     971      69     367       0     3.2
magic-square 30 16     0    0.11     983      49     405       0     5.5     983      49     405       0     5.5
magic-square 30 16     0    0.13    1055      59     687       0     4.6    1055      59     687       0     4.6
magic-square 30 16     0    0.10     732      41     536       0     4.8     732      41     536       0     4.8
magic-square 30 16     0    0.14    1385      92     351       0     5.6    1385      92     351       0     5.6
magic-square 30 16     0    0.10     829      43     506       0     5.0     829      43     506       0     5.0
magic-square 30 16     0    0.10     740      58     475       0     6.3     740      58     475       0     6.3
magic-square 30 16     0    0.10     843      68     262       0     5.5     843      68     262       0     5.5
magic-square 30 16     0    0.08     618      37     298       0     6.1     618      37     298       0     6.1
magic-square 30 16     0    0.12    1097     108     479       0     4.2    1097     108     479       0     4.2
magic-square 40 4     0    0.54    3092     203    1817       1     6.8    3092     203    1817       1     6.8
magic-square 40 4     0    0.26    1518      79     583       0     7.9    1518      79     583       0     7.9
magic-square 40 4     0    0.65    3847     270    1535       0     6.3    3847     270    1535       0     6.3
magic-square 40 4     0    0.74    4115     231    2334       0     4.4    4115     231    2334       0     4.4
magic-square 40 4     0    1.02    6158     351    2669       1     3.7    6158     351    2669       1     3.7
magic-square 40 4     0    0.91    5412     567    1928       0     4.5    5412     567    1928       0     4.5
magic-square 40 4     0    1.02    6601     398    1843       1     7.9    6601     398    1843       1     7.9
magic-square 40 4     0    0.10     526      27     368       0     8.6     526      27     368       0     8.6
magic-square 40 4     0    0.25    1476     156     499       0     4.6    1476     156     499       0     4.6
magic-square 40 4     0    0.83    5153     310    1590       0     6.4    5153     310    1590       0     6.4
magic-square 40 4     0    0.68    4352     527     794       0     6.1    4352     527     794       0     6.1
magic-square 40 4     0    0.36    2062     153     909       0     5.0    2062     153     909       0     5.0
magic-square 40 4     0    1.18    7932     490    1587       1     7.2    7932     490    1587       1     7.2
magic-square 40 4     0    0.24    1299      84     736       0     5.4    1299      84     736       0     5.4
magic-square 40 4     0    1.36    8544     499    2922       1     6.9    8544     499    2922       1     6.9
magic-square 40 4     0    0.26    1522      88     577       0     6.9    1522      88     577       0     6.9
magic-square 40 4     0    0.58    3861     205     641       0     7.2    3861     205     641       0     7.2
magic-square 40 4     0    0.21    1172      69     602       0     5.8    1172      69     602       0     5.8
magic-square 40 4     0    0.47    2630     148    1382       0     5.6    2630     148    1382       0     5.6
magic-square 40 4     0    0.48    2910     176     987       0     7.5    2910     176     987       0     7.5
magic-square 40 4     0    0.61    3631     342    1323       0     4.9    3631     342    1323       0     4.9
magic-square 40 4     0    0.30    1846      96     515       0     7.9    1846      96     515       0     7.9
magic-square 40 4     0    0.20    1182      76     496       0    10.5    1182      76     496       0    10.5
magic-square 40 4     0    1.69   10385     819    3765       1     5.4   10385     819    3765       1     5.4
magic-square 40 4     0    0.56    3634     259     681       0     8.8    3634     259     681       0     8.8
magic-square 40 4     0    0.38    2125     169    1071       0     6.4    2125     169    1071       0     6.4
magic-square 40 4     0    0.48    3003     203     846       0     8.8    3003     203     846       0     8.8
magic-square 40 4     0    0.36    1980     165    1113       0     6.2    1980     165    1113       0     6.2
magic-square 40 4     0    0.96    6114     357    1602       0     4.6    6114     357    1602       0     4.6
magic-square 40 4     0    0.23    1127     195     779       0     3.5    1127     195     779       0     3.5
magic-square 40 8     0    0.64    4015     229    1032       0     6.8    4015     229    1032       0     6.8
magic-square 40 8     0    0.42    2328     141    1259       0     4.9    2328     141    1259       0     4.9
magic-square 40 8     0    0.54    3368     213     870       0     8.0    3368     213     870       0     8.0
magic-square 40 8     0    0.74    4709     286    1523       1     6.9    4709     286    1523       1     6.9
magic-square 40 8     0    0.60    3961     212     720       0     8.6    3961     212     720       0     8.6
magic-square 40 8     0    0.62    4067     268     648       0     8.1    4067     268     648       0     8.1
magic-square 40 8     0    0.19    1073      73     486       0     5.8    1073      73     486       0     5.8
magic-square 40 8     0    0.27    1493     104     779       0     6.9    1493     104     779       0     6.9
magic-square 40 8     0    0.48    3052     162     769       0     7.8    3052     162     769       0     7.8
magic-square 40 8     0    0.20    1001      54     751       0     4.9    1001      54     751       0     4.9
magic-square 40 8     0    0.24    1315      80     629       0     6.7    1315      80     629       0     6.7
magic-square 40 8     0    0.19    1077      62     467       0     9.5    1077      62     467       0     9.5
magic-square 40 8     0    0.72    4628     512     837       0     7.4    4628     512     837       0     7.4
magic-square 40 8     0    0.31    1588     222    1008       0     5.9    1588     222    1008       0     5.9
magic-square 40 8     0    0.46    2923     176     732       0     9.2    2923     176     732       0     9.2
magic-square 40 8     0    0.22    1253      98     463       0     8.7    1253      98     463       0     8.7
magic-square 40 8     0    0.24    1386     110     451       0     7.0    1386     110     451       0     7.0
magic-square 40 8     0    1.00    6151     386    1975       0     5.4    6151     386    1975       0     5.4
magic-square 40 8     0    0.54    3130     221    1374       0     4.0    3130     221    1374       0     4.0
magic-square 40 8     0    0.80    5135     429    1093       0     6.5    5135     429    1093       0     6.5
magic-square 40 8     0    0.21    1183      74     531       0     5.3    1183      74     531       0     5.3
magic-square 40 8     0    0.53    3095     187    1298       0     4.5    3095     187    1298       0     4.5
magic-square 40 8     0    0.29    1792      90     530       0     9.0    1792      90     530       0     9.0
magic-square 40 8     0    0.43    2397     144    1280       0     3.8    2397     144    1280       0     3.8
magic-square 40 8     0    0.22    1306      60     455       0     9.9    1306      60     455       0     9.9
magic-square 40 8     0    0.59    3713     256     910       0     8.0    3713     256     910       0     8.0
magic-square 40 8     0    0.32    1812     114     886       0     5.1    1812     114     886       0     5.1
magic-square 40 8     0    0.60    3720     334     957       0     7.0    3720     334     957       0     7.0
magic-square 40 8     0    0.20     950     118     687       0     7.0     950     118     687       0     7.0
magic-square 40 8     0    0.52    3229     211     860       0     8.2    3229     211     860       0     8.2
magic-square 40 16     0    0.27    1414     129     682       0     7.2    1414     129     682       0     7.2
magic-square 40 16     0    0.30    1773     117     579       0     8.2    1773     117     579       0     8.2
magic-square 40 16     0    0.56    3161     186    1422       0     4.0    3161     186    1422       0     4.0
magic-square 40 16     0    0.28    1553      86     677       0     7.0    1553      86     677       0     7.0
magic-square 40 16     0    0.66    4032     342     960       0     6.6    4032     342     960       0     6.6
magic-square 40 16     0    0.24    1401      79     413       0     9.3    1401      79     413       0     9.3
magic-square 40 16     0    0.49    2988     210     768       0     7.7    2988     210     768       0     7.7
magic-square 40 16     0    0.22    1216      70     372       0     7.5    1216      70     372       0     7.5
magic-square 40 16     0    0.35    2050     102     747       0     6.1    2050     102     747       0     6.1
magic-square 40 16     0    0.22    1097      69     600       0     8.0    1097      69     600       0     8.0
magic-square 40 16     0    0.38    2051     123    1102       0     4.7    2051     123    1102       0     4.7
magic-square 40 16     0    0.36    1994     117     797       0     6.5    1994     117     797       0     6.5
magic-square 40 16     0    0.29    1580      87     788       0     6.9    1580      87     788       0     6.9
magic-square 40 16     0    0.47    2875     149     794       0     8.2    2875     149     794       0     8.2
magic-square 40 16     0    0.15     775      37     390       0    10.9     775      37     390       0    10.9
magic-square 40 16     0    0.69    4120     259    1484       0     5.2    4120     259    1484       0     5.2
magic-square 40 16     0    0.32    1833     115     708       0     8.2    1833     115     708       0     8.2
magic-square 40 16     0    0.42    2482     143     794       0     7.2    2482     143     794       0     7.2
magic-square 40 16     0    0.48    3073     214     509       0     7.2    3073     214     509       0     7.2
magic-square 40 16     0    0.22    1204      81     464       0     6.3    1204      81     464       0     6.3
magic-square 40 16     0    0.24    1346      72     446       0     8.1    1346      72     446       0     8.1
magic-square 40 16     0    0.20    1003      57     581       0     5.6    1003      57     581       0     5.6
magic-square 40 16     0    0.60    3404     344    1452       0     6.5    3404     344    1452       0     6.5
magic-square 40 16     0    0.31    1768     119     616       0     8.3    1768     119     616       0     8.3
magic-square 40 16     0    0.35    2041     109     676       0     7.7    2041     109     676       0     7.7
magic-square 40 16     0    0.24    1271     117     625       0     4.8    1271     117     625       0     4.8
magic-square 40 16     0    0.22    1139      71     574       0     6.5    1139      71     574       0     6.5
magic-square 40 16     0    0.24    1347      98     480       0     8.3    1347      98     480       0     8.3
magic-square 40 16     0    0.29    1702     103     510       0     5.1    1702     103     510       0     5.1
magic-square 40 16     0    0.25    1461      66     427       0     7.7    1461      66     427       0     7.7
magic-square 50 4     0    1.36    4867     248    2746       0     5.4    4867     248    2746       0     5.4
magic-square 50 4     0    0.63    2475     182     785       0     7.1    2475     182     785       0     7.1
magic-square 50 4     0    0.46    1598     100     990       0     7.0    1598     100     990       0     7.0
magic-square 50 4     0    1.00    3731     213    1662       0     5.7    3731     213    1662       0     5.7
magic-square 50 4     0    0.81    3041     206    1319       0     5.8    3041     206    1319       0     5.8
magic-square 50 4     0    1.82    7704     508    1377       0     8.6    7704     508    1377       0     8.6
magic-square 50 4     0    0.53    2000     112     854       0     8.6    2000     112     854       0     8.6
magic-square 50 4     0    0.64    2356     143    1138       0     7.2    2356     143    1138       0     7.2
magic-square 50 4     0    0.45    1627      82     838       0     8.6    1627      82     838       0     8.6
magic-square 50 4     0    0.93    3874     243     833       0     9.0    3874     243     833       0     9.0
magic-square 50 4     0    0.42    1451      85     870       0     8.3    1451      85     870       0     8.3
magic-square 50 4     0    1.17    3938     745    2213       0     4.0    3938     745    2213       0     4.0
magic-square 50 4     0    1.01    3931     256    1406       0     6.2    3931     256    1406       0     6.2
magic-square 50 4     0    1.40    5433     353    1999       0     7.5    5433     353    1999       0     7.5
magic-square 50 4     0    2.96   10906     664    5934       1     3.8   10906     664    5934       1     3.8
magic-square 50 4     0    1.97    7937     427    2368       0     7.6    7937     427    2368       0     7.6
magic-square 50 4     0    0.67    2580     176     978       0     8.6    2580     176     978       0     8.6
magic-square 50 4     0    1.47    5980     395    1539       0     8.5    5980     395    1539       0     8.5
magic-square 50 4     0    1.96    8095     459    1979       0     7.0    8095     459    1979       0     7.0
magic-square 50 4     0    0.47    1662      68     999       0     8.6    1662      68     999       0     8.6
magic-square 50 4     0    1.14    4577     290    1311       0     9.7    4577     290    1311       0     9.7
magic-square 50 4     0    1.64    6273     391    3082       1    10.5    6273     391    3082       1    10.5
magic-square 50 4     0    2.85   11598     709    3786       1     8.4   11598     709    3786       1     8.4
magic-square 50 4     0    2.60   10526     636    3632       1     9.0   10526     636    3632       1     9.0
magic-square 50 4     0    0.68    2671     144     888       0     7.4    2671     144     888       0     7.4
magic-square 50 4     0    0.36    1161      46     908       0     9.6    1161      46     908       0     9.6
magic-square 50 4     0    0.65    2543     140     886       0     9.3    2543     140     886       0     9.3
magic-square 50 4     0    4.31   16682     999    6943       1     5.5   16682     999    6943       1     5.5
magic-square 50 4     0    0.45    1505      90    1027       0     7.6    1505      90    1027       0     7.6
magic-square 50 4     0    0.55    2016     134     944       0     8.1    2016     134     944       0     8.1
magic-square 50 8     0    1.79    7325     452    2495       1     9.8    7325     452    2495       1     9.8
magic-square 50 8     0    0.83    3275     220    1023       0     8.6    3275     220    1023       0     8.6
magic-square 50 8     0    0.36    1223      70     764       0    13.0    1223      70     764       0    13.0
magic-square 50 8     0    0.33    1114      53     745       0     8.7    1114      53     745       0     8.7
magic-square 50 8     0    0.73    3033     164     684       0     8.5    3033     164     684       0     8.5
magic-square 50 8     0    0.80    3048     176    1195       0     5.3    3048     176    1195       0     5.3
magic-square 50 8     0    0.79    3035     190    1159       0     7.8    3035     190    1159       0     7.8
magic-square 50 8     0    0.58    2171     112     962       0     7.5    2171     112     962       0     7.5
magic-square 50 8     0    0.39    1336      71     842       0     8.9    1336      71     842       0     8.9
magic-square 50 8     0    0.77    2751     136    1470       0     6.1    2751     136    1470       0     6.1
magic-square 50 8     0    1.38    5361     309    2539       1     8.4    5361     309    2539       1     8.4
magic-square 50 8     0    0.39    1383      74     704       0     8.8    1383      74     704       0     8.8
magic-square 50 8     0    0.34    1242      67     597       0    14.5    1242      67     597       0    14.5
magic-square 50 8     0    1.86    7670     429    2473       1     8.5    7670     429    2473       1     8.5
magic-square 50 8     0    0.47    1730     109     744       0     9.0    1730     109     744       0     9.0
magic-square 50 8     0    2.56   10698     625    2908       1     8.6   10698     625    2908       1     8.6
magic-square 50 8     0    3.04   12573     743    3593       1     7.9   12573     743    3593       1     7.9
magic-square 50 8     0    1.76    6741     438    2641       0     6.5    6741     438    2641       0     6.5
magic-square 50 8     0    3.32   13927     895    3452       1     8.3   13927     895    3452       1     8.3
magic-square 50 8     0    1.46    5131     263    3055       0     4.9    5131     263    3055       0     4.9
magic-square 50 8     0    0.65    2252     138    1322       0     7.2    2252     138    1322       0     7.2
magic-square 50 8     0    0.63    2334     124    1074       0     6.6    2334     124    1074       0     6.6
magic-square 50 8     0    0.85    3077     163    1600       0     4.7    3077     163    1600       0     4.7
magic-square 50 8     0    2.03    7701     414    3897       1     8.6    7701     414    3897       1     8.6
magic-square 50 8     0    0.98    3271    1087    1434       0     4.5    3271    1087    1434       0     4.5
magic-square 50 8     0    1.17    4996     276     846       0     8.9    4996     276     846       0     8.9
magic-square 50 8     0    2.11    9049     529    1419       0     8.9    9049     529    1419       0     8.9
magic-square 50 8     0    0.31    1058     112     599       0     8.0    1058     112     599       0     8.0
magic-square 50 8     0    0.57    2166     128     822       0    10.8    2166     128     822       0    10.8
magic-square 50 8     0    0.87    3542     191     924       0    11.4    3542     191     924       0    11.4
magic-square 50 16     0    0.65    2275     131    1211       0     9.5    2275     131    1211       0     9.5
magic-square 50 16     0    0.75    2913     182     883       0    10.9    2913     182     883       0    10.9
magic-square 50 16     0    0.78    3240     187     582       0     8.9    3240     187     582       0     8.9
magic-square 50 16     0    0.43    1416      80     966       0    12.7    1416      80     966       0    12.7
magic-square 50 16     0    0.43    1636     102     490       0    13.2    1636     102     490       0    13.2
magic-square 50 16     0    1.71    7133     446    1416       0     8.5    7133     446    1416       0     8.5
magic-square 50 16     0    1.09    4231     250    1470       0     7.6    4231     250    1470       0     7.6
magic-square 50 16     0    0.39    1288      71     859       0     6.5    1288      71     859       0     6.5
magic-square 50 16     0    0.41    1430      83     745       0    12.1    1430      83     745       0    12.1
magic-square 50 16     0    0.75    3066     196     620       0     9.0    3066     196     620       0     9.0
magic-square 50 16     0    0.62    1990     120    1535       0     6.2    1990     120    1535       0     6.2
magic-square 50 16     0    1.22    5151     344     854       0    11.3    5151     344     854       0    11.3
magic-square 50 16     0    1.49    6003     384    2238       1     9.3    6003     384    2238       1     9.3
magic-square 50 16     0    0.57    2046     109     977       0     6.9    2046     109     977       0     6.9
magic-square 50 16     0    0.59    2223      93     857       0     9.1    2223      93     857       0     9.1
magic-square 50 16     0    0.71    2808     157     773       0     9.5    2808     157     773       0     9.5
magic-square 50 16     0    0.27     905      59     477       0     8.1     905      59     477       0     8.1
magic-square 50 16     0    0.39    1402      92     630       0     7.8    1402      92     630       0     7.8
magic-square 50 16     0    0.64    2311     141    1100       0    11.0    2311     141    1100       0    11.0
magic-square 50 16     0    0.68    2595     135     895       0     7.9    2595     135     895       0     7.9
magic-square 50 16     0    0.76    2865     160    1138       0     7.2    2865     160    1138       0     7.2
magic-square 50 16     0    0.31    1011      56     617       0     9.6    1011      56     617       0     9.6
magic-square 50 16     0    0.84    2977     175    1604       0     4.4    2977     175    1604       0     4.4
magic-square 50 16     0    0.49    1564      86    1162       0     7.1    1564      86    1162       0     7.1
magic-square 50 16     0    0.55    1937     111     961       0     9.9    1937     111     961       0     9.9
magic-square 50 16     0    1.33    5095     269    1952       0     6.6    5095     269    1952       0     6.6
magic-square 50 16     0    0.85    3023     250    1542       0     5.3    3023     250    1542       0     5.3
magic-square 50 16     0    0.96    3221     438    1952       0     4.7    3221     438    1952       0     4.7
magic-square 50 16     0    0.47    1728      82     766       0     7.9    1728      82     766       0     7.9
magic-square 50 16     0    0.47    1636      78     914       0     8.9    1636      78     914       0     8.9
magic-square 60 4     0    0.91    2358     140    1064       0    12.1    2358     140    1064       0    12.1
magic-square 60 4     0    2.47    6773     409    3199       1     9.5    6773     409    3199       1     9.5
magic-square 60 4     0    0.65    1580     110     907       0     9.8    1580     110     907       0     9.8
magic-square 60 4     0    5.32   15009     956    4994       1     7.8   15009     956    4994       1     7.8
magic-square 60 4     0    2.40    7165     449    1130       0    11.7    7165     449    1130       0    11.7
magic-square 60 4     0    4.02   10815     626    5033       1     7.3   10815     626    5033       1     7.3
magic-square 60 4     0    4.47   11287     998    5568       0     5.8   11287     998    5568       0     5.8
magic-square 60 4     0    0.79    1991     108    1030       0    10.3    1991     108    1030       0    10.3
magic-square 60 4     0    2.06    5548     308    2098       0     9.0    5548     308    2098       0     9.0
magic-square 60 4     0    2.10    6343     346     886       0    11.0    6343     346     886       0    11.0
magic-square 60 4     0    1.46    3782     242    1720       0     6.7    3782     242    1720       0     6.7
magic-square 60 4     0    2.02    5664     313    1658       0     8.0    5664     313    1658       0     8.0
magic-square 60 4     0    1.93    4833     242    2634       0     5.0    4833     242    2634       0     5.0
magic-square 60 4     0    4.96   13972     897    4747       1     7.7   13972     897    4747       1     7.7
magic-square 60 4     0    3.19    8964     551    3420       1     8.6    8964     551    3420       1     8.6
magic-square 60 4     0    6.50   19115    1094    4615       1    11.0   19115    1094    4615       1    11.0
magic-square 60 4     0    0.88    2246     126    1097       0    12.1    2246     126    1097       0    12.1
magic-square 60 4     0    1.94    5167     322    2036       0     7.5    5167     322    2036       0     7.5
magic-square 60 4     0    1.13    2974     144    1263       0    10.0    2974     144    1263       0    10.0
magic-square 60 4     0    1.18    3130     177    1245       0    11.7    3130     177    1245       0    11.7
magic-square 60 4     0    1.29    3572     291    1029       0     9.0    3572     291    1029       0     9.0
magic-square 60 4     0    8.02   23498    1382    5670       1     8.8   23498    1382    5670       1     8.8
magic-square 60 4     0    5.86   15542     978    6386       0     5.1   15542     978    6386       0     5.1
magic-square 60 4     0    2.10    5750     323    2003       0     7.5    5750     323    2003       0     7.5
magic-square 60 4     0    3.57   10930     729    1178       0    10.7   10930     729    1178       0    10.7
magic-square 60 4     0    1.54    4326     258    1208       0    11.0    4326     258    1208       0    11.0
magic-square 60 4     0    3.45    9927     628    2310       0     9.8    9927     628    2310       0     9.8
magic-square 60 4     0    6.70   19066    1351    5657       1     5.8   19066    1351    5657       1     5.8
magic-square 60 4     0    4.34   11628     765    4444       0     5.2   11628     765    4444       0     5.2
magic-square 60 4     0    3.38    8848     544    3886       0     5.1    8848     544    3886       0     5.1
magic-square 60 8     0    0.48    1060      39     899       0    11.8    1060      39     899       0    11.8
magic-square 60 8     0    0.55    1425      88     634       0    12.6    1425      88     634       0    12.6
magic-square 60 8     0    1.54    4248     221    1359       0     9.0    4248     221    1359       0     9.0
magic-square 60 8     0    3.53   10197     596    2338       0     9.3   10197     596    2338       0     9.3
magic-square 60 8     0    1.95    5503     332    1453       0     9.0    5503     332    1453       0     9.0
magic-square 60 8     0    1.07    2958     170     920       0    11.8    2958     170     920       0    11.8
magic-square 60 8     0    2.94    7489     435    3734       0     5.6    7489     435    3734       0     5.6
magic-square 60 8     0    1.18    2884     166    1689       0     7.4    2884     166    1689       0     7.4
magic-square 60 8     0    1.35    3749     205    1141       0    11.0    3749     205    1141       0    11.0
magic-square 60 8     0    1.20    2861     164    1872       0    10.0    2861     164    1872       0    10.0
magic-square 60 8     0    2.07    5803     322    1666       0     9.4    5803     322    1666       0     9.4
magic-square 60 8     0    1.14    3076     189    1092       0    10.2    3076     189    1092       0    10.2
magic-square 60 8     0    1.87    5138     253    1735       0    10.8    5138     253    1735       0    10.8
magic-square 60 8     0    1.27    3242     184    1603       0     6.3    3242     184    1603       0     6.3
magic-square 60 8     0    0.88    2078     110    1372       0    10.0    2078     110    1372       0    10.0
magic-square 60 8     0    1.51    4388     288     890       0    12.4    4388     288     890       0    12.4
magic-square 60 8     0    2.82    8716     496     826       0    11.3    8716     496     826       0    11.3
magic-square 60 8     0    0.63    1573      99     796       0    16.5    1573      99     796       0    16.5
magic-square 60 8     0    1.22    3315     167    1164       0    13.0    3315     167    1164       0    13.0
magic-square 60 8     0    0.98    2435     150    1316       0     9.2    2435     150    1316       0     9.2
magic-square 60 8     0    3.38    9024     547    3541       0     5.2    9024     547    3541       0     5.2
magic-square 60 8     0    0.68    1718      88     867       0    13.3    1718      88     867       0    13.3
magic-square 60 8     0    0.57    1361      76     860       0     8.5    1361      76     860       0     8.5
magic-square 60 8     0    2.77    7854    1103    1442       0     9.4    7854    1103    1442       0     9.4
magic-square 60 8     0    1.22    3349     182    1069       0    12.1    3349     182    1069       0    12.1
magic-square 60 8     0    3.93   12076     713    1255       0    10.8   12076     713    1255       0    10.8
magic-square 60 8     0    1.93    4996     276    2321       0     5.5    4996     276    2321       0     5.5
magic-square 60 8     0    5.34   15799     987    2798       0     3.5   15799     987    2798       0     3.5
magic-square 60 8     0    4.62   12611     736    5280       1     6.3   12611     736    5280       1     6.3
magic-square 60 8     0    0.47    1126      59     678       0    10.3    1126      59     678       0    10.3
magic-square 60 16     0    1.30    3451     180    1318       0    11.0    3451     180    1318       0    11.0
magic-square 60 16     0    1.76    4787     269    1628       0     9.0    4787     269    1628       0     9.0
magic-square 60 16     0    1.45    4002     224    1217       0     7.1    4002     224    1217       0     7.1
magic-square 60 16     0    1.94    5023     320    2181       0     8.0    5023     320    2181       0     8.0
magic-square 60 16     0    0.91    2439     122     840       0     9.6    2439     122     840       0     9.6
magic-square 60 16     0    1.16    2844     158    1574       0     4.8    2844     158    1574       0     4.8
magic-square 60 16     0    1.88    5140     288    1715       0     7.6    5140     288    1715       0     7.6
magic-square 60 16     0    0.54    1325      64     694       0     9.6    1325      64     694       0     9.6
magic-square 60 16     0    1.06    2696     147    1279       0    11.4    2696     147    1279       0    11.4
magic-square 60 16     0    1.58    4138     318    1656       0    10.1    4138     318    1656       0    10.1
magic-square 60 16     0    0.96    2511     131    1002       0    10.2    2511     131    1002       0    10.2
magic-square 60 16     0    0.90    2130     111    1362       0     8.9    2130     111    1362       0     8.9
magic-square 60 16     0    2.00    5102     310    2435       0     6.2    5102     310    2435       0     6.2
magic-square 60 16     0    1.34    3285     197    1847       0     7.4    3285     197    1847       0     7.4
magic-square 60 16     0    2.01    5468     315    1844       0     9.4    5468     315    1844       0     9.4
magic-square 60 16     0    1.38    3918     217     975       0    10.7    3918     217     975       0    10.7
magic-square 60 16     0    1.68    4646     254    1395       0     9.9    4646     254    1395       0     9.9
magic-square 60 16     0    2.60    7470     457    1713       0     9.0    7470     457    1713       0     9.0
magic-square 60 16     0    1.15    2858     181    1494       0     8.2    2858     181    1494       0     8.2
magic-square 60 16     0    0.69    1669      70     965       0    15.3    1669      70     965       0    15.3
magic-square 60 16     0    1.51    4381     258     858       0    10.7    4381     258     858       0    10.7
magic-square 60 16     0    1.04    2781     135    1001       0    10.6    2781     135    1001       0    10.6
magic-square 60 16     0    2.79    7798     504    2205       0     8.5    7798     504    2205       0     8.5
magic-square 60 16     0    2.83    7236     393    3498       0     6.0    7236     393    3498       0     6.0
magic-square 60 16     0    0.54    1328      78     670       0    21.0    1328      78     670       0    21.0
magic-square 60 16     0    0.71    1795      96     827       0    13.5    1795      96     827       0    13.5
magic-square 60 16     0    2.67    7942     449    1271       0    10.8    7942     449    1271       0    10.8
magic-square 60 16     0    0.50    1119      65     799       0    10.3    1119      65     799       0    10.3
magic-square 60 16     0    0.77    1792     141    1135       0    10.0    1792     141    1135       0    10.0
magic-square 60 16     0    1.20    3249     175    1101       0    15.4    3249     175    1101       0    15.4
magic-square 70 4     0    1.94    3938     196    1300       0    13.1    3938     196    1300       0    13.1
magic-square 70 4     0    2.36    4835     286    1467       0    11.6    4835     286    1467       0    11.6
magic-square 70 4     0    2.51    4427     216    2870       0     8.3    4427     216    2870       0     8.3
magic-square 70 4     0    2.52    5091     344    1657       0    11.4    5091     344    1657       0    11.4
magic-square 70 4     0    3.96    7762     435    3105       0     8.9    7762     435    3105       0     8.9
magic-square 70 4     0    3.69    7150     420    3057       0     7.8    7150     420    3057       0     7.8
magic-square 70 4     0    8.36   18382    1077    2941       0    11.0   18382    1077    2941       0    11.0
magic-square 70 4     0    8.65   19186    1136    2754       0    10.7   19186    1136    2754       0    10.7
magic-square 70 4     0    3.85    7974     443    2288       0     7.8    7974     443    2288       0     7.8
magic-square 70 4     0    3.58    7277     490    2290       0    10.3    7277     490    2290       0    10.3
magic-square 70 4     0    3.11    5986     378    2621       0    10.1    5986     378    2621       0    10.1
magic-square 70 4     0    9.58   20595    1230    5450       1    11.5   20595    1230    5450       1    11.5
magic-square 70 4     0    4.51    9264     557    2752       0     9.2    9264     557    2752       0     9.2
magic-square 70 4     0    3.10    6659     381    1391       0    13.0    6659     381    1391       0    13.0
magic-square 70 4     0    1.59    2893     158    1637       0    11.4    2893     158    1637       0    11.4
magic-square 70 4     0    1.71    3639     200     834       0    13.8    3639     200     834       0    13.8
magic-square 70 4     0    0.76    1451      70     661       0    20.0    1451      70     661       0    20.0
magic-square 70 4     0    5.40   11307     693    2903       0     9.2   11307     693    2903       0     9.2
magic-square 70 4     0    6.12   12957     776    3036       0    10.8   12957     776    3036       0    10.8
magic-square 70 4     0    4.18    8998     493    1872       0    11.0    8998     493    1872       0    11.0
magic-square 70 4     0    2.37    4738     285    1667       0    10.0    4738     285    1667       0    10.0
magic-square 70 4     0    1.52    2756     154    1617       0    13.4    2756     154    1617       0    13.4
magic-square 70 4     0    3.42    7336     433    1521       0    11.6    7336     433    1521       0    11.6
magic-square 70 4     0    1.38    2698     163    1071       0    14.7    2698     163    1071       0    14.7
magic-square 70 4     0    6.15   12136     700    4691       0     6.8   12136     700    4691       0     6.8
magic-square 70 4     0    2.00    3889     212    1649       0    10.0    3889     212    1649       0    10.0
magic-square 70 4     0    1.68    3411     192    1077       0    13.9    3411     192    1077       0    13.9
magic-square 70 4     0    7.36   16193     909    2620       0    11.8   16193     909    2620       0    11.8
magic-square 70 4     0   10.11   21311    1306    7659       2    12.4   21311    1306    7659       2    12.4
magic-square 70 4     0    2.87    5492     295    3719       1    10.3    5492     295    3719       1    10.3
magic-square 70 8     0    4.25    9409     554    1368       0    12.5    9409     554    1368       0    12.5
magic-square 70 8     0    2.12    3940     234    2000       0     6.0    3940     234    2000       0     6.0
magic-square 70 8     0    6.10   13185     758    2559       0    10.4   13185     758    2559       0    10.4
magic-square 70 8     0    2.41    5070     286    1246       0    12.0    5070     286    1246       0    12.0
magic-square 70 8     0    4.10    7973     510    3263       0     9.2    7973     510    3263       0     9.2
magic-square 70 8     0    2.96    6138     369    1685       0     8.4    6138     369    1685       0     8.4
magic-square 70 8     0    3.94    7857     451    2848       0     8.9    7857     451    2848       0     8.9
magic-square 70 8     0    3.44    7534     493    1189       0    12.4    7534     493    1189       0    12.4
magic-square 70 8     0    2.36    4542     276    1968       0    11.3    4542     276    1968       0    11.3
magic-square 70 8     0    3.43    6912     478    2240       0    10.4    6912     478    2240       0    10.4
magic-square 70 8     0    3.91    7467     444    3415       0     5.7    7467     444    3415       0     5.7
magic-square 70 8     0    2.24    4382     240    1782       0     8.7    4382     240    1782       0     8.7
magic-square 70 8     0    2.77    5764     326    1576       0    10.8    5764     326    1576       0    10.8
magic-square 70 8     0    4.23    8844     491    3540       1    11.1    8844     491    3540       1    11.1
magic-square 70 8     0    3.90    8596     465    1347       0    13.1    8596     465    1347       0    13.1
magic-square 70 8     0    5.56   12341     705    1764       0    12.1   12341     705    1764       0    12.1
magic-square 70 8     0    4.10    8847     477    1764       0    12.2    8847     477    1764       0    12.2
magic-square 70 8     0    2.43    4519     309    2260       0     8.0    4519     309    2260       0     8.0
magic-square 70 8     0    1.10    2007     118    1107       0    16.7    2007     118    1107       0    16.7
magic-square 70 8     0    3.99    7691     486    3299       0     8.2    7691     486    3299       0     8.2
magic-square 70 8     0    1.62    3018     157    1546       0     7.3    3018     157    1546       0     7.3
magic-square 70 8     0    3.40    6713     381    2552       0     7.0    6713     381    2552       0     7.0
magic-square 70 8     0    1.89    3573     228    1673       0    11.1    3573     228    1673       0    11.1
magic-square 70 8     0    9.24   19031    1165    6737       1    10.5   19031    1165    6737       1    10.5
magic-square 70 8     0    1.55    2793     141    1634       0     7.9    2793     141    1634       0     7.9
magic-square 70 8     0    3.56    7039     417    2659       0    10.5    7039     417    2659       0    10.5
magic-square 70 8     0    4.87   10166     646    2647       0     8.0   10166     646    2647       0     8.0
magic-square 70 8     0    7.10   15683     948    2326       0    11.5   15683     948    2326       0    11.5
magic-square 70 8     0    2.99    6484     378    1182       0    11.8    6484     378    1182       0    11.8
magic-square 70 8     0    5.88   12007     722    3724       0     8.4   12007     722    3724       0     8.4
magic-square 70 16     0    3.31    6897     376    1807       0    12.9    6897     376    1807       0    12.9
magic-square 70 16     0    1.49    2700     122    1541       0    10.5    2700     122    1541       0    10.5
magic-square 70 16     0    1.53    2932     172    1262       0     9.6    2932     172    1262       0     9.6
magic-square 70 16     0    3.45    6496     365    3145       0     7.5    6496     365    3145       0     7.5
magic-square 70 16     0    1.89    3758     229    1269       0    13.9    3758     229    1269       0    13.9
magic-square 70 16     0    1.70    3220     204    1438       0    10.6    3220     204    1438       0    10.6
magic-square 70 16     0    3.40    6638     432    2638       0     7.2    6638     432    2638       0     7.2
magic-square 70 16     0    3.62    6693     355    4757       1     9.1    6693     355    4757       1     9.1
magic-square 70 16     0    4.48    9732     570    1717       0    12.0    9732     570    1717       0    12.0
magic-square 70 16     0    3.15    5629     265    3454       0     9.2    5629     265    3454       0     9.2
magic-square 70 16     0    2.07    4060     230    1580       0    12.7    4060     230    1580       0    12.7
magic-square 70 16     0    1.68    3023     183    1718       0    13.3    3023     183    1718       0    13.3
magic-square 70 16     0    1.43    2605     146    1400       0    11.0    2605     146    1400       0    11.0
magic-square 70 16     0    1.41    2799     121    1009       0    14.6    2799     121    1009       0    14.6
magic-square 70 16     0    2.67    5279     309    1920       0    11.6    5279     309    1920       0    11.6
magic-square 70 16     0    1.63    2963     143    1674       0    12.6    2963     143    1674       0    12.6
magic-square 70 16     0    0.98    1683      67    1176       0    11.5    1683      67    1176       0    11.5
magic-square 70 16     0    3.31    6920     482    1675       0    10.6    6920     482    1675       0    10.6
magic-square 70 16     0    3.02    5712     330    2675       0     7.2    5712     330    2675       0     7.2
magic-square 70 16     0    1.47    2677     160    1465       0    13.5    2677     160    1465       0    13.5
magic-square 70 16     0    0.87    1521      88     951       0    11.8    1521      88     951       0    11.8
magic-square 70 16     0    2.45    4813     271    1848       0    11.3    4813     271    1848       0    11.3
magic-square 70 16     0    2.73    5430     416    1856       0     9.0    5430     416    1856       0     9.0
magic-square 70 16     0    1.97    3870     228    1450       0    12.6    3870     228    1450       0    12.6
magic-square 70 16     0    1.85    3701     221    1233       0    10.6    3701     221    1233       0    10.6
magic-square 70 16     0    3.75    7119     392    3331       0     6.7    7119     392    3331       0     6.7
magic-square 70 16     0    3.32    6879     413    1865       0     9.8    6879     413    1865       0     9.8
magic-square 70 16     0    0.73    1222      56     903       0    15.3    1222      56     903       0    15.3
magic-square 70 16     0    3.22    6516     397    2064       0    11.8    6516     397    2064       0    11.8
magic-square 70 16     0    2.60    4933     301    2235       0     9.6    4933     301    2235       0     9.6
magic-square 80 4     0    9.21   15194     947    3028       0    11.1   15194     947    3028       0    11.1
magic-square 80 4     0   10.29   17865    1080    1773       0    13.3   17865    1080    1773       0    13.3
magic-square 80 4     0    3.53    5620     279    1585       0    14.8    5620     279    1585       0    14.8
magic-square 80 4     0    2.23    3129     160    1769       0    14.0    3129     160    1769       0    14.0
magic-square 80 4     0    3.54    5798     355    1243       0    14.2    5798     355    1243       0    14.2
magic-square 80 4     0    2.06    2977     177    1443       0    13.6    2977     177    1443       0    13.6
magic-square 80 4     0    2.91    4644     264    1266       0    15.6    4644     264    1266       0    15.6
magic-square 80 4     0    5.13    8009     517    2485       0    12.2    8009     517    2485       0    12.2
magic-square 80 4     0    8.47   12860     813    4811       0    10.0   12860     813    4811       0    10.0
magic-square 80 4     0    7.83   12673     707    3106       0    11.6   12673     707    3106       0    11.6
magic-square 80 4     0    5.82    9716     630    1683       0    14.1    9716     630    1683       0    14.1
magic-square 80 4     0    4.93    7744     611    2196       0    12.1    7744     611    2196       0    12.1
magic-square 80 4     0    8.88   15250     952    1835       0    13.5   15250     952    1835       0    13.5
magic-square 80 4     0    9.84   14284    1144    6531       0     6.2   14284    1144    6531       0     6.2
magic-square 80 4     0    4.83    7987     409    1647       0    12.8    7987     409    1647       0    12.8
magic-square 80 4     0    7.22   11452     691    3221       0     9.8   11452     691    3221       0     9.8
magic-square 80 4     0    8.51   12656     798    6881       1    10.6   12656     798    6881       1    10.6
magic-square 80 4     0    2.33    3764     201     930       0    17.9    3764     201     930       0    17.9
magic-square 80 4     0   22.09   34767    2085   12009       1     8.8   34767    2085   12009       1     8.8
magic-square 80 4     0    3.85    6248     365    1473       0    14.6    6248     365    1473       0    14.6
magic-square 80 4     0    5.59    8393     488    3380       0     8.2    8393     488    3380       0     8.2
magic-square 80 4     0   21.28   34703    2092   11003       2    11.4   34703    2092   11003       2    11.4
magic-square 80 4     0    1.73    2534     123    1157       0    15.0    2534     123    1157       0    15.0
magic-square 80 4     0    4.30    6386     327    2764       0     9.2    6386     327    2764       0     9.2
magic-square 80 4     0    5.96    9566     548    2478       0    12.9    9566     548    2478       0    12.9
magic-square 80 4     0    4.31    6052     373    3331       0     9.7    6052     373    3331       0     9.7
magic-square 80 4     0    3.24    4693     300    2249       0    11.4    4693     300    2249       0    11.4
magic-square 80 4     0    7.61   11897     698    3733       0     9.3   11897     698    3733       0     9.3
magic-square 80 4     0   28.98   46751    2900   16288       3     9.7   46751    2900   16288       3     9.7
magic-square 80 4     0    6.25    9475     546    3605       0    10.1    9475     546    3605       0    10.1
magic-square 80 8     0    9.17   14233     933    6166       1    11.6   14233     933    6166       1    11.6
magic-square 80 8     0    5.98    8929     494    5307       1    13.3    8929     494    5307       1    13.3
magic-square 80 8     0    1.43    1955      74    1211       0    15.5    1955      74    1211       0    15.5
magic-square 80 8     0    3.85    6072     292    1813       0    14.7    6072     292    1813       0    14.7
magic-square 80 8     0    3.04    4902     296    1173       0    17.7    4902     296    1173       0    17.7
magic-square 80 8     0    5.50    8202     491    3383       0     9.6    8202     491    3383       0     9.6
magic-square 80 8     0    3.86    5553     295    2780       0    11.4    5553     295    2780       0    11.4
magic-square 80 8     0    7.62   12743     855    2106       0    12.7   12743     855    2106       0    12.7
magic-square 80 8     0    1.25    1629      82    1205       0    18.5    1629      82    1205       0    18.5
magic-square 80 8     0    2.30    3184     252    1772       0    12.1    3184     252    1772       0    12.1
magic-square 80 8     0    2.60    3967     219    1450       0    12.6    3967     219    1450       0    12.6
magic-square 80 8     0    2.91    4839     238     910       0    14.7    4839     238     910       0    14.7
magic-square 80 8     0    6.46   10827     576    1882       0    11.8   10827     576    1882       0    11.8
magic-square 80 8     0    4.36    6582     438    2476       0    11.6    6582     438    2476       0    11.6
magic-square 80 8     0    6.23    9820     638    2829       0    11.9    9820     638    2829       0    11.9
magic-square 80 8     0    5.76    9542     565    1838       0    14.3    9542     565    1838       0    14.3
magic-square 80 8     0    7.04   11825     664    1986       0    12.8   11825     664    1986       0    12.8
magic-square 80 8     0    7.00   10629     652    3984       0     5.7   10629     652    3984       0     5.7
magic-square 80 8     0    6.02    8946     912    3381       0    10.7    8946     912    3381       0    10.7
magic-square 80 8     0    6.43    9609     592    5530       1    11.4    9609     592    5530       1    11.4
magic-square 80 8     0    1.47    1985      91    1289       0    18.8    1985      91    1289       0    18.8
magic-square 80 8     0   10.29   17260     955    2946       0    12.1   17260     955    2946       0    12.1
magic-square 80 8     0    4.85    7471     450    2541       0    10.8    7471     450    2541       0    10.8
magic-square 80 8     0    6.60   10831     632    2279       0    12.0   10831     632    2279       0    12.0
magic-square 80 8     0    4.79    7668     459    2000       0    11.1    7668     459    2000       0    11.1
magic-square 80 8     0    4.24    7221     392     999       0    12.3    7221     392     999       0    12.3
magic-square 80 8     0    5.56    8420     547    3137       0    11.7    8420     547    3137       0    11.7
magic-square 80 8     0    1.61    2186     133    1345       0    18.0    2186     133    1345       0    18.0
magic-square 80 8     0    4.53    6689     427    2868       0     8.3    6689     427    2868       0     8.3
magic-square 80 8     0    3.30    4733     282    2370       0    10.2    4733     282    2370       0    10.2
magic-square 80 16     0    2.07    3108     194    1189       0    19.7    3108     194    1189       0    19.7
magic-square 80 16     0    1.13    1464      62    1065       0    25.0    1464      62    1065       0    25.0
magic-square 80 16     0    3.45    5633     330    1205       0    17.5    5633     330    1205       0    17.5
magic-square 80 16     0    3.07    4633     248    1779       0    13.9    4633     248    1779       0    13.9
magic-square 80 16     0    3.99    6028     372    2271       0    11.0    6028     372    2271       0    11.0
magic-square 80 16     0    3.10    4687     265    1780       0    14.8    4687     265    1780       0    14.8
magic-square 80 16     0    3.96    6199     404    1846       0    17.4    6199     404    1846       0    17.4
magic-square 80 16     0    2.56    3474     175    2177       0    14.6    3474     175    2177       0    14.6
magic-square 80 16     0    4.02    6354     357    1816       0    13.2    6354     357    1816       0    13.2
magic-square 80 16     0    1.92    2539     130    1737       0    13.6    2539     130    1737       0    13.6
magic-square 80 16     0    4.78    6650     379    3796       0     6.8    6650     379    3796       0     6.8
magic-square 80 16     0    3.72    5535     295    2298       0    11.8    5535     295    2298       0    11.8
magic-square 80 16     0    1.53    1944     129    1502       0    20.7    1944     129    1502       0    20.7
magic-square 80 16     0    2.44    3655     202    1428       0    15.4    3655     202    1428       0    15.4
magic-square 80 16     0    3.30    5086     258    1723       0    15.2    5086     258    1723       0    15.2
magic-square 80 16     0    3.61    5765     339    1478       0    15.5    5765     339    1478       0    15.5
magic-square 80 16     0    2.66    3897     222    1738       0    13.6    3897     222    1738       0    13.6
magic-square 80 16     0    1.73    2278     117    1586       0    12.9    2278     117    1586       0    12.9
magic-square 80 16     0    2.72    3990     247    1745       0    14.3    3990     247    1745       0    14.3
magic-square 80 16     0    3.46    5138     300    2135       0    13.1    5138     300    2135       0    13.1
magic-square 80 16     0    5.78    9077     542    2697       0    12.0    9077     542    2697       0    12.0
magic-square 80 16     0    2.48    3667     189    1555       0    17.4    3667     189    1555       0    17.4
magic-square 80 16     0    3.73    5419     308    2522       0    11.4    5419     308    2522       0    11.4
magic-square 80 16     0    2.87    4377     270    1542       0    17.5    4377     270    1542       0    17.5
magic-square 80 16     0    4.03    6357     394    1799       0    12.6    6357     394    1799       0    12.6
magic-square 80 16     0    2.85    4155     242    1875       0    12.0    4155     242    1875       0    12.0
magic-square 80 16     0    2.14    3142     145    1409       0    15.0    3142     145    1409       0    15.0
magic-square 80 16     0    1.72    2359     128    1397       0    18.8    2359     128    1397       0    18.8
magic-square 80 16     0    2.91    4108     273    2127       0    10.9    4108     273    2127       0    10.9
magic-square 80 16     0    2.84    4301     219    1612       0    15.4    4301     219    1612       0    15.4
magic-square 90 4     0   26.21   35040    2004    7458       1    13.3   35040    2004    7458       1    13.3
magic-square 90 4     0    8.82   10839     614    3561       0    10.0   10839     614    3561       0    10.0
magic-square 90 4     0    9.20   11349     628    5679       1    11.8   11349     628    5679       1    11.8
magic-square 90 4     0    4.61    5622     315    1923       0    15.3    5622     315    1923       0    15.3
magic-square 90 4     0    7.95    9595     597    3454       0    12.7    9595     597    3454       0    12.7
magic-square 90 4     0    8.85   10958     671    3373       0    11.3   10958     671    3373       0    11.3
magic-square 90 4     0    8.30   10154     574    3432       0    13.3   10154     574    3432       0    13.3
magic-square 90 4     0   27.87   34627    2034   12526       1     9.9   34627    2034   12526       1     9.9
magic-square 90 4     0    8.91   11227     695    3019       0    12.7   11227     695    3019       0    12.7
magic-square 90 4     0    7.65    9028     512    3769       0    11.9    9028     512    3769       0    11.9
magic-square 90 4     0    9.27   11434     720    5609       1    15.2   11434     720    5609       1    15.2
magic-square 90 4     0   14.93   17462     983    7623       0     6.6   17462     983    7623       0     6.6
magic-square 90 4     0    8.23   10293    1360    2199       0    14.5   10293    1360    2199       0    14.5
magic-square 90 4     0    9.12   10388     570    5168       0    11.1   10388     570    5168       0    11.1
magic-square 90 4     0    5.48    6746     372    2176       0    13.3    6746     372    2176       0    13.3
magic-square 90 4     0    6.30    7598     413    2805       0    15.9    7598     413    2805       0    15.9
magic-square 90 4     0   57.65   74959    4495   21664       3    11.4   74959    4495   21664       3    11.4
magic-square 90 4     0    4.11    4767     303    2138       0    10.8    4767     303    2138       0    10.8
magic-square 90 4     0    5.23    5878     310    3113       0    12.8    5878     310    3113       0    12.8
magic-square 90 4     0    9.62   11404     708    4561       0    10.8   11404     708    4561       0    10.8
magic-square 90 4     0    8.00    9610     503    5694       1    15.9    9610     503    5694       1    15.9
magic-square 90 4     0   48.84   65129    3711   14484       2    10.2   65129    3711   14484       2    10.2
magic-square 90 4     0    6.26    7107     473    3504       0     9.9    7107     473    3504       0     9.9
magic-square 90 4     0   28.20   35141    2057   14488       2    11.6   35141    2057   14488       2    11.6
magic-square 90 4     0   12.05   16068     962    2519       0    14.3   16068     962    2519       0    14.3
magic-square 90 4     0    4.40    5247     299    2063       0    13.6    5247     299    2063       0    13.6
magic-square 90 4     0   14.78   19000    1151    4362       0    12.5   19000    1151    4362       0    12.5
magic-square 90 4     0   28.89   34543    1968   17443       2    13.0   34543    1968   17443       2    13.0
magic-square 90 4     0    9.32   11178     634    4250       0    11.1   11178     634    4250       0    11.1
magic-square 90 4     0   14.19   18061    1029    4588       0     8.9   18061    1029    4588       0     8.9
magic-square 90 8     0    8.03   10822     600    1509       0    14.8   10822     600    1509       0    14.8
magic-square 90 8     0    9.08   11599     668    2847       0    12.4   11599     668    2847       0    12.4
magic-square 90 8     0   12.71   14550     819    9091       1     8.7   14550     819    9091       1     8.7
magic-square 90 8     0   10.24   11972     702    5209       0     9.3   11972     702    5209       0     9.3
magic-square 90 8     0    5.99    7288     433    2502       0    13.0    7288     433    2502       0    13.0
magic-square 90 8     0    7.33    8519     510    3812       0    10.8    8519     510    3812       0    10.8
magic-square 90 8     0    7.97   10670     607    1610       0    16.0   10670     607    1610       0    16.0
magic-square 90 8     0    5.43    6384     381    2681       0    17.1    6384     381    2681       0    17.1
magic-square 90 8     0    7.92   10095     584    2504       0    14.5   10095     584    2504       0    14.5
magic-square 90 8     0   15.02   20864    1213    1635       0    15.6   20864    1213    1635       0    15.6
magic-square 90 8     0    4.68    5391     270    2558       0    11.6    5391     270    2558       0    11.6
magic-square 90 8     0    9.50   11939     670    3345       0    13.4   11939     670    3345       0    13.4
magic-square 90 8     0    4.56    5235     271    2500       0    10.8    5235     271    2500       0    10.8
magic-square 90 8     0   12.60   14542     913    6701       0     8.1   14542     913    6701       0     8.1
magic-square 90 8     0    6.01    7917     480    1392       0    17.5    7917     480    1392       0    17.5
magic-square 90 8     0    5.47    6676     364    2281       0    13.4    6676     364    2281       0    13.4
magic-square 90 8     0    3.09    3301     181    2123       0    14.4    3301     181    2123       0    14.4
magic-square 90 8     0   16.53   22262    1332    3039       0    14.4   22262    1332    3039       0    14.4
magic-square 90 8     0    1.66    1812      96    1056       0    37.0    1812      96    1056       0    37.0
magic-square 90 8     0    8.14    9433     470    4368       0    11.4    9433     470    4368       0    11.4
magic-square 90 8     0    7.11    8622     481    3054       0    12.7    8622     481    3054       0    12.7
magic-square 90 8     0    8.33   11133     678    1665       0    16.2   11133     678    1665       0    16.2
magic-square 90 8     0    3.43    3915     248    1870       0    16.3    3915     248    1870       0    16.3
magic-square 90 8     0   13.14   15810     950    5841       0     8.8   15810     950    5841       0     8.8
magic-square 90 8     0   16.12   19661    1158    8731       1    12.2   19661    1158    8731       1    12.2
magic-square 90 8     0    7.52    8796     501    3810       0    12.1    8796     501    3810       0    12.1
magic-square 90 8     0    6.71    8060     486    3004       0    11.4    8060     486    3004       0    11.4
magic-square 90 8     0   13.84   18371    1027    3112       0    13.4   18371    1027    3112       0    13.4
magic-square 90 8     0   24.42   29533    1858   12549       1    13.7   29533    1858   12549       1    13.7
magic-square 90 8     0    2.68    2897     119    1830       0    23.3    2897     119    1830       0    23.3
magic-square 90 16     0    4.94    6324     413    1424       0    13.7    6324     413    1424       0    13.7
magic-square 90 16     0    1.75    1803     105    1295       0    28.9    1803     105    1295       0    28.9
magic-square 90 16     0    5.71    6611     421    2941       0    13.8    6611     421    2941       0    13.8
magic-square 90 16     0    4.35    5396     267    1664       0    18.4    5396     267    1664       0    18.4
magic-square 90 16     0    4.73    5808     309    1884       0    15.4    5808     309    1884       0    15.4
magic-square 90 16     0    6.54    7586     399    5469       1    15.6    7586     399    5469       1    15.6
magic-square 90 16     0    2.11    2327      95    1327       0    20.5    2327      95    1327       0    20.5
magic-square 90 16     0   10.97   11005     612    8884       0     8.3   11005     612    8884       0     8.3
magic-square 90 16     0    3.88    4460     278    2055       0    15.2    4460     278    2055       0    15.2
magic-square 90 16     0    6.52    8128     491    2341       0    16.2    8128     491    2341       0    16.2
magic-square 90 16     0    6.33    7687     494    2611       0    11.2    7687     494    2611       0    11.2
magic-square 90 16     0    5.80    7105     361    2377       0    13.8    7105     361    2377       0    13.8
magic-square 90 16     0    8.17   10067     638    3131       0    13.3   10067     638    3131       0    13.3
magic-square 90 16     0    5.52    6343     366    2971       0    10.5    6343     366    2971       0    10.5
magic-square 90 16     0    7.73    9613     550    2877       0    14.4    9613     550    2877       0    14.4
magic-square 90 16     0    3.33    4006     237    1444       0    16.0    4006     237    1444       0    16.0
magic-square 90 16     0    6.98    8100     413    3682       0    10.3    8100     413    3682       0    10.3
magic-square 90 16     0    7.74    8955     534    6077       1    15.4    8955     534    6077       1    15.4
magic-square 90 16     0    9.12   11806     643    2584       0    14.0   11806     643    2584       0    14.0
magic-square 90 16     0   10.34   11907     665    5582       0     9.5   11907     665    5582       0     9.5
magic-square 90 16     0    3.14    3528     168    1843       0    18.8    3528     168    1843       0    18.8
magic-square 90 16     0    5.59    6640     341    2641       0    12.8    6640     341    2641       0    12.8
magic-square 90 16     0    4.74    5939     320    1657       0    16.5    5939     320    1657       0    16.5
magic-square 90 16     0    2.26    2402     148    1543       0    16.6    2402     148    1543       0    16.6
magic-square 90 16     0    4.55    5196     252    2533       0    16.2    5196     252    2533       0    16.2
magic-square 90 16     0    4.71    5726     356    1927       0    16.5    5726     356    1927       0    16.5
magic-square 90 16     0    2.60    2814     129    1732       0    27.7    2814     129    1732       0    27.7
magic-square 90 16     0   11.00   14924     897    1789       0    15.5   14924     897    1789       0    15.5
magic-square 90 16     0    2.20    2365     100    1487       0    20.4    2365     100    1487       0    20.4
magic-square 90 16     0    6.46    8218     491    2022       0    16.3    8218     491    2022       0    16.3
magic-square 100 4     0   28.07   30016    1756    7885       1    15.5   30016    1756    7885       1    15.5
magic-square 100 4     0    7.54    6697     325    3978       0    14.3    6697     325    3978       0    14.3
magic-square 100 4     0   21.74   23674    1435    3340       0    15.5   23674    1435    3340       0    15.5
magic-square 100 4     0   15.55   16114    1039    3818       0    13.1   16114    1039    3818       0    13.1
magic-square 100 4     0    6.74    6588     353    2440       0    19.4    6588     353    2440       0    19.4
magic-square 100 4     0   32.62   32067    1951   11274       0     7.9   32067    1951   11274       0     7.9
magic-square 100 4     0   35.60   35588    1887   14019       1    10.5   35588    1887   14019       1    10.5
magic-square 100 4     0    9.59    9452     515    3318       0    14.4    9452     515    3318       0    14.4
magic-square 100 4     0   17.59   18030    1079    4744       0    13.1   18030    1079    4744       0    13.1
magic-square 100 4     0   32.33   32680    1915   12127       1    17.7   32680    1915   12127       1    17.7
magic-square 100 4     0   20.15   19889    1148    6877       0    10.1   19889    1148    6877       0    10.1
magic-square 100 4     0    6.45    6673     378    1635       0    16.4    6673     378    1635       0    16.4
magic-square 100 4     0    9.00    9664     542    1661       0    16.7    9664     542    1661       0    16.7
magic-square 100 4     0   60.90   65096    3998   16519       2    13.9   65096    3998   16519       2    13.9
magic-square 100 4     0   10.41   10188     617    3676       0    14.3   10188     617    3676       0    14.3
magic-square 100 4     0    7.98    8119     468    2273       0    20.1    8119     468    2273       0    20.1
magic-square 100 4     0    6.47    5744     250    3450       0    11.6    5744     250    3450       0    11.6
magic-square 100 4     0    9.24    9202     522    3008       0    14.3    9202     522    3008       0    14.3
magic-square 100 4     0   27.88   28024    1625   11099       1     9.9   28024    1625   11099       1     9.9
magic-square 100 4     0   36.99   34452    1940   21431       2    11.7   34452    1940   21431       2    11.7
magic-square 100 4     0   10.32   10160     591    3574       0     9.8   10160     591    3574       0     9.8
magic-square 100 4     0   11.49   10778     621    4943       0    10.5   10778     621    4943       0    10.5
magic-square 100 4     0   20.37   21264    1182    7402       1    16.9   21264    1182    7402       1    16.9
magic-square 100 4     0   22.03   20681    1176   11967       1    12.3   20681    1176   11967       1    12.3
magic-square 100 4     0   44.55   45642    2613   17217       2    12.4   45642    2613   17217       2    12.4
magic-square 100 4     0   28.37   27450    1725   10548       0     8.3   27450    1725   10548       0     8.3
magic-square 100 4     0   92.45  101860    6067   19659       3    14.9  101860    6067   19659       3    14.9
magic-square 100 4     0    6.91    7001     402    2015       0    23.5    7001     402    2015       0    23.5
magic-square 100 4     0   11.70   12784     777    1700       0    17.8   12784     777    1700       0    17.8
magic-square 100 4     0   16.61   15961     953    6418       0    11.3   15961     953    6418       0    11.3
magic-square 100 8     0   10.56   10784     592    2970       0    14.5   10784     592    2970       0    14.5
magic-square 100 8     0   10.39   10185    1484    2772       0    13.7   10185    1484    2772       0    13.7
magic-square 100 8     0    5.38    5326     310    1789       0    20.7    5326     310    1789       0    20.7
magic-square 100 8     0    6.31    5883     328    2773       0    16.0    5883     328    2773       0    16.0
magic-square 100 8     0   14.04   14069     826    4381       0    10.4   14069     826    4381       0    10.4
magic-square 100 8     0    6.52    6231     336    2606       0    14.2    6231     336    2606       0    14.2
magic-square 100 8     0   17.33   18323    1100    3639       0    14.7   18323    1100    3639       0    14.7
magic-square 100 8     0    4.36    3968     207    2107       0    20.3    3968     207    2107       0    20.3
magic-square 100 8     0   11.38   11232     681    3839       0    13.4   11232     681    3839       0    13.4
magic-square 100 8     0   30.26   30267    1783   14565       2    14.8   30267    1783   14565       2    14.8
magic-square 100 8     0   12.77   12625     708    4312       0    14.3   12625     708    4312       0    14.3
magic-square 100 8     0   28.51   30395    1849    8047       1    14.8   30395    1849    8047       1    14.8
magic-square 100 8     0   15.96   16245     917    7054       1    14.4   16245     917    7054       1    14.4
magic-square 100 8     0   18.23   17203     980   10153       1    11.1   17203     980   10153       1    11.1
magic-square 100 8     0   19.34   21370    1238    2432       0    17.1   21370    1238    2432       0    17.1
magic-square 100 8     0   12.64   13221     713    3007       0    15.5   13221     713    3007       0    15.5
magic-square 100 8     0   17.75   16634     957    7657       0     8.6   16634     957    7657       0     8.6
magic-square 100 8     0    4.46    4342     255    1603       0    21.1    4342     255    1603       0    21.1
magic-square 100 8     0   11.21   10570     659    4655       0     9.9   10570     659    4655       0     9.9
magic-square 100 8     0   12.51   12932     759    3179       0    15.0   12932     759    3179       0    15.0
magic-square 100 8     0   11.33   11582     655    3130       0    13.7   11582     655    3130       0    13.7
magic-square 100 8     0   18.49   19115    1098    4724       0    12.1   19115    1098    4724       0    12.1
magic-square 100 8     0    9.32    9280     582    2958       0    14.9    9280     582    2958       0    14.9
magic-square 100 8     0   28.36   28878    1758   10471       1    13.3   28878    1758   10471       1    13.3
magic-square 100 8     0   10.41   10618     602    2937       0    14.6   10618     602    2937       0    14.6
magic-square 100 8     0   16.85   15019     926   11111       1    11.6   15019     926   11111       1    11.6
magic-square 100 8     0    7.71    7895     428    2113       0    18.4    7895     428    2113       0    18.4
magic-square 100 8     0   18.43   18265    1255    5937       0    11.6   18265    1255    5937       0    11.6
magic-square 100 8     0   14.96   14836     856    4975       0     7.8   14836     856    4975       0     7.8
magic-square 100 8     0   17.33   16103     918   10243       1     9.5   16103     918   10243       1     9.5
magic-square 100 16     0    8.87    8286     485    3837       0    12.1    8286     485    3837       0    12.1
magic-square 100 16     0   10.87   11495     640    2306       0    18.5   11495     640    2306       0    18.5
magic-square 100 16     0    7.60    6879     327    3758       0    12.7    6879     327    3758       0    12.7
magic-square 100 16     0   15.62   15904    1046    4288       0    15.1   15904    1046    4288       0    15.1
magic-square 100 16     0    8.33    8861     496    1672       0    17.4    8861     496    1672       0    17.4
magic-square 100 16     0    6.83    6190     382    3264       0    13.2    6190     382    3264       0    13.2
magic-square 100 16     0    3.12    2966     173    1224       0    29.6    2966     173    1224       0    29.6
magic-square 100 16     0    5.77    5022     259    3181       0    21.7    5022     259    3181       0    21.7
magic-square 100 16     0    9.47    9662     586    2589       0    20.3    9662     586    2589       0    20.3
magic-square 100 16     0    9.46    9590     529    2771       0    13.9    9590     529    2771       0    13.9
magic-square 100 16     0   12.48   12270     692    4324       0    11.1   12270     692    4324       0    11.1
magic-square 100 16     0    5.10    4764     259    2215       0    13.7    4764     259    2215       0    13.7
magic-square 100 16     0    6.52    6753     425    1564       0    23.6    6753     425    1564       0    23.6
magic-square 100 16     0   11.80   12068     626    3306       0    14.6   12068     626    3306       0    14.6
magic-square 100 16     0    8.43    8655     493    2240       0    15.1    8655     493    2240       0    15.1
magic-square 100 16     0   16.85   17715     967    3816       0    14.8   17715     967    3816       0    14.8
magic-square 100 16     0    6.79    7096     426    1555       0    18.3    7096     426    1555       0    18.3
magic-square 100 16     0    5.03    4619     310    2263       0    21.7    4619     310    2263       0    21.7
magic-square 100 16     0    5.41    5055     295    2319       0    17.1    5055     295    2319       0    17.1
magic-square 100 16     0    7.20    6825     399    2922       0    16.9    6825     399    2922       0    16.9
magic-square 100 16     0   10.17   10097     540    3365       0    13.9   10097     540    3365       0    13.9
magic-square 100 16     0    2.66    2206     122    1628       0    42.0    2206     122    1628       0    42.0
magic-square 100 16     0    5.07    4416     234    2780       0    19.2    4416     234    2780       0    19.2
magic-square 100 16     0    9.42    9263     498    3278       0    16.6    9263     498    3278       0    16.6
magic-square 100 16     0    7.74    8250     486    1482       0    19.2    8250     486    1482       0    19.2
magic-square 100 16     0    8.04    7217     392    4037       0    10.7    7217     392    4037       0    10.7
magic-square 100 16     0    7.85    7465     482    3111       0    13.1    7465     482    3111       0    13.1
magic-square 100 16     0    5.63    5594     302    1847       0    21.9    5594     302    1847       0    21.9
magic-square 100 16     0    7.04    7367     527    1512       0     9.8    7367     527    1512       0     9.8
magic-square 100 16     0   12.80   13274     744    3184       0    16.8   13274     744    3184       0    16.8
