partit 1200 4     2    3.45      20       6      86       6     0.7     220      44     702      44     0.8
partit 1200 4     1    2.42      54       7     131       7     0.9     154      24     417      24     0.9
partit 1200 4     0    1.30      82      13     225      13     0.9      82      13     225      13     0.9
partit 1200 4     0    0.37      23       3      56       3     0.9      23       3      56       3     0.9
partit 1200 4     2    3.29      10       1      21       1     0.9     210      39     637      39     0.8
partit 1200 4     1    1.97      25       5      80       5     0.8     125      22     366      22     0.8
partit 1200 4     0    0.34      21       2      43       2     1.0      21       2      43       2     1.0
partit 1200 4     0    0.87      55      11     176      11     0.8      55      11     176      11     0.8
partit 1200 4     0    0.73      46       9     145       9     0.8      46       9     145       9     0.8
partit 1200 4     1    2.77      76      11     197      11     0.9     176      31     516      31     0.8
partit 1200 4     0    0.76      48       6     114       6     0.9      48       6     114       6     0.9
partit 1200 4     0    1.32      83      18     281      18     0.8      83      18     281      18     0.8
partit 1200 4     0    0.64      40       9     139       9     0.8      40       9     139       9     0.8
partit 1200 4     0    0.65      41       4      85       4     0.9      41       4      85       4     0.9
partit 1200 4     0    0.35      22       1      33       1     1.0      22       1      33       1     1.0
partit 1200 4     0    1.36      86      16     262      16     0.8      86      16     262      16     0.8
partit 1200 4     0    1.41      89      14     243      14     0.9      89      14     243      14     0.9
partit 1200 4     0    0.86      54       7     131       7     0.9      54       7     131       7     0.9
partit 1200 4     0    0.21      13       1      24       1     0.9      13       1      24       1     0.9
partit 1200 4     0    0.54      34       6     100       6     0.9      34       6     100       6     0.9
partit 1200 4     0    0.82      52       9     151       9     0.9      52       9     151       9     0.9
partit 1200 4     0    0.29      18       3      51       3     0.8      18       3      51       3     0.8
partit 1200 4     1    2.64      68      13     211      13     0.8     168      35     552      35     0.8
partit 1200 4     0    0.67      42       7     119       7     0.9      42       7     119       7     0.9
partit 1200 4     0    0.35      22       1      33       1     1.1      22       1      33       1     1.1
partit 1200 4     1    2.09      33       4      77       4     0.9     133      21     363      21     0.9
partit 1200 4     0    1.06      67      14     221      14     0.8      67      14     221      14     0.8
partit 1200 4     0    0.29      18       2      40       2     0.9      18       2      40       2     0.9
partit 1200 4     4    6.55      18       1      29       1     1.0     418      73    1217      73     0.8
partit 1200 4     2    3.35      14       1      25       1     0.9     214      37     619      37     0.8
partit 1200 8     0    0.72      45       7     122       7     0.9      45       7     122       7     0.9
partit 1200 8     0    1.15      72      13     215      13     0.8      72      13     215      13     0.8
partit 1200 8     0    0.36      22       1      33       1     1.0      22       1      33       1     1.0
partit 1200 8     0    0.56      35       5      90       5     0.9      35       5      90       5     0.9
partit 1200 8     1    1.72       9       1      20       1     0.9     109      22     350      22     0.8
partit 1200 8     0    0.50      31       5      86       5     0.9      31       5      86       5     0.9
partit 1200 8     0    1.37      86      14     240      14     0.9      86      14     240      14     0.9
partit 1200 8     0    0.12       7       1      18       1     0.9       7       1      18       1     0.9
partit 1200 8     0    0.44      27       2      49       2     1.0      27       2      49       2     1.0
partit 1200 8     0    0.89      56       8     144       8     0.9      56       8     144       8     0.9
partit 1200 8     0    0.64      40       4      84       4     1.0      40       4      84       4     1.0
partit 1200 8     0    0.89      56      13     199      13     0.8      56      13     199      13     0.8
partit 1200 8     0    0.99      62       9     161       9     0.9      62       9     161       9     0.9
partit 1200 8     0    1.04      65      10     175      10     0.9      65      10     175      10     0.9
partit 1200 8     0    0.33      20       1      31       1     1.0      20       1      31       1     1.0
partit 1200 8     0    0.36      22       3      55       3     1.0      22       3      55       3     1.0
partit 1200 8     0    0.53      33       3      66       3     0.9      33       3      66       3     0.9
partit 1200 8     0    0.58      36       5      91       5     0.9      36       5      91       5     0.9
partit 1200 8     0    0.47      29       4      73       4     0.9      29       4      73       4     0.9
partit 1200 8     1    1.72       9       1      20       1     0.9     109      17     295      17     0.9
partit 1200 8     0    0.72      45       6     111       6     0.9      45       6     111       6     0.9
partit 1200 8     0    0.12       7       1      18       1     0.9       7       1      18       1     0.9
partit 1200 8     0    0.80      50      10     160      10     0.8      50      10     160      10     0.8
partit 1200 8     0    1.27      80      13     223      13     0.9      80      13     223      13     0.9
partit 1200 8     0    0.26      16       1      27       1     1.0      16       1      27       1     1.0
partit 1200 8     0    0.97      61       9     160       9     0.9      61       9     160       9     0.9
partit 1200 8     0    0.28      17       2      39       2     0.9      17       2      39       2     0.9
partit 1200 8     0    0.21      13       2      35       2     0.8      13       2      35       2     0.8
partit 1200 8     0    0.78      49      11     170      11     0.8      49      11     170      11     0.8
partit 1200 8     0    0.55      34       3      67       3     0.9      34       3      67       3     0.9
partit 1200 16     0    0.78      48       6     114       6     0.9      48       6     114       6     0.9
partit 1200 16     0    0.35      21       1      32       1     1.0      21       1      32       1     1.0
partit 1200 16     0    0.67      41       5      96       5     0.9      41       5      96       5     0.9
partit 1200 16     0    0.11       6       1      17       1     1.0       6       1      17       1     1.0
partit 1200 16     0    0.35      21       3      54       3     0.9      21       3      54       3     0.9
partit 1200 16     0    0.37      22       1      33       1     1.0      22       1      33       1     1.0
partit 1200 16     0    0.37      22       1      33       1     1.0      22       1      33       1     1.0
partit 1200 16     0    0.19      11       2      33       2     0.8      11       2      33       2     0.8
partit 1200 16     0    0.30      18       3      51       3     0.9      18       3      51       3     0.9
partit 1200 16     0    0.24      14       1      25       1     0.9      14       1      25       1     0.9
partit 1200 16     0    0.51      31       6      97       6     0.8      31       6      97       6     0.8
partit 1200 16     0    0.44      27       4      71       4     0.9      27       4      71       4     0.9
partit 1200 16     0    0.68      42       9     141       9     0.8      42       9     141       9     0.8
partit 1200 16     0    0.43      26       5      81       5     0.8      26       5      81       5     0.8
partit 1200 16     0    0.60      37       7     114       7     0.8      37       7     114       7     0.8
partit 1200 16     0    0.37      22       2      44       2     0.9      22       2      44       2     0.9
partit 1200 16     0    0.38      23       3      56       3     0.9      23       3      56       3     0.9
partit 1200 16     0    0.34      20       1      31       1     1.1      20       1      31       1     1.1
partit 1200 16     0    0.26      15       1      26       1     1.0      15       1      26       1     1.0
partit 1200 16     0    0.49      30       3      63       3     0.9      30       3      63       3     0.9
partit 1200 16     0    0.10       5       1      16       1     0.8       5       1      16       1     0.8
partit 1200 16     0    0.56      34       3      67       3     1.0      34       3      67       3     1.0
partit 1200 16     0    0.62      38       6     104       6     0.8      38       6     104       6     0.8
partit 1200 16     0    0.46      28       4      72       4     0.9      28       4      72       4     0.9
partit 1200 16     0    0.22      13       3      46       3     0.8      13       3      46       3     0.8
partit 1200 16     0    0.70      43       7     120       7     0.9      43       7     120       7     0.9
partit 1200 16     0    0.15       8       1      19       1     0.9       8       1      19       1     0.9
partit 1200 16     0    0.62      38       5      93       5     0.9      38       5      93       5     0.9
partit 1200 16     0    0.38      23       2      45       2     0.9      23       2      45       2     0.9
partit 1200 16     0    0.35      21       1      32       1     1.0      21       1      32       1     1.0
partit 1400 4     0    0.41      19       1      32       1     1.1      19       1      32       1     1.1
partit 1400 4     0    1.12      52      10     182      10     0.8      52      10     182      10     0.8
partit 1400 4     1    2.73      28       5      93       5     0.9     128      20     387      20     0.9
partit 1400 4     0    1.92      89      13     258      13     0.9      89      13     258      13     0.9
partit 1400 4     1    3.29      54       8     158       8     0.9     154      26     491      26     0.9
partit 1400 4     0    0.82      38       4      90       4     0.9      38       4      90       4     0.9
partit 1400 4     0    0.84      39       6     117       6     0.9      39       6     117       6     0.9
partit 1400 4     0    0.58      27       4      79       4     0.9      27       4      79       4     0.9
partit 1400 4     2    5.57      61      11     204      11     0.8     261      44     831      44     0.8
partit 1400 4     0    0.82      38       7     129       7     0.8      38       7     129       7     0.8
partit 1400 4     0    1.34      62      10     192      10     0.9      62      10     192      10     0.9
partit 1400 4     2    4.88      29       3      68       3     1.0     229      39     734      39     0.9
partit 1400 4     0    1.08      50       6     128       6     0.9      50       6     128       6     0.9
partit 1400 4     1    2.80      31       3      70       3     0.9     131      19     377      19     0.9
partit 1400 4     0    1.23      57      10     187      10     0.8      57      10     187      10     0.8
partit 1400 4     1    3.01      41       6     119       6     0.9     141      23     439      23     0.9
partit 1400 4     0    1.17      54      12     210      12     0.8      54      12     210      12     0.8
partit 1400 4     0    0.82      38       5     103       5     0.9      38       5     103       5     0.9
partit 1400 4     1    3.75      75      12     231      12     0.9     175      29     551      29     0.9
partit 1400 4     2    5.70      67      12     223      12     0.8     267      45     850      45     0.8
partit 1400 4     0    1.42      66      11     209      11     0.9      66      11     209      11     0.9
partit 1400 4     1    4.09      91      13     260      13     0.9     191      34     632      34     0.9
partit 1400 4     0    0.41      19       1      32       1     0.9      19       1      32       1     0.9
partit 1400 4     1    2.97      39       5     104       5     0.9     139      19     385      19     0.9
partit 1400 4     1    2.93      37       4      89       4     0.9     137      19     383      19     0.9
partit 1400 4     0    1.62      75      15     270      15     0.8      75      15     270      15     0.8
partit 1400 4     0    0.71      33       4      85       4     0.9      33       4      85       4     0.9
partit 1400 4     0    1.27      59       8     163       8     0.9      59       8     163       8     0.9
partit 1400 4     0    0.58      27       3      66       3     0.9      27       3      66       3     0.9
partit 1400 4     0    0.28      13       1      26       1     0.9      13       1      26       1     0.9
partit 1400 8     0    0.33      15       2      41       2     0.9      15       2      41       2     0.9
partit 1400 8     1    3.10      45       7     136       7     0.9     145      25     469      25     0.9
partit 1400 8     0    0.76      35       6     113       6     0.8      35       6     113       6     0.8
partit 1400 8     0    0.29      13       1      26       1     1.0      13       1      26       1     1.0
partit 1400 8     0    1.23      57       7     148       7     0.9      57       7     148       7     0.9
partit 1400 8     0    1.47      68       7     159       7     0.9      68       7     159       7     0.9
partit 1400 8     0    0.29      13       1      26       1     0.9      13       1      26       1     0.9
partit 1400 8     0    1.21      56      10     186      10     0.9      56      10     186      10     0.9
partit 1400 8     0    0.55      25       2      51       2     0.9      25       2      51       2     0.9
partit 1400 8     0    1.21      56      11     199      11     0.8      56      11     199      11     0.8
partit 1400 8     0    0.78      36       3      75       3     0.9      36       3      75       3     0.9
partit 1400 8     0    1.79      83      11     226      11     0.9      83      11     226      11     0.9
partit 1400 8     0    0.93      43       8     147       8     0.8      43       8     147       8     0.8
partit 1400 8     0    1.13      52      10     182      10     0.8      52      10     182      10     0.8
partit 1400 8     0    0.85      39       6     117       6     0.8      39       6     117       6     0.8
partit 1400 8     0    0.48      22       4      74       4     0.8      22       4      74       4     0.8
partit 1400 8     0    0.29      13       0      13       0     1.0      13       0      13       0     1.0
partit 1400 8     0    0.65      30       2      56       2     1.0      30       2      56       2     1.0
partit 1400 8     1    2.93      37       6     115       6     0.9     137      24     448      24     0.8
partit 1400 8     0    1.90      88      16     296      16     0.9      88      16     296      16     0.9
partit 1400 8     0    1.38      64       9     181       9     0.9      64       9     181       9     0.9
partit 1400 8     0    0.98      45       6     123       6     0.9      45       6     123       6     0.9
partit 1400 8     0    0.46      21       2      47       2     1.0      21       2      47       2     1.0
partit 1400 8     0    0.42      19       1      32       1     0.9      19       1      32       1     0.9
partit 1400 8     0    0.48      22       2      48       2     1.0      22       2      48       2     1.0
partit 1400 8     0    0.40      18       1      31       1     0.9      18       1      31       1     0.9
partit 1400 8     0    1.17      54       9     171       9     0.9      54       9     171       9     0.9
partit 1400 8     0    0.55      25       5      90       5     0.8      25       5      90       5     0.8
partit 1400 8     0    1.62      75      16     283      16     0.8      75      16     283      16     0.8
partit 1400 8     0    0.63      29       5      94       5     0.8      29       5      94       5     0.8
partit 1400 16     0    0.88      40       4      92       4     0.9      40       4      92       4     0.9
partit 1400 16     0    0.36      16       2      42       2     0.9      16       2      42       2     0.9
partit 1400 16     0    0.94      43       5     108       5     0.9      43       5     108       5     0.9
partit 1400 16     0    0.69      31       3      70       3     0.9      31       3      70       3     0.9
partit 1400 16     0    0.36      16       2      42       2     1.0      16       2      42       2     1.0
partit 1400 16     0    0.73      33       5      98       5     0.9      33       5      98       5     0.9
partit 1400 16     0    0.41      18       1      31       1     1.1      18       1      31       1     1.1
partit 1400 16     0    0.51      23       2      49       2     0.9      23       2      49       2     0.9
partit 1400 16     0    0.75      34       5      99       5     0.9      34       5      99       5     0.9
partit 1400 16     0    0.69      31       3      70       3     0.9      31       3      70       3     0.9
partit 1400 16     0    0.23      10       1      23       1     0.9      10       1      23       1     0.9
partit 1400 16     0    0.28      12       1      25       1     0.9      12       1      25       1     0.9
partit 1400 16     0    0.64      29       6     107       6     0.8      29       6     107       6     0.8
partit 1400 16     0    0.92      42       7     133       7     0.8      42       7     133       7     0.8
partit 1400 16     0    1.14      52       6     130       6     0.9      52       6     130       6     0.9
partit 1400 16     0    0.56      25       3      64       3     0.9      25       3      64       3     0.9
partit 1400 16     0    0.75      34       1      47       1     1.1      34       1      47       1     1.1
partit 1400 16     0    1.24      57      13     226      13     0.8      57      13     226      13     0.8
partit 1400 16     0    1.05      48       8     152       8     0.8      48       8     152       8     0.8
partit 1400 16     0    0.47      21       3      60       3     0.9      21       3      60       3     0.9
partit 1400 16     0    0.67      30       2      56       2     1.0      30       2      56       2     1.0
partit 1400 16     0    0.30      13       1      26       1     1.0      13       1      26       1     1.0
partit 1400 16     0    1.35      62      10     192      10     0.9      62      10     192      10     0.9
partit 1400 16     0    0.43      19       3      58       3     0.9      19       3      58       3     0.9
partit 1400 16     0    0.86      39       6     117       6     0.8      39       6     117       6     0.8
partit 1400 16     0    0.36      16       2      42       2     0.9      16       2      42       2     0.9
partit 1400 16     0    0.28      12       1      25       1     1.0      12       1      25       1     1.0
partit 1400 16     0    0.94      43       6     121       6     0.9      43       6     121       6     0.9
partit 1400 16     0    1.16      53       8     157       8     0.9      53       8     157       8     0.9
partit 1400 16     0    0.86      39       6     117       6     0.8      39       6     117       6     0.8
partit 1600 4     0    1.77      63       8     183       8     0.9      63       8     183       8     0.9
partit 1600 4     0    1.69      60       9     195       9     0.9      60       9     195       9     0.9
partit 1600 4     0    1.41      50       8     170       8     0.8      50       8     170       8     0.8
partit 1600 4     0    1.58      56       8     176       8     0.9      56       8     176       8     0.9
partit 1600 4     0    1.07      38       4      98       4     0.9      38       4      98       4     0.9
partit 1600 4     0    2.33      83      12     263      12     0.9      83      12     263      12     0.9
partit 1600 4     0    1.29      46       8     166       8     0.9      46       8     166       8     0.9
partit 1600 4     1    3.54      27       2      57       2     0.9     127      20     426      20     0.9
partit 1600 4     0    2.08      74      10     224      10     0.9      74      10     224      10     0.9
partit 1600 4     0    1.18      42       5     117       5     0.9      42       5     117       5     0.9
partit 1600 4     1    4.10      47       7     152       7     1.0     147      23     491      23     0.9
partit 1600 4     0    2.16      77      13     272      13     0.9      77      13     272      13     0.9
partit 1600 4     0    2.75      98      15     323      15     0.9      98      15     323      15     0.9
partit 1600 4     0    1.27      45       6     135       6     0.9      45       6     135       6     0.9
partit 1600 4     0    0.76      27       3      72       3     0.9      27       3      72       3     0.9
partit 1600 4     1    3.88      39       5     114       5     0.9     139      24     498      24     0.8
partit 1600 4     0    1.24      44       7     149       7     0.9      44       7     149       7     0.9
partit 1600 4     0    1.91      68      12     248      12     0.9      68      12     248      12     0.9
partit 1600 4     0    1.18      42       9     177       9     0.8      42       9     177       9     0.8
partit 1600 4     1    4.16      49       5     124       5     1.0     149      21     463      21     0.9
partit 1600 4     1    3.93      41       9     176       9     0.8     141      25     515      25     0.8
partit 1600 4     1    4.86      74      11     239      11     0.9     174      31     638      31     0.8
partit 1600 4     0    1.91      68      15     293      15     0.8      68      15     293      15     0.8
partit 1600 4     0    2.50      89      13     284      13     0.9      89      13     284      13     0.9
partit 1600 4     1    4.75      70      15     295      15     0.8     170      30     619      30     0.9
partit 1600 4     0    0.93      33       3      78       3     1.0      33       3      78       3     1.0
partit 1600 4     1    3.65      31       2      61       2     1.0     131      18     400      18     0.9
partit 1600 4     0    0.71      25       3      70       3     0.9      25       3      70       3     0.9
partit 1600 4     0    0.88      31       3      76       3     0.9      31       3      76       3     0.9
partit 1600 4     0    2.28      81      10     231      10     0.9      81      10     231      10     0.9
partit 1600 8     0    0.71      25       2      55       2     1.1      25       2      55       2     1.1
partit 1600 8     0    0.77      27       1      42       1     1.0      27       1      42       1     1.0
partit 1600 8     0    1.61      57       9     192       9     0.9      57       9     192       9     0.9
partit 1600 8     0    0.60      21       4      81       4     0.8      21       4      81       4     0.8
partit 1600 8     0    0.77      27       3      72       3     1.0      27       3      72       3     1.0
partit 1600 8     0    1.36      48       6     138       6     0.9      48       6     138       6     0.9
partit 1600 8     1    4.25      52       7     157       7     1.0     152      21     466      21     0.9
partit 1600 8     0    1.55      55       7     160       7     0.9      55       7     160       7     0.9
partit 1600 8     1    2.87       3       0       3       0     1.0     103      17     357      17     0.9
partit 1600 8     0    0.38      13       1      28       1     1.0      13       1      28       1     1.0
partit 1600 8     0    1.97      70      14     280      14     0.8      70      14     280      14     0.8
partit 1600 8     0    1.30      46       8     166       8     0.8      46       8     166       8     0.8
partit 1600 8     0    2.42      86      14     296      14     0.9      86      14     296      14     0.9
partit 1600 8     0    0.88      31       3      76       3     0.9      31       3      76       3     0.9
partit 1600 8     0    1.95      69       7     174       7     0.9      69       7     174       7     0.9
partit 1600 8     0    0.49      17       1      32       1     1.0      17       1      32       1     1.0
partit 1600 8     0    1.27      45       9     180       9     0.9      45       9     180       9     0.9
partit 1600 8     0    0.96      34       3      79       3     1.0      34       3      79       3     1.0
partit 1600 8     0    2.39      85      14     295      14     0.9      85      14     295      14     0.9
partit 1600 8     0    2.28      81      11     246      11     0.9      81      11     246      11     0.9
partit 1600 8     0    0.60      21       2      51       2     1.0      21       2      51       2     1.0
partit 1600 8     0    0.43      15       2      45       2     0.9      15       2      45       2     0.9
partit 1600 8     0    0.52      18       2      48       2     0.9      18       2      48       2     0.9
partit 1600 8     0    0.88      31       3      76       3     1.0      31       3      76       3     1.0
partit 1600 8     0    0.88      31       1      46       1     1.0      31       1      46       1     1.0
partit 1600 8     0    0.99      35       5     110       5     0.9      35       5     110       5     0.9
partit 1600 8     0    1.52      54       8     174       8     0.9      54       8     174       8     0.9
partit 1600 8     0    1.16      41       3      86       3     1.0      41       3      86       3     1.0
partit 1600 8     0    0.57      20       3      65       3     0.8      20       3      65       3     0.8
partit 1600 8     0    0.77      27       2      57       2     1.0      27       2      57       2     1.0
partit 1600 16     0    1.14      40       6     130       6     0.9      40       6     130       6     0.9
partit 1600 16     0    0.89      31       3      76       3     1.0      31       3      76       3     1.0
partit 1600 16     0    1.08      38       4      98       4     0.9      38       4      98       4     0.9
partit 1600 16     0    0.38      13       1      28       1     0.9      13       1      28       1     0.9
partit 1600 16     0    0.35      12       1      27       1     0.9      12       1      27       1     0.9
partit 1600 16     0    0.30      10       1      25       1     1.0      10       1      25       1     1.0
partit 1600 16     0    0.67      23       1      38       1     1.0      23       1      38       1     1.0
partit 1600 16     0    1.23      43       8     163       8     0.8      43       8     163       8     0.8
partit 1600 16     0    0.89      31       2      61       2     1.0      31       2      61       2     1.0
partit 1600 16     0    0.80      28       3      73       3     1.0      28       3      73       3     1.0
partit 1600 16     0    0.38      13       1      28       1     0.9      13       1      28       1     0.9
partit 1600 16     0    0.50      17       2      47       2     0.9      17       2      47       2     0.9
partit 1600 16     0    0.16       5       1      20       1     0.8       5       1      20       1     0.8
partit 1600 16     0    0.75      26       1      41       1     1.0      26       1      41       1     1.0
partit 1600 16     0    0.50      17       1      32       1     0.9      17       1      32       1     0.9
partit 1600 16     0    0.53      18       1      33       1     1.0      18       1      33       1     1.0
partit 1600 16     0    0.75      26       3      71       3     1.0      26       3      71       3     1.0
partit 1600 16     0    0.80      28       4      88       4     0.9      28       4      88       4     0.9
partit 1600 16     0    1.09      38       8     158       8     0.8      38       8     158       8     0.8
partit 1600 16     0    1.22      43       6     133       6     0.9      43       6     133       6     0.9
partit 1600 16     0    1.42      50       9     185       9     0.8      50       9     185       9     0.8
partit 1600 16     0    0.89      31       4      91       4     0.9      31       4      91       4     0.9
partit 1600 16     0    0.72      25       1      40       1     1.0      25       1      40       1     1.0
partit 1600 16     0    0.64      22       2      52       2     0.9      22       2      52       2     0.9
partit 1600 16     0    0.92      32       4      92       4     0.9      32       4      92       4     0.9
partit 1600 16     0    0.21       7       1      22       1     0.9       7       1      22       1     0.9
partit 1600 16     0    0.64      22       2      52       2     1.0      22       2      52       2     1.0
partit 1600 16     0    1.00      35       4      95       4     0.9      35       4      95       4     0.9
partit 1600 16     0    0.36      12       2      42       2     0.9      12       2      42       2     0.9
partit 1600 16     0    1.22      43       3      88       3     1.0      43       3      88       3     1.0
partit 1800 4     0    1.50      42       6     144       6     0.9      42       6     144       6     0.9
partit 1800 4     1    5.33      51       9     204       9     0.8     151      26     592      26     0.9
partit 1800 4     0    1.71      48       7     167       7     0.9      48       7     167       7     0.9
partit 1800 4     0    3.13      88      10     258      10     0.9      88      10     258      10     0.9
partit 1800 4     0    1.14      32       6     134       6     0.8      32       6     134       6     0.8
partit 1800 4     0    1.18      33       4     101       4     0.9      33       4     101       4     0.9
partit 1800 4     0    1.14      32       3      83       3     1.0      32       3      83       3     1.0
partit 1800 4     0    2.88      81      14     319      14     0.9      81      14     319      14     0.9
partit 1800 4     3   11.23      19       1      36       1     0.9     319      51    1183      51     0.9
partit 1800 4     0    0.71      20       3      71       3     0.9      20       3      71       3     0.9
partit 1800 4     1    4.59      30       4      98       4     0.9     130      23     520      23     0.8
partit 1800 4     2    7.89      24       3      75       3     0.9     224      39     885      39     0.8
partit 1800 4     0    3.41      96      15     351      15     0.9      96      15     351      15     0.9
partit 1800 4     0    2.21      62       8     198       8     0.9      62       8     198       8     0.9
partit 1800 4     0    1.35      38       5     123       5     0.9      38       5     123       5     0.9
partit 1800 4     0    1.07      30       4      98       4     0.9      30       4      98       4     0.9
partit 1800 4     1    6.08      72       8     208       8     0.9     172      23     562      23     0.9
partit 1800 4     0    2.21      62       8     198       8     0.9      62       8     198       8     0.9
partit 1800 4     0    1.81      51       6     153       6     0.9      51       6     153       6     0.9
partit 1800 4     0    1.14      32       4     100       4     0.9      32       4     100       4     0.9
partit 1800 4     0    0.57      16       1      33       1     1.0      16       1      33       1     1.0
partit 1800 4     0    1.78      50       8     186       8     0.9      50       8     186       8     0.9
partit 1800 4     0    1.57      44       3      95       3     1.0      44       3      95       3     1.0
partit 1800 4     1    6.61      87      16     359      16     0.9     187      31     713      31     0.9
partit 1800 4     0    1.28      36       3      87       3     1.0      36       3      87       3     1.0
partit 1800 4     0    0.75      21       3      72       3     0.9      21       3      72       3     0.9
partit 1800 4     1    6.47      83      11     270      11     0.9     183      28     658      28     0.9
partit 1800 4     0    3.02      85      11     272      11     0.9      85      11     272      11     0.9
partit 1800 4     0    1.32      37       3      88       3     1.0      37       3      88       3     1.0
partit 1800 4     0    1.28      36       4     104       4     0.9      36       4     104       4     0.9
partit 1800 8     0    2.35      66       5     151       5     1.0      66       5     151       5     1.0
partit 1800 8     0    1.32      37       1      54       1     1.1      37       1      54       1     1.1
partit 1800 8     0    3.24      91      13     312      13     0.9      91      13     312      13     0.9
partit 1800 8     0    0.83      23       1      40       1     1.0      23       1      40       1     1.0
partit 1800 8     0    1.15      32       5     117       5     0.8      32       5     117       5     0.8
partit 1800 8     0    0.47      13       2      47       2     0.9      13       2      47       2     0.9
partit 1800 8     2    8.67      46       6     148       6     0.9     246      32     788      32     0.9
partit 1800 8     1    6.47      83      15     338      15     0.8     183      33     743      33     0.8
partit 1800 8     0    2.39      67       8     203       8     0.9      67       8     203       8     0.9
partit 1800 8     0    0.58      16       1      33       1     1.0      16       1      33       1     1.0
partit 1800 8     0    1.64      46       7     165       7     0.9      46       7     165       7     0.9
partit 1800 8     0    1.64      46       5     131       5     0.9      46       5     131       5     0.9
partit 1800 8     0    2.21      62       9     215       9     0.9      62       9     215       9     0.9
partit 1800 8     0    1.04      29       1      46       1     1.0      29       1      46       1     1.0
partit 1800 8     0    2.60      73      11     260      11     0.9      73      11     260      11     0.9
partit 1800 8     0    2.35      66       9     219       9     0.9      66       9     219       9     0.9
partit 1800 8     0    1.15      32       4     100       4     0.9      32       4     100       4     0.9
partit 1800 8     0    0.68      19       1      36       1     1.0      19       1      36       1     1.0
partit 1800 8     0    0.54      15       2      49       2     0.9      15       2      49       2     0.9
partit 1800 8     0    0.76      21       3      72       3     0.9      21       3      72       3     0.9
partit 1800 8     0    2.92      82      14     320      14     0.9      82      14     320      14     0.9
partit 1800 8     0    3.52      99      14     337      14     0.9      99      14     337      14     0.9
partit 1800 8     0    2.28      64      11     251      11     0.8      64      11     251      11     0.8
partit 1800 8     0    2.81      79      12     283      12     0.9      79      12     283      12     0.9
partit 1800 8     0    1.43      40       7     159       7     0.8      40       7     159       7     0.8
partit 1800 8     0    0.86      24       2      58       2     0.9      24       2      58       2     0.9
partit 1800 8     0    1.85      52       6     154       6     0.9      52       6     154       6     0.9
partit 1800 8     0    1.64      46       8     182       8     0.8      46       8     182       8     0.8
partit 1800 8     0    1.43      40       5     125       5     0.9      40       5     125       5     0.9
partit 1800 8     0    1.89      53       8     189       8     0.8      53       8     189       8     0.8
partit 1800 16     0    0.87      24       3      75       3     0.9      24       3      75       3     0.9
partit 1800 16     0    0.73      20       1      37       1     1.0      20       1      37       1     1.0
partit 1800 16     0    1.97      55       6     157       6     0.9      55       6     157       6     0.9
partit 1800 16     0    1.16      32       4     100       4     0.9      32       4     100       4     0.9
partit 1800 16     0    1.15      32       3      83       3     0.9      32       3      83       3     0.9
partit 1800 16     0    1.12      31       5     116       5     0.9      31       5     116       5     0.9
partit 1800 16     0    1.47      41       8     177       8     0.8      41       8     177       8     0.8
partit 1800 16     0    0.52      14       1      31       1     0.9      14       1      31       1     0.9
partit 1800 16     0    1.40      39       5     124       5     0.9      39       5     124       5     0.9
partit 1800 16     0    0.37      10       1      27       1     0.9      10       1      27       1     0.9
partit 1800 16     0    2.22      62       8     198       8     0.9      62       8     198       8     0.9
partit 1800 16     0    1.62      45       8     181       8     0.8      45       8     181       8     0.8
partit 1800 16     0    0.41      11       1      28       1     0.9      11       1      28       1     0.9
partit 1800 16     0    0.66      18       1      35       1     0.9      18       1      35       1     0.9
partit 1800 16     0    0.52      14       1      31       1     1.0      14       1      31       1     1.0
partit 1800 16     0    1.37      38       5     123       5     0.9      38       5     123       5     0.9
partit 1800 16     0    1.23      34       3      85       3     0.9      34       3      85       3     0.9
partit 1800 16     0    1.33      37       4     105       4     0.9      37       4     105       4     0.9
partit 1800 16     0    1.15      32       4     100       4     0.9      32       4     100       4     0.9
partit 1800 16     0    0.73      20       1      37       1     0.9      20       1      37       1     0.9
partit 1800 16     0    0.66      18       2      52       2     0.9      18       2      52       2     0.9
partit 1800 16     0    0.84      23       2      57       2     0.9      23       2      57       2     0.9
partit 1800 16     0    1.12      31       4      99       4     0.9      31       4      99       4     0.9
partit 1800 16     1    3.82       8       1      25       1     0.9     108      15     362      15     0.9
partit 1800 16     0    0.91      25       1      42       1     1.0      25       1      42       1     1.0
partit 1800 16     0    0.76      21       2      55       2     1.0      21       2      55       2     1.0
partit 1800 16     0    2.40      67       7     186       7     0.9      67       7     186       7     0.9
partit 1800 16     0    0.94      26       1      43       1     1.0      26       1      43       1     1.0
partit 1800 16     0    1.08      30       3      81       3     0.9      30       3      81       3     0.9
partit 1800 16     0    1.72      48       7     167       7     0.9      48       7     167       7     0.9
partit 2000 4     1    6.40      47       7     180       7     0.9     147      24     602      24     0.8
partit 2000 4     0    1.36      31       2      69       2     1.0      31       2      69       2     1.0
partit 2000 4     0    1.36      31       5     126       5     0.8      31       5     126       5     0.8
partit 2000 4     0    3.51      80      13     327      13     0.8      80      13     327      13     0.8
partit 2000 4     2   10.52      42       6     156       6     0.9     242      36     924      36     0.9
partit 2000 4     0    3.95      90      15     375      15     0.9      90      15     375      15     0.9
partit 2000 4     0    1.10      25       2      63       2     1.0      25       2      63       2     1.0
partit 2000 4     0    3.77      86      15     371      15     0.8      86      15     371      15     0.8
partit 2000 4     1    6.58      51       9     222       9     0.8     151      21     549      21     0.9
partit 2000 4     0    3.64      83      13     330      13     0.9      83      13     330      13     0.9
partit 2000 4     0    0.53      12       1      31       1     1.0      12       1      31       1     1.0
partit 2000 4     2    9.91      28       2      66       2     1.0     228      33     853      33     0.9
partit 2000 4     0    3.07      70      15     355      15     0.8      70      15     355      15     0.8
partit 2000 4     0    1.19      27       3      84       3     1.0      27       3      84       3     1.0
partit 2000 4     0    2.20      50       5     145       5     1.0      50       5     145       5     1.0
partit 2000 4     0    1.58      36       4     112       4     0.9      36       4     112       4     0.9
partit 2000 4     1    8.42      93      17     416      17     0.9     193      31     781      31     0.9
partit 2000 4     2    9.25      13       1      32       1     0.9     213      36     895      36     0.8
partit 2000 4     0    3.29      75      12     303      12     0.9      75      12     303      12     0.9
partit 2000 4     0    4.25      97      16     401      16     0.9      97      16     401      16     0.9
partit 2000 4     1    4.83      11       0      11       0     1.0     111      14     376      14     0.9
partit 2000 4     2    9.96      29       4     105       4     0.9     229      35     892      35     0.9
partit 2000 4     0    1.36      31       4     107       4     0.9      31       4     107       4     0.9
partit 2000 4     2   10.09      32       6     146       6     0.8     232      43    1047      43     0.8
partit 2000 4     0    3.33      76      11     285      11     0.9      76      11     285      11     0.9
partit 2000 4     0    2.46      56       8     208       8     0.9      56       8     208       8     0.9
partit 2000 4     0    3.38      77      11     286      11     0.9      77      11     286      11     0.9
partit 2000 4     0    2.94      67       6     181       6     1.0      67       6     181       6     1.0
partit 2000 4     0    2.33      53       8     205       8     0.9      53       8     205       8     0.9
partit 2000 4     0    2.20      50       5     145       5     1.0      50       5     145       5     1.0
partit 2000 8     0    2.64      60       9     231       9     0.9      60       9     231       9     0.9
partit 2000 8     0    0.45      10       1      29       1     0.9      10       1      29       1     0.9
partit 2000 8     0    2.11      48       7     181       7     0.9      48       7     181       7     0.9
partit 2000 8     0    1.59      36       4     112       4     0.9      36       4     112       4     0.9
partit 2000 8     0    2.29      52       8     204       8     0.8      52       8     204       8     0.8
partit 2000 8     0    1.50      34       2      72       2     1.0      34       2      72       2     1.0
partit 2000 8     0    1.68      38       5     133       5     0.9      38       5     133       5     0.9
partit 2000 8     0    1.59      36       3      93       3     1.0      36       3      93       3     1.0
partit 2000 8     1    4.74       9       1      28       1     0.9     109      21     507      21     0.8
partit 2000 8     0    2.33      53       8     205       8     0.8      53       8     205       8     0.8
partit 2000 8     0    2.38      54       8     206       8     0.9      54       8     206       8     0.9
partit 2000 8     0    3.12      71      10     261      10     0.9      71      10     261      10     0.9
partit 2000 8     0    0.76      17       1      36       1     0.9      17       1      36       1     0.9
partit 2000 8     0    2.03      46       6     160       6     0.9      46       6     160       6     0.9
partit 2000 8     0    3.34      76       9     247       9     0.9      76       9     247       9     0.9
partit 2000 8     1    5.62      29       5     124       5     0.9     129      22     546      22     0.9
partit 2000 8     0    1.37      31       3      88       3     1.0      31       3      88       3     1.0
partit 2000 8     0    2.64      60       8     212       8     1.0      60       8     212       8     1.0
partit 2000 8     0    0.67      15       2      53       2     0.9      15       2      53       2     0.9
partit 2000 8     0    0.62      14       1      33       1     0.9      14       1      33       1     0.9
partit 2000 8     0    0.93      21       2      59       2     1.0      21       2      59       2     1.0
partit 2000 8     0    1.89      43       3     100       3     1.0      43       3     100       3     1.0
partit 2000 8     0    1.28      29       5     124       5     0.9      29       5     124       5     0.9
partit 2000 8     0    1.72      39       5     134       5     0.9      39       5     134       5     0.9
partit 2000 8     0    1.85      42       5     137       5     0.9      42       5     137       5     0.9
partit 2000 8     0    1.28      29       1      48       1     1.1      29       1      48       1     1.1
partit 2000 8     1    6.06      39       5     134       5     0.9     139      24     594      24     0.9
partit 2000 8     0    3.65      83      16     387      16     0.8      83      16     387      16     0.8
partit 2000 8     1    5.36      23       1      42       1     1.0     123      17     445      17     0.9
partit 2000 8     0    0.89      20       2      58       2     0.9      20       2      58       2     0.9
partit 2000 16     0    1.29      29       3      86       3     0.9      29       3      86       3     0.9
partit 2000 16     0    0.63      14       2      52       2     0.9      14       2      52       2     0.9
partit 2000 16     0    1.29      29       1      48       1     1.1      29       1      48       1     1.1
partit 2000 16     0    0.90      20       2      58       2     0.9      20       2      58       2     0.9
partit 2000 16     0    1.38      31       3      88       3     1.0      31       3      88       3     1.0
partit 2000 16     0    1.42      32       1      51       1     1.2      32       1      51       1     1.2
partit 2000 16     0    3.08      70      10     260      10     0.9      70      10     260      10     0.9
partit 2000 16     0    2.21      50       6     164       6     0.9      50       6     164       6     0.9
partit 2000 16     0    1.29      29       4     105       4     0.9      29       4     105       4     0.9
partit 2000 16     0    4.09      93      12     321      12     0.9      93      12     321      12     0.9
partit 2000 16     0    1.51      34       1      53       1     1.1      34       1      53       1     1.1
partit 2000 16     0    1.47      33       5     128       5     0.9      33       5     128       5     0.9
partit 2000 16     0    1.60      36       3      93       3     1.0      36       3      93       3     1.0
partit 2000 16     0    2.43      55       6     169       6     0.9      55       6     169       6     0.9
partit 2000 16     0    2.91      66       8     218       8     0.9      66       8     218       8     0.9
partit 2000 16     0    0.94      21       1      40       1     1.0      21       1      40       1     1.0
partit 2000 16     0    2.12      48       8     200       8     0.9      48       8     200       8     0.9
partit 2000 16     0    1.99      45       6     159       6     0.9      45       6     159       6     0.9
partit 2000 16     0    3.31      75      11     284      11     0.9      75      11     284      11     0.9
partit 2000 16     0    1.11      25       3      82       3     1.0      25       3      82       3     1.0
partit 2000 16     0    1.07      24       1      43       1     1.0      24       1      43       1     1.0
partit 2000 16     0    2.56      58       9     229       9     0.9      58       9     229       9     0.9
partit 2000 16     0    1.82      41       6     155       6     0.9      41       6     155       6     0.9
partit 2000 16     0    1.95      44       7     177       7     0.8      44       7     177       7     0.8
partit 2000 16     0    2.21      50       5     145       5     1.0      50       5     145       5     1.0
partit 2000 16     0    0.46      10       1      29       1     0.9      10       1      29       1     0.9
partit 2000 16     0    0.68      15       2      53       2     0.9      15       2      53       2     0.9
partit 2000 16     0    1.03      23       3      80       3     0.9      23       3      80       3     0.9
partit 2000 16     0    1.29      29       4     105       4     0.9      29       4     105       4     0.9
partit 2000 16     0    2.21      50       4     126       4     1.0      50       4     126       4     1.0
