partit 1200 1     0    0.14       9       0       9       0     1.1       9       0       9       0     1.1
partit 1200 1     1    1.79      14       1      25       1     0.9     114      19     322      19     0.8
partit 1200 1     0    0.60      38       6     104       6     0.8      38       6     104       6     0.8
partit 1200 1     4    7.30      66      10     176      10     0.9     466      84    1386      84     0.8
partit 1200 1     2    3.84      45       5     100       5     1.0     245      46     749      46     0.8
partit 1200 1     0    0.70      44       9     143       9     0.8      44       9     143       9     0.8
partit 1200 1     0    0.49      31       4      75       4     0.9      31       4      75       4     0.9
partit 1200 1     2    4.46      84      15     249      15     0.8     284      53     865      53     0.8
partit 1200 1     1    1.69       8       0       8       0     1.0     108      18     305      18     0.9
partit 1200 1     1    2.39      52      10     162      10     0.8     152      26     437      26     0.8
partit 1200 1     4    7.49      78      13     221      13     0.8     478      93    1497      93     0.8
partit 1200 1     3    6.18      94      16     270      16     0.9     394      72    1183      72     0.8
partit 1200 1     1    2.56      63      13     206      13     0.8     163      32     514      32     0.8
partit 1200 1     6   10.05      42       6     108       6     0.9     642     117    1923     117     0.8
partit 1200 1     3    5.83      72      12     204      12     0.8     372      71    1150      71     0.8
partit 1200 1     3    5.58      56      11     177      11     0.8     356      56     969      56     0.9
partit 1200 1     3    5.93      78      11     199      11     0.9     378      68    1123      68     0.8
partit 1200 1     1    2.64      68      13     211      13     0.8     168      31     508      31     0.8
partit 1200 1     4    6.64      24       3      57       3     0.9     424      76    1256      76     0.8
partit 1200 1     0    0.40      25       4      69       4     0.9      25       4      69       4     0.9
partit 1200 1     0    1.55      98      17     285      17     0.9      98      17     285      17     0.9
partit 1200 1     2    3.46      21       3      54       3     0.9     221      43     692      43     0.8
partit 1200 1     0    0.92      58      10     168      10     0.8      58      10     168      10     0.8
partit 1200 1     2    3.62      31       4      75       4     0.9     231      44     713      44     0.8
partit 1200 1     9   15.31      78      12     210      12     0.9     978     181    2960     181     0.8
partit 1200 1     1    2.10      34       6     100       6     0.9     134      21     364      21     0.9
partit 1200 1     0    0.79      50       9     149       9     0.8      50       9     149       9     0.8
partit 1200 1     2    3.94      51       9     150       9     0.8     251      47     766      47     0.8
partit 1200 1     4    6.99      46       8     134       8     0.8     446      83    1355      83     0.8
partit 1200 1     2    3.94      51       9     150       9     0.9     251      47     766      47     0.8
partit 1200 2     4    6.74      30       6      96       6     0.8     430      83    1339      83     0.8
partit 1200 2     0    0.16      10       1      21       1     0.9      10       1      21       1     0.9
partit 1200 2     4    7.16      57      11     178      11     0.8     457      84    1377      84     0.8
partit 1200 2     0    0.68      43       6     109       6     0.9      43       6     109       6     0.9
partit 1200 2     0    1.01      64      12     196      12     0.8      64      12     196      12     0.8
partit 1200 2     0    0.30      19       4      63       4     0.8      19       4      63       4     0.8
partit 1200 2     7   11.85      57      10     167      10     0.8     757     145    2345     145     0.8
partit 1200 2     1    2.77      76      10     186      10     0.9     176      28     483      28     0.8
partit 1200 2     0    0.76      48       8     136       8     0.9      48       8     136       8     0.9
partit 1200 2     2    4.00      55       8     143       8     0.9     255      41     704      41     0.8
partit 1200 2     1    1.81      15       2      37       2     0.9     115      20     334      20     0.8
partit 1200 2     1    1.80      15       1      26       1     1.1     115      18     312      18     0.9
partit 1200 2     1    2.60      65      13     208      13     0.8     165      31     505      31     0.8
partit 1200 2     5    8.58      48      10     158      10     0.8     548     104    1687     104     0.8
partit 1200 2     2    4.16      65      14     219      14     0.8     265      48     791      48     0.8
partit 1200 2     3    5.87      74      11     195      11     0.9     374      63    1064      63     0.9
partit 1200 2     1    1.95      24       4      68       4     0.8     124      24     387      24     0.8
partit 1200 2     0    1.55      98      18     296      18     0.8      98      18     296      18     0.8
partit 1200 2     2    4.46      84      13     227      13     0.9     284      53     865      53     0.8
partit 1200 2     0    0.46      29       2      51       2     1.0      29       2      51       2     1.0
partit 1200 2     0    0.21      13       2      35       2     0.8      13       2      35       2     0.8
partit 1200 2     0    1.03      65      12     197      12     0.8      65      12     197      12     0.8
partit 1200 2     0    0.41      26       4      70       4     0.9      26       4      70       4     0.9
partit 1200 2     0    0.48      30       3      63       3     1.0      30       3      63       3     1.0
partit 1200 2     3    5.30      38       7     115       7     0.8     338      57     962      57     0.9
partit 1200 2     0    0.43      27       3      60       3     0.9      27       3      60       3     0.9
partit 1200 2     0    0.67      42       7     119       7     0.9      42       7     119       7     0.9
partit 1200 2     2    3.83      44       6     110       6     0.9     244      44     726      44     0.8
partit 1200 2     0    1.03      65      12     197      12     0.8      65      12     197      12     0.8
partit 1200 2     0    1.27      80      16     256      16     0.8      80      16     256      16     0.8
partit 1200 4     0    0.95      60      11     181      11     0.8      60      11     181      11     0.8
partit 1200 4     1    2.98      89      13     232      13     0.9     189      35     573      35     0.8
partit 1200 4     0    1.38      87      15     252      15     0.9      87      15     252      15     0.9
partit 1200 4     1    2.30      46       7     123       7     0.9     146      26     431      26     0.8
partit 1200 4     0    0.78      49       8     137       8     0.9      49       8     137       8     0.9
partit 1200 4     0    0.58      36       5      91       5     0.9      36       5      91       5     0.9
partit 1200 4     0    0.69      43       4      87       4     1.0      43       4      87       4     1.0
partit 1200 4     1    2.39      52       9     151       9     0.8     152      28     459      28     0.8
partit 1200 4     0    1.36      86      17     273      17     0.8      86      17     273      17     0.8
partit 1200 4     0    1.02      64      11     185      11     0.9      64      11     185      11     0.9
partit 1200 4     0    0.10       6       0       6       0     1.0       6       0       6       0     1.0
partit 1200 4     2    3.43      19       2      41       2     0.9     219      37     624      37     0.9
partit 1200 4     0    0.21      13       2      35       2     0.8      13       2      35       2     0.8
partit 1200 4     0    0.39      24       5      79       5     0.8      24       5      79       5     0.8
partit 1200 4     0    0.54      34       5      89       5     0.9      34       5      89       5     0.9
partit 1200 4     0    0.45      28       3      61       3     0.9      28       3      61       3     0.9
partit 1200 4     0    0.50      31       2      53       2     1.0      31       2      53       2     1.0
partit 1200 4     0    0.35      22       1      33       1     1.0      22       1      33       1     1.0
partit 1200 4     0    0.43      27       4      71       4     0.9      27       4      71       4     0.9
partit 1200 4     0    0.92      58      14     212      14     0.8      58      14     212      14     0.8
partit 1200 4     0    0.45      28       5      83       5     0.9      28       5      83       5     0.9
partit 1200 4     0    0.39      24       3      57       3     0.9      24       3      57       3     0.9
partit 1200 4     0    0.65      41       8     129       8     0.8      41       8     129       8     0.8
partit 1200 4     0    1.52      96      18     294      18     0.8      96      18     294      18     0.8
partit 1200 4     1    2.64      68      11     189      11     0.9     168      31     508      31     0.8
partit 1200 4     0    0.86      54      10     164      10     0.9      54      10     164      10     0.9
partit 1200 4     0    0.95      60      11     181      11     0.8      60      11     181      11     0.8
partit 1200 4     1    2.33      48       8     136       8     0.9     148      27     444      27     0.8
partit 1200 4     0    0.75      47       6     113       6     0.9      47       6     113       6     0.9
partit 1200 4     0    0.35      22       4      66       4     0.9      22       4      66       4     0.9
partit 1200 8     0    0.50      31       2      53       2     1.0      31       2      53       2     1.0
partit 1200 8     0    0.22      13       1      24       1     0.9      13       1      24       1     0.9
partit 1200 8     0    0.48      30       4      74       4     0.9      30       4      74       4     0.9
partit 1200 8     0    0.29      18       1      29       1     1.0      18       1      29       1     1.0
partit 1200 8     0    0.20      12       1      23       1     0.9      12       1      23       1     0.9
partit 1200 8     0    0.66      41       7     118       7     0.8      41       7     118       7     0.8
partit 1200 8     0    0.50      31       3      64       3     0.9      31       3      64       3     0.9
partit 1200 8     0    0.07       4       0       4       0     1.0       4       0       4       0     1.0
partit 1200 8     0    0.33      20       3      53       3     0.8      20       3      53       3     0.8
partit 1200 8     0    0.74      46       6     112       6     0.9      46       6     112       6     0.9
partit 1200 8     0    0.37      23       2      45       2     0.9      23       2      45       2     0.9
partit 1200 8     0    0.97      61      12     193      12     0.8      61      12     193      12     0.8
partit 1200 8     0    0.69      43      10     153      10     0.8      43      10     153      10     0.8
partit 1200 8     0    0.14       8       1      19       1     0.9       8       1      19       1     0.9
partit 1200 8     0    0.53      33       5      88       5     0.9      33       5      88       5     0.9
partit 1200 8     0    0.45      28       2      50       2     1.0      28       2      50       2     1.0
partit 1200 8     0    0.79      49       9     148       9     0.8      49       9     148       9     0.8
partit 1200 8     0    0.69      43       6     109       6     0.9      43       6     109       6     0.9
partit 1200 8     0    0.38      23       3      56       3     0.9      23       3      56       3     0.9
partit 1200 8     0    0.26      16       2      38       2     0.9      16       2      38       2     0.9
partit 1200 8     0    0.61      38       5      93       5     0.9      38       5      93       5     0.9
partit 1200 8     0    0.33      20       2      42       2     0.9      20       2      42       2     0.9
partit 1200 8     0    0.48      30       6      96       6     0.8      30       6      96       6     0.8
partit 1200 8     0    0.61      38       7     115       7     0.9      38       7     115       7     0.9
partit 1200 8     0    0.36      22       3      55       3     0.9      22       3      55       3     0.9
partit 1200 8     0    0.36      22       2      44       2     0.9      22       2      44       2     0.9
partit 1200 8     0    0.48      30       6      96       6     0.8      30       6      96       6     0.8
partit 1200 8     0    0.76      47       4      91       4     1.0      47       4      91       4     1.0
partit 1200 8     0    0.88      55      10     165      10     0.8      55      10     165      10     0.8
partit 1200 8     0    0.23      14       1      25       1     1.0      14       1      25       1     1.0
partit 1200 16     0    0.35      21       3      54       3     0.9      21       3      54       3     0.9
partit 1200 16     0    0.40      24       5      79       5     0.8      24       5      79       5     0.8
partit 1200 16     0    0.53      32       5      87       5     0.9      32       5      87       5     0.9
partit 1200 16     0    0.08       4       0       4       0     1.0       4       0       4       0     1.0
partit 1200 16     0    0.29      17       3      50       3     0.8      17       3      50       3     0.8
partit 1200 16     0    0.30      18       3      51       3     0.9      18       3      51       3     0.9
partit 1200 16     0    0.41      25       4      69       4     0.9      25       4      69       4     0.9
partit 1200 16     0    1.09      68      12     200      12     0.8      68      12     200      12     0.8
partit 1200 16     0    0.24      14       2      36       2     0.9      14       2      36       2     0.9
partit 1200 16     0    0.23      13       3      46       3     0.8      13       3      46       3     0.8
partit 1200 16     0    0.32      19       3      52       3     0.9      19       3      52       3     0.9
partit 1200 16     0    0.45      27       3      60       3     1.0      27       3      60       3     1.0
partit 1200 16     0    0.37      22       1      33       1     1.0      22       1      33       1     1.0
partit 1200 16     0    0.34      20       3      53       3     0.8      20       3      53       3     0.8
partit 1200 16     0    0.54      33       5      88       5     0.9      33       5      88       5     0.9
partit 1200 16     0    0.19      11       1      22       1     0.9      11       1      22       1     0.9
partit 1200 16     0    0.75      46       9     145       9     0.8      46       9     145       9     0.8
partit 1200 16     0    0.75      46       7     123       7     0.9      46       7     123       7     0.9
partit 1200 16     0    0.40      24       3      57       3     0.9      24       3      57       3     0.9
partit 1200 16     0    0.43      26       4      70       4     0.9      26       4      70       4     0.9
partit 1200 16     0    0.34      20       4      64       4     0.8      20       4      64       4     0.8
partit 1200 16     0    0.37      22       3      55       3     0.9      22       3      55       3     0.9
partit 1200 16     0    0.64      39       6     105       6     0.9      39       6     105       6     0.9
partit 1200 16     0    0.16       9       0       9       0     1.0       9       0       9       0     1.0
partit 1200 16     0    0.23      13       3      46       3     0.8      13       3      46       3     0.8
partit 1200 16     0    0.35      21       1      32       1     1.0      21       1      32       1     1.0
partit 1200 16     0    1.25      78      18     276      18     0.8      78      18     276      18     0.8
partit 1200 16     0    0.40      24       4      68       4     0.8      24       4      68       4     0.8
partit 1200 16     0    0.69      42       6     108       6     0.9      42       6     108       6     0.9
partit 1200 16     0    0.30      18       1      29       1     0.9      18       1      29       1     0.9
partit 1400 1     3    7.46      50       8     154       8     0.8     350      58    1101      58     0.9
partit 1400 1     0    1.23      57       7     148       7     0.9      57       7     148       7     0.9
partit 1400 1     1    3.89      82      16     290      16     0.8     182      32     597      32     0.9
partit 1400 1     3    7.85      68      11     211      11     0.8     368      66    1223      66     0.8
partit 1400 1     0    0.41      19       1      32       1     1.0      19       1      32       1     1.0
partit 1400 1     1    3.06      43       6     121       6     0.9     143      22     428      22     0.9
partit 1400 1     1    3.96      85      12     241      12     0.9     185      30     574      30     0.9
partit 1400 1     4    9.25      34       2      60       2     1.0     434      71    1353      71     0.9
partit 1400 1     7   16.30      65       6     143       6     1.0     765     138    2552     138     0.8
partit 1400 1     0    1.36      63      11     206      11     0.8      63      11     206      11     0.8
partit 1400 1     7   16.32      66      11     209      11     0.9     766     130    2449     130     0.8
partit 1400 1     0    0.99      46       9     163       9     0.8      46       9     163       9     0.8
partit 1400 1     3    8.13      81      16     289      16     0.8     381      75    1353      75     0.8
partit 1400 1     6   14.36      74      12     230      12     0.9     674     111    2111     111     0.9
partit 1400 1     2    5.16      42       3      81       3     1.0     242      39     747      39     0.9
partit 1400 1     1    3.29      54       6     132       6     0.9     154      21     426      21     0.9
partit 1400 1     6   13.33      26       4      78       4     0.9     626     110    2050     110     0.8
partit 1400 1     3    7.44      49       6     127       6     0.9     349      56    1074      56     0.9
partit 1400 1     0    0.30      14       2      40       2     0.9      14       2      40       2     0.9
partit 1400 1     0    0.09       4       0       4       0     1.0       4       0       4       0     1.0
partit 1400 1     0    1.57      73      12     229      12     0.9      73      12     229      12     0.9
partit 1400 1     3    6.92      25       2      51       2     1.0     325      54    1024      54     0.9
partit 1400 1     2    4.82      26       3      65       3     0.9     226      40     744      40     0.8
partit 1400 1     1    3.40      59      10     189      10     0.9     159      29     535      29     0.8
partit 1400 1     2    5.76      70      13     239      13     0.9     270      48     892      48     0.9
partit 1400 1     3    7.50      52       9     169       9     0.8     352      58    1103      58     0.8
partit 1400 1     1    3.44      61       9     178       9     0.9     161      25     485      25     0.9
partit 1400 1     5   11.80      54       8     158       8     0.9     554      94    1771      94     0.9
partit 1400 1     3    8.11      80      12     236      12     0.9     380      70    1287      70     0.8
partit 1400 1     3    8.36      92      16     300      16     0.8     392      70    1299      70     0.8
partit 1400 2     0    0.35      16       1      29       1     0.9      16       1      29       1     0.9
partit 1400 2     0    1.27      59      11     202      11     0.8      59      11     202      11     0.8
partit 1400 2     1    2.31       8       1      21       1     0.9     108      20     367      20     0.8
partit 1400 2     2    5.57      61      10     191      10     0.9     261      44     831      44     0.8
partit 1400 2     0    0.50      23       2      49       2     1.0      23       2      49       2     1.0
partit 1400 2     0    2.00      93      14     275      14     0.9      93      14     275      14     0.9
partit 1400 2     2    5.25      46       9     163       9     0.8     246      47     855      47     0.8
partit 1400 2     5   11.44      37       5     102       5     0.9     537      96    1780      96     0.8
partit 1400 2     1    3.27      53       7     144       7     0.9     153      26     490      26     0.9
partit 1400 2     2    5.14      41       6     119       6     0.9     241      43     798      43     0.8
partit 1400 2     1    2.91      36       4      88       4     0.9     136      21     408      21     0.9
partit 1400 2     0    1.08      50      10     180      10     0.8      50      10     180      10     0.8
partit 1400 2     0    1.61      75      14     257      14     0.9      75      14     257      14     0.9
partit 1400 2     1    3.92      83      17     304      17     0.8     183      30     572      30     0.9
partit 1400 2     0    1.17      54      11     197      11     0.8      54      11     197      11     0.8
partit 1400 2     0    1.94      90      16     298      16     0.8      90      16     298      16     0.8
partit 1400 2     1    3.87      81      17     302      17     0.8     181      36     648      36     0.8
partit 1400 2     2    5.59      62      12     218      12     0.8     262      48     884      48     0.8
partit 1400 2     0    0.95      44       6     122       6     0.9      44       6     122       6     0.9
partit 1400 2     1    3.14      47       6     125       6     1.0     147      23     445      23     0.9
partit 1400 2     1    2.35      10       1      23       1     0.9     110      21     382      21     0.8
partit 1400 2     0    0.67      31       4      83       4     0.9      31       4      83       4     0.9
partit 1400 2     1    3.04      42       8     146       8     0.9     142      25     466      25     0.8
partit 1400 2     2    5.51      58      11     201      11     0.8     258      49     893      49     0.8
partit 1400 2     1    3.92      83      16     291      16     0.9     183      32     598      32     0.9
partit 1400 2     0    0.24      11       1      24       1     0.9      11       1      24       1     0.9
partit 1400 2     2    6.00      81      14     263      14     0.9     281      47     890      47     0.9
partit 1400 2     5   12.62      92      14     274      14     0.9     592      93    1796      93     0.9
partit 1400 2     0    0.15       7       0       7       0     1.0       7       0       7       0     1.0
partit 1400 2     2    5.36      51       8     155       8     0.9     251      43     808      43     0.9
partit 1400 4     1    2.61      22       1      35       1     1.0     122      19     368      19     0.9
partit 1400 4     1    2.84      33       2      59       2     1.0     133      20     392      20     0.9
partit 1400 4     0    1.38      64      11     207      11     0.8      64      11     207      11     0.8
partit 1400 4     2    5.77      70      18     304      18     0.7     270      52     944      52     0.8
partit 1400 4     0    1.64      76      16     284      16     0.8      76      16     284      16     0.8
partit 1400 4     2    5.08      38       7     129       7     0.8     238      44     808      44     0.8
partit 1400 4     0    0.67      31       5      96       5     0.9      31       5      96       5     0.9
partit 1400 4     0    1.55      72      14     254      14     0.8      72      14     254      14     0.8
partit 1400 4     1    2.44      14       1      27       1     0.9     114      20     373      20     0.8
partit 1400 4     0    0.61      28       4      80       4     0.9      28       4      80       4     0.9
partit 1400 4     0    1.90      88      16     296      16     0.8      88      16     296      16     0.8
partit 1400 4     0    0.27      12       1      25       1     0.9      12       1      25       1     0.9
partit 1400 4     0    1.88      87      18     321      18     0.8      87      18     321      18     0.8
partit 1400 4     1    3.17      48       6     126       6     0.9     148      21     420      21     0.9
partit 1400 4     0    1.62      75      11     218      11     0.9      75      11     218      11     0.9
partit 1400 4     0    0.57      26       4      78       4     0.8      26       4      78       4     0.8
partit 1400 4     0    0.44      20       4      72       4     0.8      20       4      72       4     0.8
partit 1400 4     1    3.47      62      10     192      10     0.8     162      26     499      26     0.9
partit 1400 4     0    1.38      64       9     181       9     0.9      64       9     181       9     0.9
partit 1400 4     1    2.35      10       1      23       1     0.9     110      21     382      21     0.8
partit 1400 4     1    3.77      76      15     271      15     0.8     176      34     617      34     0.8
partit 1400 4     0    0.24      11       1      24       1     0.9      11       1      24       1     0.9
partit 1400 4     1    2.50      17       2      43       2     0.9     117      20     376      20     0.9
partit 1400 4     0    0.89      41       6     119       6     0.9      41       6     119       6     0.9
partit 1400 4     0    1.08      50       8     154       8     0.9      50       8     154       8     0.9
partit 1400 4     0    0.37      17       2      43       2     0.9      17       2      43       2     0.9
partit 1400 4     1    3.60      68      13     237      13     0.8     168      29     544      29     0.8
partit 1400 4     0    0.65      30       7     121       7     0.8      30       7     121       7     0.8
partit 1400 4     0    0.76      35       6     113       6     0.8      35       6     113       6     0.8
partit 1400 4     0    0.56      26       3      65       3     0.9      26       3      65       3     0.9
partit 1400 8     0    1.06      49       6     127       6     0.9      49       6     127       6     0.9
partit 1400 8     0    1.60      74       8     178       8     0.9      74       8     178       8     0.9
partit 1400 8     0    2.05      95      19     342      19     0.8      95      19     342      19     0.8
partit 1400 8     0    1.32      61      10     191      10     0.9      61      10     191      10     0.9
partit 1400 8     0    0.44      20       1      33       1     1.1      20       1      33       1     1.1
partit 1400 8     0    0.40      18       2      44       2     0.9      18       2      44       2     0.9
partit 1400 8     0    0.48      22       2      48       2     0.9      22       2      48       2     0.9
partit 1400 8     0    0.74      34       5      99       5     0.9      34       5      99       5     0.9
partit 1400 8     0    0.40      18       2      44       2     0.9      18       2      44       2     0.9
partit 1400 8     0    1.26      58       6     136       6     1.0      58       6     136       6     1.0
partit 1400 8     0    0.29      13       1      26       1     0.9      13       1      26       1     0.9
partit 1400 8     0    1.30      60      10     190      10     0.8      60      10     190      10     0.8
partit 1400 8     0    1.28      59       8     163       8     0.9      59       8     163       8     0.9
partit 1400 8     0    0.20       9       0       9       0     1.0       9       0       9       0     1.0
partit 1400 8     0    0.25      11       1      24       1     0.9      11       1      24       1     0.9
partit 1400 8     0    0.29      13       2      39       2     0.9      13       2      39       2     0.9
partit 1400 8     0    1.34      62      10     192      10     0.9      62      10     192      10     0.9
partit 1400 8     0    1.49      69       9     186       9     0.9      69       9     186       9     0.9
partit 1400 8     0    0.55      25       2      51       2     1.0      25       2      51       2     1.0
partit 1400 8     1    3.11      45       6     123       6     0.9     145      24     456      24     0.8
partit 1400 8     0    0.93      43       6     121       6     0.9      43       6     121       6     0.9
partit 1400 8     0    1.99      92      14     274      14     0.8      92      14     274      14     0.8
partit 1400 8     0    1.67      77      16     285      16     0.8      77      16     285      16     0.8
partit 1400 8     0    0.55      25       6     103       6     0.8      25       6     103       6     0.8
partit 1400 8     0    0.40      18       3      57       3     0.8      18       3      57       3     0.8
partit 1400 8     0    1.41      65      13     234      13     0.8      65      13     234      13     0.8
partit 1400 8     0    0.81      37       5     102       5     0.9      37       5     102       5     0.9
partit 1400 8     0    0.57      26       2      52       2     1.0      26       2      52       2     1.0
partit 1400 8     0    0.87      40       7     131       7     0.9      40       7     131       7     0.9
partit 1400 8     0    0.63      29       4      81       4     0.9      29       4      81       4     0.9
partit 1400 16     0    0.34      15       2      41       2     0.9      15       2      41       2     0.9
partit 1400 16     0    0.28      12       1      25       1     0.9      12       1      25       1     0.9
partit 1400 16     0    0.30      13       1      26       1     0.9      13       1      26       1     0.9
partit 1400 16     0    1.31      60       9     177       9     0.9      60       9     177       9     0.9
partit 1400 16     0    0.47      21       2      47       2     1.0      21       2      47       2     1.0
partit 1400 16     0    0.09       3       0       3       0     1.0       3       0       3       0     1.0
partit 1400 16     0    0.37      16       2      42       2     0.9      16       2      42       2     0.9
partit 1400 16     0    0.39      17       2      43       2     0.9      17       2      43       2     0.9
partit 1400 16     0    0.30      13       1      26       1     1.0      13       1      26       1     1.0
partit 1400 16     0    0.17       7       0       7       0     1.0       7       0       7       0     1.0
partit 1400 16     0    0.45      20       2      46       2     0.9      20       2      46       2     0.9
partit 1400 16     0    1.42      65      12     221      12     0.9      65      12     221      12     0.9
partit 1400 16     0    0.28      12       2      38       2     0.8      12       2      38       2     0.8
partit 1400 16     0    1.59      73      11     216      11     0.9      73      11     216      11     0.9
partit 1400 16     0    0.47      21       4      73       4     0.8      21       4      73       4     0.8
partit 1400 16     0    0.64      29       4      81       4     0.9      29       4      81       4     0.9
partit 1400 16     0    0.17       7       1      20       1     0.9       7       1      20       1     0.9
partit 1400 16     0    0.32      14       1      27       1     0.9      14       1      27       1     0.9
partit 1400 16     0    0.26      11       0      11       0     1.1      11       0      11       0     1.1
partit 1400 16     0    0.64      29       4      81       4     1.0      29       4      81       4     1.0
partit 1400 16     0    0.30      13       2      39       2     0.8      13       2      39       2     0.8
partit 1400 16     1    2.38      11       0      11       0     1.0     111      10     240      10     0.9
partit 1400 16     0    0.37      16       2      42       2     0.9      16       2      42       2     0.9
partit 1400 16     0    0.45      20       1      33       1     0.9      20       1      33       1     0.9
partit 1400 16     0    0.60      27       5      92       5     0.8      27       5      92       5     0.8
partit 1400 16     0    0.26      11       2      37       2     0.8      11       2      37       2     0.8
partit 1400 16     0    0.88      40       3      79       3     1.0      40       3      79       3     1.0
partit 1400 16     0    0.52      23       3      62       3     0.9      23       3      62       3     0.9
partit 1400 16     0    0.64      29       3      68       3     0.9      29       3      68       3     0.9
partit 1400 16     0    0.19       8       0       8       0     1.0       8       0       8       0     1.0
partit 1600 1     2    7.08      54       9     189       9     0.9     254      41     867      41     0.9
partit 1600 1     3    8.68      12       1      27       1     1.0     312      50    1059      50     0.9
partit 1600 1     7   21.62      77      16     317      16     0.8     777     140    2870     140     0.8
partit 1600 1     0    0.96      34       7     139       7     0.8      34       7     139       7     0.8
partit 1600 1     0    2.02      72      12     252      12     0.8      72      12     252      12     0.8
partit 1600 1     2    6.82      45       7     150       7     0.9     245      41     858      41     0.9
partit 1600 1     2    6.35      28       4      88       4     0.9     228      37     781      37     0.8
partit 1600 1     3   10.11      63      10     213      10     0.9     363      58    1230      58     0.9
partit 1600 1     0    1.85      66      10     216      10     0.9      66      10     216      10     0.9
partit 1600 1     0    1.24      44       6     134       6     0.9      44       6     134       6     0.9
partit 1600 1     4   12.77      59      10     209      10     0.8     459      74    1565      74     0.9
partit 1600 1     3    8.96      22       4      82       4     0.8     322      54    1129      54     0.8
partit 1600 1     1    5.22      87      14     297      14     0.9     187      32     666      32     0.9
partit 1600 1     1    4.18      50      10     200      10     0.8     150      27     554      27     0.8
partit 1600 1     1    4.10      47       8     167       8     0.9     147      23     491      23     0.9
partit 1600 1     0    1.24      44       7     149       7     0.9      44       7     149       7     0.9
partit 1600 1     0    1.66      59       7     164       7     0.9      59       7     164       7     0.9
partit 1600 1     0    2.16      77      13     272      13     0.9      77      13     272      13     0.9
partit 1600 1     0    0.20       7       0       7       0     1.0       7       0       7       0     1.0
partit 1600 1     4   12.16      37       7     142       7     0.8     437      71    1498      71     0.8
partit 1600 1     0    0.73      26       5     101       5     0.8      26       5     101       5     0.8
partit 1600 1     0    0.98      35       5     110       5     0.9      35       5     110       5     0.9
partit 1600 1     2    5.90      12       1      27       1     0.9     212      36     750      36     0.8
partit 1600 1     0    1.60      57       9     192       9     0.9      57       9     192       9     0.9
partit 1600 1     0    2.11      75       9     210       9     0.9      75       9     210       9     0.9
partit 1600 1     3   10.08      62      11     227      11     0.8     362      54    1169      54     0.9
partit 1600 1     0    1.07      38       5     113       5     0.9      38       5     113       5     0.9
partit 1600 1     0    2.50      89      17     344      17     0.8      89      17     344      17     0.8
partit 1600 1     3    9.88      55       8     175       8     0.9     355      60    1252      60     0.9
partit 1600 1     4   12.91      64      10     214      10     0.9     464      85    1735      85     0.8
partit 1600 2     0    1.72      61      12     241      12     0.8      61      12     241      12     0.8
partit 1600 2     2    6.94      49       7     154       7     0.9     249      43     892      43     0.8
partit 1600 2     0    0.57      20       2      50       2     0.9      20       2      50       2     0.9
partit 1600 2     1    4.02      44       8     164       8     0.8     144      25     518      25     0.8
partit 1600 2     3    9.94      57       9     192       9     0.9     357      56    1194      56     0.9
partit 1600 2     2    6.54      35       5     110       5     0.9     235      39     818      39     0.9
partit 1600 2     1    3.51      26       3      71       3     0.9     126      19     410      19     0.9
partit 1600 2     2    7.36      64       9     199       9     0.9     264      44     922      44     0.8
partit 1600 2     0    2.36      84      13     279      13     0.9      84      13     279      13     0.9
partit 1600 2     0    0.99      35       5     110       5     0.9      35       5     110       5     0.9
partit 1600 2     0    1.04      37       2      67       2     1.1      37       2      67       2     1.1
partit 1600 2     1    3.37      21       2      51       2     1.0     121      20     420      20     0.9
partit 1600 2     0    1.91      68      11     233      11     0.8      68      11     233      11     0.8
partit 1600 2     1    4.44      59       6     149       6     0.9     159      22     488      22     0.9
partit 1600 2     3    9.35      36       6     126       6     0.8     336      60    1233      60     0.8
partit 1600 2     1    5.20      86      14     296      14     0.9     186      35     710      35     0.8
partit 1600 2     3   10.08      62      11     227      11     0.9     362      66    1349      66     0.8
partit 1600 2     0    1.58      56      10     206      10     0.9      56      10     206      10     0.9
partit 1600 2     1    4.89      75      14     285      14     0.8     175      30     624      30     0.9
partit 1600 2     3    9.97      58      11     223      11     0.9     358      72    1435      72     0.8
partit 1600 2     0    2.39      85      15     310      15     0.8      85      15     310      15     0.8
partit 1600 2     0    2.25      80      13     275      13     0.9      80      13     275      13     0.9
partit 1600 2     0    1.13      40       4     100       4     0.9      40       4     100       4     0.9
partit 1600 2     6   16.85       6       0       6       0     1.0     606     104    2160     104     0.9
partit 1600 2     3   10.08      62      12     242      12     0.9     362      66    1349      66     0.8
partit 1600 2     0    0.48      17       4      77       4     0.8      17       4      77       4     0.8
partit 1600 2     1    3.65      31       2      61       2     0.9     131      18     400      18     0.9
partit 1600 2     1    3.23      16       3      61       3     0.8     116      19     400      19     0.8
partit 1600 2     0    1.01      36       5     111       5     0.9      36       5     111       5     0.9
partit 1600 2     1    4.47      60       8     180       8     0.9     160      27     564      27     0.8
partit 1600 4     0    0.68      24       3      69       3     1.0      24       3      69       3     1.0
partit 1600 4     2    6.52      34       4      94       4     0.9     234      41     847      41     0.8
partit 1600 4     0    0.32      11       1      26       1     1.0      11       1      26       1     1.0
partit 1600 4     1    4.80      72      12     252      12     0.9     172      28     591      28     0.9
partit 1600 4     0    1.16      41       4     101       4     0.9      41       4     101       4     0.9
partit 1600 4     1    3.12      12       2      42       2     0.8     112      22     441      22     0.8
partit 1600 4     0    1.77      63      10     213      10     0.9      63      10     213      10     0.9
partit 1600 4     1    3.01       8       1      23       1     0.9     108      21     422      21     0.8
partit 1600 4     0    0.79      28       2      58       2     1.0      28       2      58       2     1.0
partit 1600 4     2    8.03      88      16     328      16     0.9     288      52    1066      52     0.8
partit 1600 4     0    0.40      14       2      44       2     0.9      14       2      44       2     0.9
partit 1600 4     0    0.88      31       1      46       1     1.0      31       1      46       1     1.0
partit 1600 4     0    0.96      34       5     109       5     0.9      34       5     109       5     0.9
partit 1600 4     1    4.53      62      10     212      10     0.9     162      27     566      27     0.8
partit 1600 4     0    1.52      54      10     204      10     0.9      54      10     204      10     0.9
partit 1600 4     0    2.14      76      10     226      10     0.9      76      10     226      10     0.9
partit 1600 4     0    2.73      97      16     337      16     0.8      97      16     337      16     0.8
partit 1600 4     1    4.05      45       5     120       5     1.0     145      24     504      24     0.9
partit 1600 4     0    1.16      41       3      86       3     1.0      41       3      86       3     1.0
partit 1600 4     2    6.18      22       4      82       4     0.9     222      37     775      37     0.9
partit 1600 4     1    4.16      49       8     169       8     0.8     149      26     538      26     0.8
partit 1600 4     0    0.82      29       5     104       5     0.8      29       5     104       5     0.8
partit 1600 4     0    0.79      28       4      88       4     0.9      28       4      88       4     0.9
partit 1600 4     5   15.33      51       9     186       9     0.9     551      92    1926      92     0.8
partit 1600 4     1    3.77      35       4      95       4     0.9     135      22     464      22     0.9
partit 1600 4     0    0.88      31       4      91       4     1.0      31       4      91       4     1.0
partit 1600 4     1    3.66      31       4      91       4     0.9     131      22     460      22     0.9
partit 1600 4     0    0.57      20       1      35       1     1.1      20       1      35       1     1.1
partit 1600 4     0    2.33      83      15     308      15     0.8      83      15     308      15     0.8
partit 1600 4     2    7.84      81      12     261      12     0.9     281      45     954      45     0.9
partit 1600 8     1    3.58      28       5     103       5     0.8     128      22     457      22     0.8
partit 1600 8     0    1.81      64       9     199       9     0.9      64       9     199       9     0.9
partit 1600 8     0    1.05      37       2      67       2     1.0      37       2      67       2     1.0
partit 1600 8     1    3.85      38       4      98       4     0.9     138      19     422      19     0.9
partit 1600 8     0    1.33      47       9     182       9     0.8      47       9     182       9     0.8
partit 1600 8     0    0.52      18       1      33       1     1.0      18       1      33       1     1.0
partit 1600 8     0    1.36      48       8     168       8     0.9      48       8     168       8     0.9
partit 1600 8     0    0.43      15       1      30       1     1.0      15       1      30       1     1.0
partit 1600 8     0    0.52      18       3      63       3     0.8      18       3      63       3     0.8
partit 1600 8     0    0.66      23       1      38       1     1.1      23       1      38       1     1.1
partit 1600 8     0    0.85      30       5     105       5     0.8      30       5     105       5     0.8
partit 1600 8     0    0.60      21       1      36       1     1.0      21       1      36       1     1.0
partit 1600 8     0    0.49      17       2      47       2     0.9      17       2      47       2     0.9
partit 1600 8     0    1.64      58      12     238      12     0.8      58      12     238      12     0.8
partit 1600 8     0    1.86      66      13     261      13     0.8      66      13     261      13     0.8
partit 1600 8     0    0.77      27       3      72       3     0.9      27       3      72       3     0.9
partit 1600 8     0    1.27      45       9     180       9     0.8      45       9     180       9     0.8
partit 1600 8     0    0.46      16       2      46       2     0.9      16       2      46       2     0.9
partit 1600 8     0    2.42      86      14     296      14     0.9      86      14     296      14     0.9
partit 1600 8     0    1.30      46       8     166       8     0.9      46       8     166       8     0.9
partit 1600 8     0    0.97      34       4      94       4     0.9      34       4      94       4     0.9
partit 1600 8     0    0.55      19       2      49       2     0.9      19       2      49       2     0.9
partit 1600 8     0    1.13      40       5     115       5     0.9      40       5     115       5     0.9
partit 1600 8     0    1.02      36       5     111       5     0.9      36       5     111       5     0.9
partit 1600 8     0    1.55      55      11     220      11     0.8      55      11     220      11     0.8
partit 1600 8     0    0.21       7       1      22       1     0.9       7       1      22       1     0.9
partit 1600 8     0    0.88      31       4      91       4     0.9      31       4      91       4     0.9
partit 1600 8     0    0.77      27       2      57       2     1.0      27       2      57       2     1.0
partit 1600 8     0    0.52      18       3      63       3     0.9      18       3      63       3     0.9
partit 1600 8     0    1.05      37       4      97       4     1.0      37       4      97       4     1.0
partit 1600 16     0    1.73      61      12     241      12     0.8      61      12     241      12     0.8
partit 1600 16     0    0.25       8       0       8       0     1.0       8       0       8       0     1.0
partit 1600 16     0    1.82      64       9     199       9     0.9      64       9     199       9     0.9
partit 1600 16     0    0.64      22       3      67       3     0.9      22       3      67       3     0.9
partit 1600 16     0    0.50      17       1      32       1     1.0      17       1      32       1     1.0
partit 1600 16     0    1.17      41       7     146       7     0.9      41       7     146       7     0.9
partit 1600 16     0    0.64      22       2      52       2     1.0      22       2      52       2     1.0
partit 1600 16     0    0.53      18       1      33       1     1.0      18       1      33       1     1.0
partit 1600 16     0    1.34      47       5     122       5     0.9      47       5     122       5     0.9
partit 1600 16     0    0.44      15       1      30       1     0.9      15       1      30       1     0.9
partit 1600 16     0    0.36      12       2      42       2     0.8      12       2      42       2     0.8
partit 1600 16     0    0.44      15       1      30       1     0.9      15       1      30       1     0.9
partit 1600 16     0    0.69      24       4      84       4     0.8      24       4      84       4     0.8
partit 1600 16     0    1.51      53       8     173       8     0.9      53       8     173       8     0.9
partit 1600 16     0    0.64      22       1      37       1     1.0      22       1      37       1     1.0
partit 1600 16     0    0.50      17       2      47       2     0.9      17       2      47       2     0.9
partit 1600 16     0    0.36      12       1      27       1     0.9      12       1      27       1     0.9
partit 1600 16     0    1.26      44       5     119       5     1.0      44       5     119       5     1.0
partit 1600 16     0    0.69      24       2      54       2     0.9      24       2      54       2     0.9
partit 1600 16     0    0.72      25       2      55       2     1.0      25       2      55       2     1.0
partit 1600 16     0    0.27       9       1      24       1     0.9       9       1      24       1     0.9
partit 1600 16     0    0.61      21       1      36       1     1.0      21       1      36       1     1.0
partit 1600 16     0    1.34      47       8     167       8     0.9      47       8     167       8     0.9
partit 1600 16     0    1.56      55       6     145       6     0.9      55       6     145       6     0.9
partit 1600 16     0    0.44      15       1      30       1     1.0      15       1      30       1     1.0
partit 1600 16     0    0.61      21       2      51       2     1.0      21       2      51       2     1.0
partit 1600 16     0    1.48      52       7     157       7     0.9      52       7     157       7     0.9
partit 1600 16     0    0.67      23       4      83       4     0.9      23       4      83       4     0.9
partit 1600 16     0    1.12      39       6     129       6     0.9      39       6     129       6     0.9
partit 1600 16     0    0.36      12       2      42       2     0.8      12       2      42       2     0.8
partit 1800 1     3   12.75      62       9     215       9     0.9     362      54    1277      54     0.9
partit 1800 1     1    6.47      83      14     321      14     0.9     183      29     675      29     0.9
partit 1800 1     2    8.74      48       6     150       6     0.9     248      39     909      39     0.9
partit 1800 1     0    0.71      20       3      71       3     0.8      20       3      71       3     0.8
partit 1800 1    16   59.49      91      17     380      17     0.8    1691     281    6452     281     0.9
partit 1800 1     5   20.00      68      11     255      11     0.8     568      93    2144      93     0.9
partit 1800 1     0    2.77      78      13     299      13     0.9      78      13     299      13     0.9
partit 1800 1     5   20.39      79      10     249      10     0.9     579      97    2223      97     0.8
partit 1800 1     1    4.83      37       2      71       2     1.0     137      17     425      17     0.9
partit 1800 1     3   11.26      20       2      54       2     1.0     320      43    1048      43     0.9
partit 1800 1     2    9.16      60       9     213       9     0.9     260      38     904      38     0.9
partit 1800 1     0    2.88      81      11     268      11     0.9      81      11     268      11     0.9
partit 1800 1     1    5.65      60      10     230      10     0.8     160      28     635      28     0.8
partit 1800 1     5   19.47      53       7     172       7     0.9     553      87    2027      87     0.9
partit 1800 1     4   15.31      35       4     103       4     0.9     435      67    1570      67     0.9
partit 1800 1     1    6.71      90      14     328      14     0.9     190      28     665      28     0.9
partit 1800 1     3   12.51      55       6     157       6     0.9     355      58    1338      58     0.9
partit 1800 1     1    5.61      59       7     178       7     0.9     159      22     532      22     0.9
partit 1800 1    12   44.40      62       9     215       9     0.9    1262     204    4718     204     0.9
partit 1800 1     1    5.01      42       4     110       4     0.9     142      20     481      20     0.9
partit 1800 1     6   23.58      70      11     257      11     0.9     670     109    2517     109     0.8
partit 1800 1     1    4.19      19       1      36       1     1.1     119      16     390      16     0.9
partit 1800 1     0    0.54      15       1      32       1     1.0      15       1      32       1     1.0
partit 1800 1     2    7.96      26       5     111       5     0.8     226      39     887      39     0.8
partit 1800 1     1    6.15      74      15     329      15     0.8     174      28     649      28     0.9
partit 1800 1     0    0.82      23       4      91       4     1.0      23       4      91       4     1.0
partit 1800 1     2    8.78      49       7     168       7     0.9     249      39     910      39     0.9
partit 1800 1     7   25.93      37       6     139       6     0.9     737     118    2736     118     0.9
partit 1800 1     0    1.71      48       9     201       9     0.8      48       9     201       9     0.8
partit 1800 1     3   13.96      96      16     368      16     0.8     396      61    1430      61     0.9
partit 1800 2     0    0.64      18       2      52       2     0.9      18       2      52       2     0.9
partit 1800 2     0    1.85      52       9     205       9     0.8      52       9     205       9     0.8
partit 1800 2     0    0.57      16       1      33       1     0.9      16       1      33       1     0.9
partit 1800 2     3   12.22      47       7     166       7     0.9     347      57    1313      57     0.8
partit 1800 2     0    0.93      26       2      60       2     1.0      26       2      60       2     1.0
partit 1800 2     0    2.10      59       8     195       8     0.9      59       8     195       8     0.9
partit 1800 2     7   25.22      17       1      34       1     0.9     717     113    2631     113     0.9
partit 1800 2     0    2.21      62       8     198       8     0.9      62       8     198       8     0.9
partit 1800 2     2    7.71      19       1      36       1     0.9     219      36     829      36     0.8
partit 1800 2     4   17.44      95      16     367      16     0.9     495      75    1766      75     0.9
partit 1800 2     0    2.60      73       9     226       9     1.0      73       9     226       9     1.0
partit 1800 2     0    0.93      26       4      94       4     0.9      26       4      94       4     0.9
partit 1800 2     0    0.50      14       1      31       1     1.1      14       1      31       1     1.1
partit 1800 2     0    0.68      19       1      36       1     1.0      19       1      36       1     1.0
partit 1800 2     3   12.86      65       9     218       9     0.9     365      51    1229      51     0.9
partit 1800 2     0    1.71      48       7     167       7     0.9      48       7     167       7     0.9
partit 1800 2     3   12.12      44       5     129       5     0.9     344      50    1191      50     0.9
partit 1800 2     1    4.76      35       3      86       3     1.0     135      14     372      14     0.9
partit 1800 2     3   13.18      74      10     244      10     0.9     374      54    1289      54     0.9
partit 1800 2     5   20.67      87      16     359      16     0.8     587      95    2197      95     0.8
partit 1800 2     1    6.08      72       8     208       8     0.9     172      22     545      22     0.9
partit 1800 2     0    1.64      46       8     182       8     0.8      46       8     182       8     0.8
partit 1800 2     2    7.82      22       3      73       3     0.9     222      36     832      36     0.8
partit 1800 2     1    5.01      42       7     161       7     0.9     142      26     583      26     0.8
partit 1800 2     0    1.46      41       4     109       4     0.9      41       4     109       4     0.9
partit 1800 2     0    2.60      73       9     226       9     0.9      73       9     226       9     0.9
partit 1800 2     2    7.68      18       2      52       2     1.0     218      36     828      36     0.9
partit 1800 2     0    1.43      40       3      91       3     1.0      40       3      91       3     1.0
partit 1800 2     9   33.71      58       8     194       8     0.9     958     160    3669     160     0.8
partit 1800 2     0    1.03      29       5     114       5     0.8      29       5     114       5     0.8
partit 1800 4     0    0.43      12       1      29       1     0.9      12       1      29       1     0.9
partit 1800 4     0    3.38      95      13     316      13     0.9      95      13     316      13     0.9
partit 1800 4     0    2.71      76      14     314      14     0.8      76      14     314      14     0.8
partit 1800 4     0    0.40      11       1      28       1     0.9      11       1      28       1     0.9
partit 1800 4     0    2.99      84      12     288      12     0.9      84      12     288      12     0.9
partit 1800 4     0    0.61      17       2      51       2     0.9      17       2      51       2     0.9
partit 1800 4     2    8.74      48       5     133       5     0.9     248      38     892      38     0.9
partit 1800 4     0    1.75      49       7     168       7     0.9      49       7     168       7     0.9
partit 1800 4     0    1.00      28       4      96       4     0.9      28       4      96       4     0.9
partit 1800 4     1    4.34      23       3      74       3     0.9     123      22     496      22     0.8
partit 1800 4     2    8.14      31       7     150       7     0.8     231      38     875      38     0.8
partit 1800 4     0    2.14      60      12     264      12     0.8      60      12     264      12     0.8
partit 1800 4     0    1.14      32       4     100       4     0.9      32       4     100       4     0.9
partit 1800 4     1    5.62      59       7     178       7     0.9     159      18     464      18     0.9
partit 1800 4     1    6.86      94      18     400      18     0.8     194      35     788      35     0.8
partit 1800 4     0    1.00      28       3      79       3     1.0      28       3      79       3     1.0
partit 1800 4     0    0.89      25       2      59       2     1.0      25       2      59       2     1.0
partit 1800 4     0    3.03      85      14     323      14     0.9      85      14     323      14     0.9
partit 1800 4     0    2.17      61       9     214       9     0.9      61       9     214       9     0.9
partit 1800 4     0    2.14      60       8     196       8     0.9      60       8     196       8     0.9
partit 1800 4     3   11.20      18       1      35       1     1.0     318      45    1080      45     0.9
partit 1800 4     0    1.36      38       2      72       2     1.0      38       2      72       2     1.0
partit 1800 4     0    1.75      49       6     151       6     0.9      49       6     151       6     0.9
partit 1800 4     0    1.60      45       5     130       5     0.9      45       5     130       5     0.9
partit 1800 4     2    7.75      20       3      71       3     0.8     220      35     813      35     0.8
partit 1800 4     0    1.04      29       4      97       4     0.9      29       4      97       4     0.9
partit 1800 4     0    1.53      43       4     111       4     1.0      43       4     111       4     1.0
partit 1800 4     0    2.85      80      11     267      11     0.9      80      11     267      11     0.9
partit 1800 4     2    8.56      43       6     145       6     0.9     243      36     853      36     0.9
partit 1800 4     0    2.14      60       9     213       9     0.9      60       9     213       9     0.9
partit 1800 8     0    0.94      26       3      77       3     0.9      26       3      77       3     0.9
partit 1800 8     0    2.78      78      14     316      14     0.8      78      14     316      14     0.8
partit 1800 8     0    0.90      25       3      76       3     0.9      25       3      76       3     0.9
partit 1800 8     0    2.00      56       9     209       9     0.8      56       9     209       9     0.8
partit 1800 8     0    2.53      71      14     309      14     0.8      71      14     309      14     0.8
partit 1800 8     0    1.54      43       6     145       6     0.9      43       6     145       6     0.9
partit 1800 8     0    2.50      70       8     206       8     0.9      70       8     206       8     0.9
partit 1800 8     0    1.25      35       7     154       7     0.9      35       7     154       7     0.9
partit 1800 8     0    0.93      26       1      43       1     1.1      26       1      43       1     1.1
partit 1800 8     0    1.04      29       5     114       5     0.8      29       5     114       5     0.8
partit 1800 8     0    2.57      72       8     208       8     1.0      72       8     208       8     1.0
partit 1800 8     0    1.61      45       8     181       8     0.8      45       8     181       8     0.8
partit 1800 8     0    1.15      32       4     100       4     0.9      32       4     100       4     0.9
partit 1800 8     0    1.89      53       9     206       9     0.8      53       9     206       9     0.8
partit 1800 8     0    0.62      17       1      34       1     1.1      17       1      34       1     1.1
partit 1800 8     0    1.89      53       7     172       7     0.9      53       7     172       7     0.9
partit 1800 8     0    1.82      51       7     170       7     0.9      51       7     170       7     0.9
partit 1800 8     0    2.04      57       9     210       9     0.8      57       9     210       9     0.8
partit 1800 8     0    2.32      65       9     218       9     0.9      65       9     218       9     0.9
partit 1800 8     0    0.76      21       2      55       2     0.9      21       2      55       2     0.9
partit 1800 8     0    1.75      49       6     151       6     0.9      49       6     151       6     0.9
partit 1800 8     0    1.61      45       9     198       9     0.8      45       9     198       9     0.8
partit 1800 8     0    1.86      52       8     188       8     0.9      52       8     188       8     0.9
partit 1800 8     0    2.53      71      11     258      11     0.9      71      11     258      11     0.9
partit 1800 8     0    2.43      68      12     272      12     0.8      68      12     272      12     0.8
partit 1800 8     0    0.65      18       1      35       1     0.9      18       1      35       1     0.9
partit 1800 8     0    2.00      56       7     175       7     0.9      56       7     175       7     0.9
partit 1800 8     0    0.33       9       0       9       0     1.0       9       0       9       0     1.0
partit 1800 8     0    1.22      34       3      85       3     1.0      34       3      85       3     1.0
partit 1800 8     0    1.65      46       7     165       7     0.9      46       7     165       7     0.9
partit 1800 16     0    1.80      50       7     169       7     0.9      50       7     169       7     0.9
partit 1800 16     0    0.52      14       1      31       1     1.0      14       1      31       1     1.0
partit 1800 16     0    2.50      70       8     206       8     0.9      70       8     206       8     0.9
partit 1800 16     0    1.26      35       6     137       6     0.9      35       6     137       6     0.9
partit 1800 16     0    1.02      28       4      96       4     0.9      28       4      96       4     0.9
partit 1800 16     0    2.75      77      10     247      10     0.9      77      10     247      10     0.9
partit 1800 16     0    0.91      25       3      76       3     0.9      25       3      76       3     0.9
partit 1800 16     0    0.56      15       1      32       1     1.0      15       1      32       1     1.0
partit 1800 16     0    1.13      31       4      99       4     0.9      31       4      99       4     0.9
partit 1800 16     0    1.87      52       4     120       4     1.1      52       4     120       4     1.1
partit 1800 16     0    0.94      26       4      94       4     0.8      26       4      94       4     0.8
partit 1800 16     0    2.79      78      11     265      11     0.9      78      11     265      11     0.9
partit 1800 16     0    1.87      52       5     137       5     1.0      52       5     137       5     1.0
partit 1800 16     0    1.55      43       3      94       3     1.0      43       3      94       3     1.0
partit 1800 16     0    1.44      40       5     125       5     0.9      40       5     125       5     0.9
partit 1800 16     0    1.48      41       7     160       7     0.8      41       7     160       7     0.8
partit 1800 16     0    1.09      30       1      47       1     1.1      30       1      47       1     1.1
partit 1800 16     0    2.37      66      10     236      10     0.9      66      10     236      10     0.9
partit 1800 16     0    0.20       5       1      22       1     0.8       5       1      22       1     0.8
partit 1800 16     0    0.41      11       2      45       2     0.8      11       2      45       2     0.8
partit 1800 16     0    0.52      14       2      48       2     0.9      14       2      48       2     0.9
partit 1800 16     0    2.04      57       5     142       5     1.0      57       5     142       5     1.0
partit 1800 16     0    1.37      38       5     123       5     0.9      38       5     123       5     0.9
partit 1800 16     0    1.30      36       4     104       4     0.9      36       4     104       4     0.9
partit 1800 16     0    0.87      24       3      75       3     0.9      24       3      75       3     0.9
partit 1800 16     0    1.30      36       6     138       6     0.8      36       6     138       6     0.8
partit 1800 16     0    0.98      27       4      95       4     0.9      27       4      95       4     0.9
partit 1800 16     0    1.23      34       5     119       5     0.9      34       5     119       5     0.9
partit 1800 16     0    0.45      12       1      29       1     0.9      12       1      29       1     0.9
partit 1800 16     0    0.80      22       2      56       2     1.0      22       2      56       2     1.0
partit 2000 1     1    8.59      97      15     382      15     0.9     197      29     747      29     0.9
partit 2000 1     0    2.50      57      10     247      10     0.8      57      10     247      10     0.8
partit 2000 1     0    0.22       5       0       5       0     1.0       5       0       5       0     1.0
partit 2000 1     2   12.80      94      14     360      14     0.9     294      42    1090      42     0.9
partit 2000 1     1    8.20      88      14     354      14     0.9     188      28     719      28     0.9
partit 2000 1     4   18.72      31       2      69       2     1.0     431      63    1624      63     0.9
partit 2000 1     3   16.48      79      14     345      14     0.8     379      69    1687      69     0.8
partit 2000 1     0    1.58      36       5     131       5     0.9      36       5     131       5     0.9
partit 2000 1     3   15.52      57      10     247      10     0.8     357      58    1456      58     0.9
partit 2000 1     3   16.18      72       6     186       6     1.0     372      56    1433      56     0.9
partit 2000 1     2   10.13      33       3      90       3     0.9     233      32     839      32     0.9
partit 2000 1     1    7.67      76       9     247       9     0.9     176      20     555      20     0.9
partit 2000 1     3   17.10      93      15     378      15     0.8     393      57    1473      57     0.9
partit 2000 1     0    3.25      74      10     264      10     0.9      74      10     264      10     0.9
partit 2000 1     1    6.62      52       7     185       7     0.9     152      22     569      22     0.9
partit 2000 1     0    0.57      13       1      32       1     0.9      13       1      32       1     0.9
partit 2000 1     0    4.30      98      11     307      11     0.9      98      11     307      11     0.9
partit 2000 1     2   10.13      33       3      90       3     1.0     233      33     858      33     0.9
partit 2000 1     1    6.41      47       8     199       8     0.8     147      25     621      25     0.8
partit 2000 1     1    6.67      53       7     186       7     0.9     153      23     589      23     0.9
partit 2000 1     8   36.34      37       5     132       5     0.9     837     129    3280     129     0.9
partit 2000 1     4   19.47      48       5     143       5     0.9     448      71    1793      71     0.9
partit 2000 1     2   11.75      70      13     317      13     0.8     270      44    1104      44     0.9
partit 2000 1     0    1.67      38       7     171       7     0.9      38       7     171       7     0.9
partit 2000 1     0    1.23      28       5     123       5     0.8      28       5     123       5     0.8
partit 2000 1     0    3.68      84      14     350      14     0.9      84      14     350      14     0.9
partit 2000 1     1    7.50      72      10     262      10     0.9     172      29     722      29     0.8
partit 2000 1     1    6.53      50       8     202       8     0.9     150      25     624      25     0.9
partit 2000 1     8   36.00      29       3      86       3     1.0     829     142    3519     142     0.9
partit 2000 1     3   14.47      33       6     147       6     0.9     333      52    1318      52     0.9
partit 2000 2     0    2.11      48       4     124       4     1.0      48       4     124       4     1.0
partit 2000 2     4   19.38      46       7     179       7     0.8     446      67    1715      67     0.9
partit 2000 2     4   19.64      52       5     147       5     1.0     452      75    1873      75     0.9
partit 2000 2     0    4.25      97      13     344      13     0.9      97      13     344      13     0.9
partit 2000 2     2   10.61      44       5     139       5     0.9     244      32     850      32     0.9
partit 2000 2     5   25.16      79      10     269      10     0.9     579      93    2341      93     0.9
partit 2000 2     0    1.28      29       2      67       2     1.0      29       2      67       2     1.0
partit 2000 2     0    2.94      67      11     276      11     0.9      67      11     276      11     0.9
partit 2000 2     0    4.21      96      13     343      13     0.9      96      13     343      13     0.9
partit 2000 2     4   17.85      11       1      30       1     0.9     411      64    1623      64     0.9
partit 2000 2     0    2.15      49       5     144       5     0.9      49       5     144       5     0.9
partit 2000 2     1    8.38      92      11     301      11     0.9     192      26     685      26     0.9
partit 2000 2     1    5.53      27       5     122       5     0.8     127      17     449      17     0.9
partit 2000 2     0    1.98      45       4     121       4     1.0      45       4     121       4     1.0
partit 2000 2     1    8.68      99      15     384      15     0.9     199      30     768      30     0.9
partit 2000 2     1    7.85      80      13     327      13     0.8     180      33     806      33     0.8
partit 2000 2     3   17.36      99      13     346      13     0.9     399      57    1479      57     0.9
partit 2000 2     0    1.28      29       2      67       2     1.0      29       2      67       2     1.0
partit 2000 2     2    9.70      23       3      80       3     0.9     223      32     829      32     0.9
partit 2000 2     1    7.15      64      11     273      11     0.9     164      27     676      27     0.9
partit 2000 2     1    5.00      15       1      34       1     1.0     115      16     418      16     0.9
partit 2000 2     1    8.24      89      14     355      14     0.9     189      27     701      27     0.9
partit 2000 2     0    1.98      45       7     178       7     1.0      45       7     178       7     1.0
partit 2000 2     4   18.55      27       1      46       1     1.1     427      58    1525      58     0.9
partit 2000 2     1    5.57      28       3      85       3     0.9     128      16     431      16     0.9
partit 2000 2     0    0.97      22       1      41       1     1.0      22       1      41       1     1.0
partit 2000 2     0    0.14       3       0       3       0     1.3       3       0       3       0     1.3
partit 2000 2     1    8.51      95      18     437      18     0.8     195      32     802      32     0.8
partit 2000 2     2   10.22      35       5     130       5     0.9     235      39     974      39     0.8
partit 2000 2     4   19.51      49       8     201       8     0.8     449      66    1699      66     0.9
partit 2000 4     0    0.71      16       2      54       2     0.9      16       2      54       2     0.9
partit 2000 4     1    6.71      54       8     206       8     0.9     154      25     628      25     0.9
partit 2000 4     0    0.84      19       2      57       2     0.9      19       2      57       2     0.9
partit 2000 4     0    0.23       5       0       5       0     1.0       5       0       5       0     1.0
partit 2000 4     0    1.89      43       7     176       7     0.8      43       7     176       7     0.8
partit 2000 4     1    6.54      50       7     183       7     0.9     150      25     624      25     0.8
partit 2000 4     1    8.16      87      11     296      11     0.9     187      26     680      26     0.9
partit 2000 4     0    3.60      82      16     386      16     0.8      82      16     386      16     0.8
partit 2000 4     0    1.67      38       5     133       5     0.9      38       5     133       5     0.9
partit 2000 4     0    4.12      94      14     360      14     0.9      94      14     360      14     0.9
partit 2000 4     0    2.85      65       8     217       8     0.9      65       8     217       8     0.9
partit 2000 4     0    2.90      66      11     275      11     0.8      66      11     275      11     0.8
partit 2000 4     0    0.49      11       1      30       1     0.9      11       1      30       1     0.9
partit 2000 4     1    8.69      99      18     441      18     0.8     199      32     806      32     0.9
partit 2000 4     0    1.89      43       5     138       5     1.0      43       5     138       5     1.0
partit 2000 4     0    1.94      44       5     139       5     0.9      44       5     139       5     0.9
partit 2000 4     0    2.72      62       7     195       7     1.0      62       7     195       7     1.0
partit 2000 4     0    2.46      56       6     170       6     1.0      56       6     170       6     1.0
partit 2000 4     0    3.60      82      12     310      12     0.9      82      12     310      12     0.9
partit 2000 4     2   10.66      45       3     102       3     1.0     245      38     965      38     0.9
partit 2000 4     0    1.67      38       6     152       6     0.9      38       6     152       6     0.9
partit 2000 4     1    6.41      47       5     142       5     0.9     147      21     545      21     0.9
partit 2000 4     0    2.02      46       5     141       5     0.9      46       5     141       5     0.9
partit 2000 4     0    0.71      16       2      54       2     0.9      16       2      54       2     0.9
partit 2000 4     0    0.45      10       2      48       2     0.8      10       2      48       2     0.8
partit 2000 4     0    2.24      51       8     203       8     0.9      51       8     203       8     0.9
partit 2000 4     0    4.00      91      19     452      19     0.8      91      19     452      19     0.8
partit 2000 4     0    1.10      25       2      63       2     1.0      25       2      63       2     1.0
partit 2000 4     2   10.00      30       2      68       2     1.0     230      34     874      34     0.9
partit 2000 4     0    1.76      40       5     135       5     0.9      40       5     135       5     0.9
partit 2000 8     0    2.16      49       4     125       4     1.0      49       4     125       4     1.0
partit 2000 8     0    2.73      62      10     252      10     0.9      62      10     252      10     0.9
partit 2000 8     0    1.20      27       3      84       3     0.9      27       3      84       3     0.9
partit 2000 8     0    0.76      17       4      93       4     0.8      17       4      93       4     0.8
partit 2000 8     0    2.25      51       8     203       8     0.8      51       8     203       8     0.8
partit 2000 8     1    6.89      58       8     210       8     0.9     158      24     613      24     0.9
partit 2000 8     1    5.40      24       3      81       3     0.9     124      19     484      19     0.9
partit 2000 8     0    0.98      22       2      60       2     1.0      22       2      60       2     1.0
partit 2000 8     0    1.46      33       4     109       4     0.9      33       4     109       4     0.9
partit 2000 8     0    2.07      47       3     104       3     1.0      47       3     104       3     1.0
partit 2000 8     1    5.45      25       3      82       3     0.9     125      16     428      16     0.9
partit 2000 8     0    2.12      48       4     124       4     1.0      48       4     124       4     1.0
partit 2000 8     0    2.33      53       7     186       7     0.9      53       7     186       7     0.9
partit 2000 8     0    1.15      26       2      64       2     1.0      26       2      64       2     1.0
partit 2000 8     0    1.63      37       6     151       6     0.8      37       6     151       6     0.8
partit 2000 8     0    1.72      39       7     172       7     0.9      39       7     172       7     0.9
partit 2000 8     0    1.24      28       2      66       2     1.1      28       2      66       2     1.1
partit 2000 8     0    2.38      54       5     149       5     1.0      54       5     149       5     1.0
partit 2000 8     0    3.65      83      11     292      11     0.9      83      11     292      11     0.9
partit 2000 8     0    2.86      65       9     236       9     0.9      65       9     236       9     0.9
partit 2000 8     0    0.41       9       0       9       0     1.0       9       0       9       0     1.0
partit 2000 8     0    1.24      28       2      66       2     1.0      28       2      66       2     1.0
partit 2000 8     0    1.11      25       2      63       2     1.0      25       2      63       2     1.0
partit 2000 8     1    7.55      73       9     244       9     0.9     173      26     666      26     0.9
partit 2000 8     0    1.46      33       2      71       2     1.1      33       2      71       2     1.1
partit 2000 8     0    1.85      42       3      99       3     1.0      42       3      99       3     1.0
partit 2000 8     1    4.88      12       1      31       1     0.9     112      14     377      14     1.0
partit 2000 8     0    2.90      66       8     218       8     1.0      66       8     218       8     1.0
partit 2000 8     0    1.81      41       2      79       2     1.1      41       2      79       2     1.1
partit 2000 8     0    0.62      14       3      71       3     0.9      14       3      71       3     0.9
partit 2000 16     0    0.99      22       1      41       1     1.0      22       1      41       1     1.0
partit 2000 16     0    1.73      39       2      77       2     1.0      39       2      77       2     1.0
partit 2000 16     0    0.20       4       1      23       1     0.8       4       1      23       1     0.8
partit 2000 16     0    0.81      18       1      37       1     1.0      18       1      37       1     1.0
partit 2000 16     0    0.81      18       1      37       1     0.9      18       1      37       1     0.9
partit 2000 16     0    0.68      15       1      34       1     1.0      15       1      34       1     1.0
partit 2000 16     0    0.81      18       1      37       1     1.0      18       1      37       1     1.0
partit 2000 16     0    3.35      76      12     304      12     0.8      76      12     304      12     0.8
partit 2000 16     0    2.74      62       7     195       7     1.0      62       7     195       7     1.0
partit 2000 16     0    1.21      27       2      65       2     1.0      27       2      65       2     1.0
partit 2000 16     0    0.42       9       0       9       0     1.1       9       0       9       0     1.1
partit 2000 16     0    0.37       8       1      27       1     0.9       8       1      27       1     0.9
partit 2000 16     0    2.12      48       4     124       4     1.0      48       4     124       4     1.0
partit 2000 16     0    1.34      30       3      87       3     0.9      30       3      87       3     0.9
partit 2000 16     0    3.83      87      12     315      12     0.9      87      12     315      12     0.9
partit 2000 16     0    1.56      35       4     111       4     0.9      35       4     111       4     0.9
partit 2000 16     0    2.30      52       7     185       7     0.9      52       7     185       7     0.9
partit 2000 16     0    3.79      86      11     295      11     0.9      86      11     295      11     0.9
partit 2000 16     0    0.29       6       0       6       0     1.0       6       0       6       0     1.0
partit 2000 16     0    0.72      16       3      73       3     0.9      16       3      73       3     0.9
partit 2000 16     0    1.12      25       3      82       3     0.9      25       3      82       3     0.9
partit 2000 16     0    2.87      65      10     255      10     0.9      65      10     255      10     0.9
partit 2000 16     0    1.03      23       1      42       1     1.1      23       1      42       1     1.1
partit 2000 16     0    1.51      34       5     129       5     0.9      34       5     129       5     0.9
partit 2000 16     0    1.56      35       4     111       4     0.9      35       4     111       4     0.9
partit 2000 16     0    0.85      19       1      38       1     1.1      19       1      38       1     1.1
partit 2000 16     0    2.34      53       7     186       7     0.9      53       7     186       7     0.9
partit 2000 16     0    1.38      31       4     107       4     0.9      31       4     107       4     0.9
partit 2000 16     0    1.29      29       3      86       3     1.0      29       3      86       3     1.0
partit 2000 16     0    1.25      28       2      66       2     1.0      28       2      66       2     1.0
partit 1200 12     0    0.46      28       5      83       5     0.9      28       5      83       5     0.9
partit 1200 12     0    0.54      33       6      99       6     0.8      33       6      99       6     0.8
partit 1200 12     0    0.12       7       0       7       0     1.0       7       0       7       0     1.0
partit 1200 12     0    0.36      22       2      44       2     1.0      22       2      44       2     1.0
partit 1200 12     0    0.36      22       1      33       1     1.0      22       1      33       1     1.0
partit 1200 12     0    0.58      36       6     102       6     0.8      36       6     102       6     0.8
partit 1200 12     0    0.28      17       3      50       3     0.8      17       3      50       3     0.8
partit 1200 12     0    0.24      14       2      36       2     0.9      14       2      36       2     0.9
partit 1200 12     0    0.30      18       1      29       1     1.0      18       1      29       1     1.0
partit 1200 12     0    0.46      28       4      72       4     0.9      28       4      72       4     0.9
partit 1200 12     0    0.47      29       5      84       5     0.8      29       5      84       5     0.8
partit 1200 12     0    0.25      15       1      26       1     0.9      15       1      26       1     0.9
partit 1200 12     0    0.05       2       0       2       0     1.0       2       0       2       0     1.0
partit 1200 12     0    0.57      35       4      79       4     0.9      35       4      79       4     0.9
partit 1200 12     0    0.82      51       8     139       8     0.9      51       8     139       8     0.9
partit 1200 12     1    1.99      26       4      70       4     0.9     126      21     356      21     0.9
partit 1200 12     0    0.49      30       3      63       3     0.9      30       3      63       3     0.9
partit 1200 12     0    0.06       3       0       3       0     1.0       3       0       3       0     1.0
partit 1200 12     0    0.46      28       5      83       5     0.9      28       5      83       5     0.9
partit 1200 12     0    1.47      92      17     279      17     0.8      92      17     279      17     0.8
partit 1200 12     0    0.28      17       1      28       1     0.9      17       1      28       1     0.9
partit 1200 12     0    0.44      27       4      71       4     0.9      27       4      71       4     0.9
partit 1200 12     0    0.10       5       0       5       0     1.0       5       0       5       0     1.0
partit 1200 12     0    0.19      11       2      33       2     0.8      11       2      33       2     0.8
partit 1200 12     0    0.41      25       3      58       3     1.0      25       3      58       3     1.0
partit 1200 12     0    0.32      19       5      74       5     0.7      19       5      74       5     0.7
partit 1200 12     0    0.88      55       8     143       8     0.9      55       8     143       8     0.9
partit 1200 12     0    0.43      26       4      70       4     0.9      26       4      70       4     0.9
partit 1200 12     0    0.38      23       2      45       2     1.0      23       2      45       2     1.0
partit 1200 12     0    0.63      39       4      83       4     1.0      39       4      83       4     1.0
partit 1400 12     0    0.38      17       2      43       2     0.9      17       2      43       2     0.9
partit 1400 12     0    1.20      55       8     159       8     0.9      55       8     159       8     0.9
partit 1400 12     0    0.66      30       1      43       1     1.0      30       1      43       1     1.0
partit 1400 12     0    0.25      11       1      24       1     0.9      11       1      24       1     0.9
partit 1400 12     0    0.59      27       2      53       2     0.9      27       2      53       2     0.9
partit 1400 12     0    0.62      28       4      80       4     0.9      28       4      80       4     0.9
partit 1400 12     1    2.42      13       1      26       1     1.0     113      19     359      19     0.9
partit 1400 12     0    0.38      17       2      43       2     0.9      17       2      43       2     0.9
partit 1400 12     0    1.18      54       9     171       9     0.9      54       9     171       9     0.9
partit 1400 12     0    0.57      26       3      65       3     0.9      26       3      65       3     0.9
partit 1400 12     0    0.98      45       7     136       7     0.9      45       7     136       7     0.9
partit 1400 12     0    0.42      19       2      45       2     0.9      19       2      45       2     0.9
partit 1400 12     0    0.27      12       0      12       0     1.0      12       0      12       0     1.0
partit 1400 12     0    0.27      12       2      38       2     0.8      12       2      38       2     0.8
partit 1400 12     0    0.47      21       1      34       1     1.0      21       1      34       1     1.0
partit 1400 12     0    0.49      22       4      74       4     0.8      22       4      74       4     0.8
partit 1400 12     0    0.25      11       1      24       1     1.0      11       1      24       1     1.0
partit 1400 12     0    1.02      47       7     138       7     0.9      47       7     138       7     0.9
partit 1400 12     0    0.55      25       2      51       2     0.9      25       2      51       2     0.9
partit 1400 12     0    0.88      40       6     118       6     0.8      40       6     118       6     0.8
partit 1400 12     0    0.45      20       1      33       1     1.0      20       1      33       1     1.0
partit 1400 12     0    0.19       8       1      21       1     1.0       8       1      21       1     1.0
partit 1400 12     0    0.90      41       6     119       6     0.9      41       6     119       6     0.9
partit 1400 12     0    0.64      29       5      94       5     0.8      29       5      94       5     0.8
partit 1400 12     0    0.53      24       3      63       3     0.9      24       3      63       3     0.9
partit 1400 12     0    1.67      77      10     207      10     0.9      77      10     207      10     0.9
partit 1400 12     0    0.77      35       5     100       5     0.9      35       5     100       5     0.9
partit 1400 12     0    0.34      15       2      41       2     0.9      15       2      41       2     0.9
partit 1400 12     0    0.36      16       2      42       2     0.9      16       2      42       2     0.9
partit 1400 12     0    0.64      29       5      94       5     0.9      29       5      94       5     0.9
partit 1600 12     0    1.08      38       4      98       4     0.9      38       4      98       4     0.9
partit 1600 12     0    2.77      98      13     293      13     0.9      98      13     293      13     0.9
partit 1600 12     0    0.52      18       1      33       1     0.9      18       1      33       1     0.9
partit 1600 12     0    0.94      33       6     123       6     0.8      33       6     123       6     0.8
partit 1600 12     0    0.83      29       3      74       3     0.9      29       3      74       3     0.9
partit 1600 12     0    0.52      18       2      48       2     0.9      18       2      48       2     0.9
partit 1600 12     0    0.72      25       1      40       1     1.0      25       1      40       1     1.0
partit 1600 12     0    0.72      25       2      55       2     1.0      25       2      55       2     1.0
partit 1600 12     0    0.44      15       1      30       1     0.9      15       1      30       1     0.9
partit 1600 12     0    2.29      81      13     276      13     0.9      81      13     276      13     0.9
partit 1600 12     0    1.17      41      10     191      10     0.8      41      10     191      10     0.8
partit 1600 12     0    0.66      23       2      53       2     1.0      23       2      53       2     1.0
partit 1600 12     0    0.89      31       4      91       4     1.0      31       4      91       4     1.0
partit 1600 12     0    1.78      63       7     168       7     1.0      63       7     168       7     1.0
partit 1600 12     0    0.97      34       5     109       5     0.9      34       5     109       5     0.9
partit 1600 12     0    1.08      38       5     113       5     0.9      38       5     113       5     0.9
partit 1600 12     0    0.24       8       0       8       0     1.0       8       0       8       0     1.0
partit 1600 12     0    0.47      16       3      61       3     0.8      16       3      61       3     0.8
partit 1600 12     0    2.12      75      14     285      14     0.8      75      14     285      14     0.8
partit 1600 12     0    1.67      59       9     194       9     0.9      59       9     194       9     0.9
partit 1600 12     0    1.06      37       6     127       6     0.8      37       6     127       6     0.8
partit 1600 12     0    0.97      34       3      79       3     0.9      34       3      79       3     0.9
partit 1600 12     0    1.08      38       7     143       7     0.8      38       7     143       7     0.8
partit 1600 12     0    1.48      52       6     142       6     0.9      52       6     142       6     0.9
partit 1600 12     0    1.93      68      12     248      12     0.8      68      12     248      12     0.8
partit 1600 12     0    0.38      13       1      28       1     0.9      13       1      28       1     0.9
partit 1600 12     0    0.72      25       2      55       2     1.0      25       2      55       2     1.0
partit 1600 12     0    1.98      70      11     235      11     0.9      70      11     235      11     0.9
partit 1600 12     0    2.20      78      15     303      15     0.8      78      15     303      15     0.8
partit 1600 12     0    0.44      15       1      30       1     1.0      15       1      30       1     1.0
partit 1800 12     0    1.22      34       2      68       2     1.1      34       2      68       2     1.1
partit 1800 12     0    1.65      46       3      97       3     0.9      46       3      97       3     0.9
partit 1800 12     0    0.87      24       2      58       2     1.0      24       2      58       2     1.0
partit 1800 12     0    0.87      24       3      75       3     0.9      24       3      75       3     0.9
partit 1800 12     0    0.65      18       3      69       3     0.9      18       3      69       3     0.9
partit 1800 12     0    1.40      39       6     141       6     0.9      39       6     141       6     0.9
partit 1800 12     0    2.43      68       9     221       9     0.9      68       9     221       9     0.9
partit 1800 12     0    0.98      27       3      78       3     0.9      27       3      78       3     0.9
partit 1800 12     0    1.58      44       9     197       9     0.8      44       9     197       9     0.8
partit 1800 12     1    4.21      19       1      36       1     1.0     119      21     475      21     0.8
partit 1800 12     0    1.26      35       2      69       2     1.1      35       2      69       2     1.1
partit 1800 12     0    1.33      37       3      88       3     1.0      37       3      88       3     1.0
partit 1800 12     0    0.94      26       2      60       2     0.9      26       2      60       2     0.9
partit 1800 12     0    0.12       3       0       3       0     1.0       3       0       3       0     1.0
partit 1800 12     0    1.36      38       4     106       4     0.9      38       4     106       4     0.9
partit 1800 12     0    0.94      26       2      60       2     1.0      26       2      60       2     1.0
partit 1800 12     0    2.68      75      12     279      12     0.9      75      12     279      12     0.9
partit 1800 12     0    1.33      37       5     122       5     0.9      37       5     122       5     0.9
partit 1800 12     0    1.12      31       5     116       5     0.9      31       5     116       5     0.9
partit 1800 12     0    1.65      46       8     182       8     0.8      46       8     182       8     0.8
partit 1800 12     0    1.69      47       2      81       2     1.1      47       2      81       2     1.1
partit 1800 12     0    0.73      20       1      37       1     1.1      20       1      37       1     1.1
partit 1800 12     0    0.91      25       4      93       4     0.8      25       4      93       4     0.8
partit 1800 12     0    2.50      70       9     223       9     0.9      70       9     223       9     0.9
partit 1800 12     0    1.05      29       3      80       3     0.9      29       3      80       3     0.9
partit 1800 12     0    1.04      29       4      97       4     0.9      29       4      97       4     0.9
partit 1800 12     0    2.32      65       9     218       9     0.9      65       9     218       9     0.9
partit 1800 12     0    1.58      44       6     146       6     0.9      44       6     146       6     0.9
partit 1800 12     0    1.05      29       4      97       4     0.9      29       4      97       4     0.9
partit 1800 12     0    1.12      31       4      99       4     0.9      31       4      99       4     0.9
partit 2000 12     0    1.90      43       5     138       5     1.0      43       5     138       5     1.0
partit 2000 12     0    1.42      32       4     108       4     0.9      32       4     108       4     0.9
partit 2000 12     0    1.55      35       5     130       5     0.9      35       5     130       5     0.9
partit 2000 12     0    1.16      26       2      64       2     0.9      26       2      64       2     0.9
partit 2000 12     0    2.42      55       4     131       4     1.1      55       4     131       4     1.1
partit 2000 12     0    0.98      22       1      41       1     1.0      22       1      41       1     1.0
partit 2000 12     0    1.20      27       2      65       2     1.1      27       2      65       2     1.1
partit 2000 12     0    1.59      36       5     131       5     0.9      36       5     131       5     0.9
partit 2000 12     0    0.81      18       3      75       3     0.9      18       3      75       3     0.9
partit 2000 12     0    1.16      26       1      45       1     1.0      26       1      45       1     1.0
partit 2000 12     0    1.73      39       5     134       5     0.9      39       5     134       5     0.9
partit 2000 12     0    2.60      59       9     230       9     0.9      59       9     230       9     0.9
partit 2000 12     0    3.00      68       6     182       6     0.9      68       6     182       6     0.9
partit 2000 12     0    0.46      10       1      29       1     0.9      10       1      29       1     0.9
partit 2000 12     0    2.29      52       7     185       7     0.9      52       7     185       7     0.9
partit 2000 12     0    2.03      46       9     217       9     0.8      46       9     217       9     0.8
partit 2000 12     0    1.90      43       4     119       4     0.9      43       4     119       4     0.9
partit 2000 12     0    1.51      34       3      91       3     0.9      34       3      91       3     0.9
partit 2000 12     0    1.11      25       1      44       1     1.0      25       1      44       1     1.0
partit 2000 12     0    1.42      32       4     108       4     1.0      32       4     108       4     1.0
partit 2000 12     0    2.21      50       7     183       7     0.9      50       7     183       7     0.9
partit 2000 12     0    1.94      44       6     158       6     0.9      44       6     158       6     0.9
partit 2000 12     0    1.73      39       5     134       5     0.9      39       5     134       5     0.9
partit 2000 12     0    0.63      14       1      33       1     0.9      14       1      33       1     0.9
partit 2000 12     0    2.25      51       6     165       6     0.9      51       6     165       6     0.9
partit 2000 12     0    0.94      21       4      97       4     0.9      21       4      97       4     0.9
partit 2000 12     0    1.59      36       5     131       5     0.9      36       5     131       5     0.9
partit 2000 12     0    1.02      23       3      80       3     0.9      23       3      80       3     0.9
partit 2000 12     0    1.55      35       3      92       3     1.0      35       3      92       3     1.0
partit 2000 12     0    1.16      26       4     102       4     0.8      26       4     102       4     0.8
