partit-nr 1200 4     0    0.68      43       7     120       7     0.8      43       7     120       7     0.8
partit-nr 1200 4     0    3.90     247      52     819      52     0.8     247      52     819      52     0.8
partit-nr 1200 4     0    0.54      34       4      78       4     0.9      34       4      78       4     0.9
partit-nr 1200 4     0    2.85     180      35     565      35     0.8     180      35     565      35     0.8
partit-nr 1200 4     0    0.80      50       9     149       9     0.8      50       9     149       9     0.8
partit-nr 1200 4     0    0.32      20       2      42       2     0.9      20       2      42       2     0.9
partit-nr 1200 4     0    2.48     157      32     509      32     0.8     157      32     509      32     0.8
partit-nr 1200 4     0    1.50      95      16     271      16     0.8      95      16     271      16     0.8
partit-nr 1200 4     0    0.27      17       3      50       3     0.9      17       3      50       3     0.9
partit-nr 1200 4     0    0.60      38       5      93       5     0.9      38       5      93       5     0.9
partit-nr 1200 4     0    0.59      37       4      81       4     0.9      37       4      81       4     0.9
partit-nr 1200 4     0    0.56      35       4      79       4     0.9      35       4      79       4     0.9
partit-nr 1200 4     0    3.41     216      46     722      46     0.8     216      46     722      46     0.8
partit-nr 1200 4     0    1.74     110      22     352      22     0.8     110      22     352      22     0.8
partit-nr 1200 4     0    1.65     104      19     313      19     0.8     104      19     313      19     0.8
partit-nr 1200 4     0    3.95     250      57     877      57     0.8     250      57     877      57     0.8
partit-nr 1200 4     0    2.26     143      31     484      31     0.8     143      31     484      31     0.8
partit-nr 1200 4     0    0.62      39      10     149      10     0.7      39      10     149      10     0.7
partit-nr 1200 4     0    1.41      89      15     254      15     0.9      89      15     254      15     0.9
partit-nr 1200 4     0    1.57      99      18     297      18     0.8      99      18     297      18     0.8
partit-nr 1200 4     0    0.32      20       3      53       3     0.8      20       3      53       3     0.8
partit-nr 1200 4     0    0.49      31       6      97       6     0.9      31       6      97       6     0.9
partit-nr 1200 4     0    0.30      19       3      52       3     0.8      19       3      52       3     0.8
partit-nr 1200 4     0    0.84      53      11     174      11     0.8      53      11     174      11     0.8
partit-nr 1200 4     0    0.23      14       1      25       1     1.0      14       1      25       1     1.0
partit-nr 1200 4     0    0.56      35       6     101       6     0.9      35       6     101       6     0.9
partit-nr 1200 4     0    1.14      72      12     204      12     0.8      72      12     204      12     0.8
partit-nr 1200 4     0    0.95      60      11     181      11     0.8      60      11     181      11     0.8
partit-nr 1200 4     0    0.76      48       9     147       9     0.9      48       9     147       9     0.9
partit-nr 1200 4     0    0.79      50       6     116       6     0.9      50       6     116       6     0.9
partit-nr 1200 8     0    1.18      74      12     206      12     0.9      74      12     206      12     0.9
partit-nr 1200 8     0    0.48      30       5      85       5     0.8      30       5      85       5     0.8
partit-nr 1200 8     0    0.31      19       3      52       3     0.8      19       3      52       3     0.8
partit-nr 1200 8     0    0.36      22       3      55       3     1.0      22       3      55       3     1.0
partit-nr 1200 8     0    0.70      44       8     132       8     0.8      44       8     132       8     0.8
partit-nr 1200 8     0    0.81      51       8     139       8     0.8      51       8     139       8     0.8
partit-nr 1200 8     0    0.63      39       4      83       4     1.0      39       4      83       4     1.0
partit-nr 1200 8     0    1.21      76      17     263      17     0.8      76      17     263      17     0.8
partit-nr 1200 8     0    0.66      41       5      96       5     1.0      41       5      96       5     1.0
partit-nr 1200 8     0    0.53      33       5      88       5     0.8      33       5      88       5     0.8
partit-nr 1200 8     0    0.15       9       1      20       1     0.9       9       1      20       1     0.9
partit-nr 1200 8     0    0.37      23       3      56       3     1.0      23       3      56       3     1.0
partit-nr 1200 8     0    0.28      17       2      39       2     0.9      17       2      39       2     0.9
partit-nr 1200 8     0    0.23      14       1      25       1     1.0      14       1      25       1     1.0
partit-nr 1200 8     0    1.07      67       8     155       8     0.9      67       8     155       8     0.9
partit-nr 1200 8     0    0.45      28       1      39       1     1.1      28       1      39       1     1.1
partit-nr 1200 8     0    0.29      18       4      62       4     0.8      18       4      62       4     0.8
partit-nr 1200 8     0    0.47      29       4      73       4     0.9      29       4      73       4     0.9
partit-nr 1200 8     0    0.34      21       1      32       1     1.0      21       1      32       1     1.0
partit-nr 1200 8     0    0.97      61      13     204      13     0.8      61      13     204      13     0.8
partit-nr 1200 8     0    0.58      36       7     113       7     0.8      36       7     113       7     0.8
partit-nr 1200 8     0    0.53      33       7     110       7     0.8      33       7     110       7     0.8
partit-nr 1200 8     0    0.15       9       1      20       1     0.9       9       1      20       1     0.9
partit-nr 1200 8     0    0.48      30       4      74       4     0.9      30       4      74       4     0.9
partit-nr 1200 8     0    0.36      22       4      66       4     0.8      22       4      66       4     0.8
partit-nr 1200 8     0    0.20      12       3      45       3     0.8      12       3      45       3     0.8
partit-nr 1200 8     0    0.37      23       1      34       1     1.1      23       1      34       1     1.1
partit-nr 1200 8     0    0.28      17       2      39       2     0.9      17       2      39       2     0.9
partit-nr 1200 8     0    0.37      23       1      34       1     1.0      23       1      34       1     1.0
partit-nr 1200 8     0    0.64      40       4      84       4     0.9      40       4      84       4     0.9
partit-nr 1200 16     0    0.40      24       1      35       1     1.0      24       1      35       1     1.0
partit-nr 1200 16     0    0.56      34       3      67       3     0.9      34       3      67       3     0.9
partit-nr 1200 16     0    0.40      24       5      79       5     0.8      24       5      79       5     0.8
partit-nr 1200 16     0    0.13       7       1      18       1     0.9       7       1      18       1     0.9
partit-nr 1200 16     0    0.38      23       3      56       3     1.0      23       3      56       3     1.0
partit-nr 1200 16     0    0.21      12       2      34       2     0.8      12       2      34       2     0.8
partit-nr 1200 16     0    0.29      17       2      39       2     0.9      17       2      39       2     0.9
partit-nr 1200 16     0    0.34      20       3      53       3     0.9      20       3      53       3     0.9
partit-nr 1200 16     0    0.49      30       6      96       6     0.8      30       6      96       6     0.8
partit-nr 1200 16     0    0.62      38       6     104       6     0.9      38       6     104       6     0.9
partit-nr 1200 16     0    0.40      24       3      57       3     0.9      24       3      57       3     0.9
partit-nr 1200 16     0    0.37      22       3      55       3     0.9      22       3      55       3     0.9
partit-nr 1200 16     0    0.65      40       7     117       7     0.8      40       7     117       7     0.8
partit-nr 1200 16     0    1.06      66       9     165       9     0.9      66       9     165       9     0.9
partit-nr 1200 16     0    0.48      29       1      40       1     1.0      29       1      40       1     1.0
partit-nr 1200 16     0    1.03      64       9     163       9     0.9      64       9     163       9     0.9
partit-nr 1200 16     0    0.20      11       2      33       2     0.9      11       2      33       2     0.9
partit-nr 1200 16     0    0.26      15       1      26       1     1.0      15       1      26       1     1.0
partit-nr 1200 16     0    0.38      23       1      34       1     1.0      23       1      34       1     1.0
partit-nr 1200 16     0    0.21      12       1      23       1     0.9      12       1      23       1     0.9
partit-nr 1200 16     0    0.65      40       8     128       8     0.8      40       8     128       8     0.8
partit-nr 1200 16     0    0.59      36       4      80       4     1.0      36       4      80       4     1.0
partit-nr 1200 16     0    0.32      19       2      41       2     0.9      19       2      41       2     0.9
partit-nr 1200 16     0    0.93      58       7     135       7     0.9      58       7     135       7     0.9
partit-nr 1200 16     0    1.16      72      13     215      13     0.8      72      13     215      13     0.8
partit-nr 1200 16     0    0.59      36       5      91       5     0.9      36       5      91       5     0.9
partit-nr 1200 16     0    0.53      32       5      87       5     0.9      32       5      87       5     0.9
partit-nr 1200 16     0    0.46      28       2      50       2     1.1      28       2      50       2     1.1
partit-nr 1200 16     0    0.23      13       1      24       1     0.9      13       1      24       1     0.9
partit-nr 1200 16     0    0.38      23       3      56       3     0.9      23       3      56       3     0.9
partit-nr 1400 4     0    0.54      25       3      64       3     0.9      25       3      64       3     0.9
partit-nr 1400 4     0    3.31     154      23     453      23     0.9     154      23     453      23     0.9
partit-nr 1400 4     0    0.80      37       5     102       5     0.9      37       5     102       5     0.9
partit-nr 1400 4     0    0.73      34       3      73       3     1.1      34       3      73       3     1.1
partit-nr 1400 4     0    1.42      66      10     196      10     0.9      66      10     196      10     0.9
partit-nr 1400 4     0    1.12      52       6     130       6     0.9      52       6     130       6     0.9
partit-nr 1400 4     0    1.01      47       8     151       8     0.9      47       8     151       8     0.9
partit-nr 1400 4     0    0.67      31       6     109       6     0.8      31       6     109       6     0.8
partit-nr 1400 4     0    0.91      42       7     133       7     0.9      42       7     133       7     0.9
partit-nr 1400 4     0    0.73      34       6     112       6     0.9      34       6     112       6     0.9
partit-nr 1400 4     0    1.27      59      11     202      11     0.9      59      11     202      11     0.9
partit-nr 1400 4     0    0.46      21       1      34       1     1.0      21       1      34       1     1.0
partit-nr 1400 4     0    0.78      36       8     140       8     0.8      36       8     140       8     0.8
partit-nr 1400 4     0    2.41     112      19     359      19     0.9     112      19     359      19     0.9
partit-nr 1400 4     0    2.86     133      21     406      21     0.9     133      21     406      21     0.9
partit-nr 1400 4     0    0.43      20       1      33       1     1.0      20       1      33       1     1.0
partit-nr 1400 4     0    0.65      30       3      69       3     0.9      30       3      69       3     0.9
partit-nr 1400 4     0    1.94      90      14     272      14     0.9      90      14     272      14     0.9
partit-nr 1400 4     0    0.46      21       2      47       2     1.0      21       2      47       2     1.0
partit-nr 1400 4     0    0.97      45       6     123       6     0.9      45       6     123       6     0.9
partit-nr 1400 4     0    0.71      33       7     124       7     0.8      33       7     124       7     0.8
partit-nr 1400 4     0    1.08      50      10     180      10     0.8      50      10     180      10     0.8
partit-nr 1400 4     0    0.95      44       6     122       6     0.9      44       6     122       6     0.9
partit-nr 1400 4     0    3.06     142      24     454      24     0.9     142      24     454      24     0.9
partit-nr 1400 4     0    5.85     272      56    1000      56     0.8     272      56    1000      56     0.8
partit-nr 1400 4     0    3.08     143      22     429      22     0.9     143      22     429      22     0.9
partit-nr 1400 4     0    0.48      22       3      61       3     1.0      22       3      61       3     1.0
partit-nr 1400 4     0    1.75      81      12     237      12     0.9      81      12     237      12     0.9
partit-nr 1400 4     0    1.81      84      16     292      16     0.8      84      16     292      16     0.8
partit-nr 1400 4     0    0.50      23       3      62       3     0.9      23       3      62       3     0.9
partit-nr 1400 8     0    1.62      75      11     218      11     0.9      75      11     218      11     0.9
partit-nr 1400 8     0    0.48      22       2      48       2     1.0      22       2      48       2     1.0
partit-nr 1400 8     0    0.70      32       4      84       4     0.9      32       4      84       4     0.9
partit-nr 1400 8     0    0.93      43       8     147       8     0.9      43       8     147       8     0.9
partit-nr 1400 8     0    0.72      33       3      72       3     0.9      33       3      72       3     0.9
partit-nr 1400 8     0    0.46      21       3      60       3     0.9      21       3      60       3     0.9
partit-nr 1400 8     0    2.09      97      18     331      18     0.9      97      18     331      18     0.9
partit-nr 1400 8     0    0.74      34       4      86       4     0.9      34       4      86       4     0.9
partit-nr 1400 8     0    0.27      12       2      38       2     0.8      12       2      38       2     0.8
partit-nr 1400 8     0    1.08      50      10     180      10     0.8      50      10     180      10     0.8
partit-nr 1400 8     0    1.92      89      16     297      16     0.8      89      16     297      16     0.8
partit-nr 1400 8     0    1.15      53       6     131       6     1.0      53       6     131       6     1.0
partit-nr 1400 8     0    0.40      18       1      31       1     1.1      18       1      31       1     1.1
partit-nr 1400 8     0    1.39      64      11     207      11     0.8      64      11     207      11     0.8
partit-nr 1400 8     0    0.59      27       6     105       6     0.8      27       6     105       6     0.8
partit-nr 1400 8     0    0.52      24       2      50       2     0.9      24       2      50       2     0.9
partit-nr 1400 8     0    0.50      23       3      62       3     1.0      23       3      62       3     1.0
partit-nr 1400 8     0    0.25      11       1      24       1     0.9      11       1      24       1     0.9
partit-nr 1400 8     0    0.57      26       4      78       4     0.8      26       4      78       4     0.8
partit-nr 1400 8     0    0.82      38       3      77       3     1.0      38       3      77       3     1.0
partit-nr 1400 8     0    0.46      21       2      47       2     1.0      21       2      47       2     1.0
partit-nr 1400 8     0    1.34      62       9     179       9     0.9      62       9     179       9     0.9
partit-nr 1400 8     0    1.75      81      15     276      15     0.8      81      15     276      15     0.8
partit-nr 1400 8     0    1.08      50       8     154       8     0.9      50       8     154       8     0.9
partit-nr 1400 8     0    1.13      52       8     156       8     0.9      52       8     156       8     0.9
partit-nr 1400 8     0    0.76      35       3      74       3     1.0      35       3      74       3     1.0
partit-nr 1400 8     0    1.10      51       5     116       5     1.0      51       5     116       5     1.0
partit-nr 1400 8     0    0.35      16       2      42       2     0.9      16       2      42       2     0.9
partit-nr 1400 8     0    0.50      23       2      49       2     1.0      23       2      49       2     1.0
partit-nr 1400 8     0    0.44      20       2      46       2     0.9      20       2      46       2     0.9
partit-nr 1400 16     0    0.30      13       1      26       1     1.0      13       1      26       1     1.0
partit-nr 1400 16     0    1.18      54       7     145       7     0.9      54       7     145       7     0.9
partit-nr 1400 16     0    0.75      34       5      99       5     0.9      34       5      99       5     0.9
partit-nr 1400 16     0    2.14      99      18     333      18     0.8      99      18     333      18     0.8
partit-nr 1400 16     0    0.64      29       2      55       2     1.0      29       2      55       2     1.0
partit-nr 1400 16     0    0.60      27       3      66       3     0.9      27       3      66       3     0.9
partit-nr 1400 16     0    1.03      47       8     151       8     0.8      47       8     151       8     0.8
partit-nr 1400 16     0    0.36      16       1      29       1     1.0      16       1      29       1     1.0
partit-nr 1400 16     0    1.05      48       6     126       6     0.9      48       6     126       6     0.9
partit-nr 1400 16     0    0.23      10       1      23       1     0.9      10       1      23       1     0.9
partit-nr 1400 16     0    0.60      27       5      92       5     0.8      27       5      92       5     0.8
partit-nr 1400 16     0    0.66      30       4      82       4     0.9      30       4      82       4     0.9
partit-nr 1400 16     0    0.34      15       2      41       2     0.9      15       2      41       2     0.9
partit-nr 1400 16     0    0.34      15       1      28       1     0.9      15       1      28       1     0.9
partit-nr 1400 16     0    0.58      26       3      65       3     0.9      26       3      65       3     0.9
partit-nr 1400 16     0    1.59      73      12     229      12     0.9      73      12     229      12     0.9
partit-nr 1400 16     0    0.60      27       3      66       3     0.9      27       3      66       3     0.9
partit-nr 1400 16     0    0.47      21       4      73       4     0.8      21       4      73       4     0.8
partit-nr 1400 16     0    0.36      16       1      29       1     0.9      16       1      29       1     0.9
partit-nr 1400 16     0    0.34      15       1      28       1     0.9      15       1      28       1     0.9
partit-nr 1400 16     0    0.43      19       2      45       2     0.9      19       2      45       2     0.9
partit-nr 1400 16     0    0.66      30       3      69       3     0.9      30       3      69       3     0.9
partit-nr 1400 16     0    0.79      36       6     114       6     0.8      36       6     114       6     0.8
partit-nr 1400 16     0    0.69      31       3      70       3     0.9      31       3      70       3     0.9
partit-nr 1400 16     0    0.69      31       3      70       3     0.9      31       3      70       3     0.9
partit-nr 1400 16     0    0.41      18       1      31       1     1.1      18       1      31       1     1.1
partit-nr 1400 16     0    0.54      24       1      37       1     1.0      24       1      37       1     1.0
partit-nr 1400 16     0    0.56      25       3      64       3     0.9      25       3      64       3     0.9
partit-nr 1400 16     0    0.34      15       1      28       1     1.0      15       1      28       1     1.0
partit-nr 1400 16     0    0.58      26       2      52       2     1.0      26       2      52       2     1.0
partit-nr 1600 4     0    3.85     137      22     467      22     0.9     137      22     467      22     0.9
partit-nr 1600 4     0    2.05      73       9     208       9     0.9      73       9     208       9     0.9
partit-nr 1600 4     0    2.84     101      17     356      17     0.9     101      17     356      17     0.9
partit-nr 1600 4     0    3.57     127      25     502      25     0.8     127      25     502      25     0.8
partit-nr 1600 4     0    5.11     182      35     707      35     0.8     182      35     707      35     0.8
partit-nr 1600 4     0    1.04      37       5     112       5     0.9      37       5     112       5     0.9
partit-nr 1600 4     0    3.85     137      23     482      23     0.8     137      23     482      23     0.8
partit-nr 1600 4     0    1.13      40       5     115       5     1.0      40       5     115       5     1.0
partit-nr 1600 4     0    0.76      27       1      42       1     1.0      27       1      42       1     1.0
partit-nr 1600 4     0    0.57      20       3      65       3     0.8      20       3      65       3     0.8
partit-nr 1600 4     0    1.46      52       6     142       6     0.9      52       6     142       6     0.9
partit-nr 1600 4     0    1.86      66       9     201       9     0.9      66       9     201       9     0.9
partit-nr 1600 4     0    2.08      74      13     269      13     0.8      74      13     269      13     0.8
partit-nr 1600 4     0    0.96      34       4      94       4     0.9      34       4      94       4     0.9
partit-nr 1600 4     0    0.82      29       4      89       4     0.9      29       4      89       4     0.9
partit-nr 1600 4     0    0.28      10       2      40       2     0.8      10       2      40       2     0.8
partit-nr 1600 4     0    3.93     140      29     575      29     0.8     140      29     575      29     0.8
partit-nr 1600 4     0    2.28      81      14     291      14     0.8      81      14     291      14     0.8
partit-nr 1600 4     0    2.56      91      13     286      13     0.9      91      13     286      13     0.9
partit-nr 1600 4     0    0.09       3       0       3       0     1.0       3       0       3       0     1.0
partit-nr 1600 4     0    0.73      26       3      71       3     0.9      26       3      71       3     0.9
partit-nr 1600 4     0    0.73      26       3      71       3     0.9      26       3      71       3     0.9
partit-nr 1600 4     0    0.99      35       3      80       3     0.9      35       3      80       3     0.9
partit-nr 1600 4     0    1.13      40       4     100       4     0.9      40       4     100       4     0.9
partit-nr 1600 4     0    0.85      30       3      75       3     1.0      30       3      75       3     1.0
partit-nr 1600 4     0    0.48      17       3      62       3     0.9      17       3      62       3     0.9
partit-nr 1600 4     0    1.49      53      11     218      11     0.8      53      11     218      11     0.8
partit-nr 1600 4     0    2.36      84      16     324      16     0.8      84      16     324      16     0.8
partit-nr 1600 4     0    2.67      95      14     305      14     0.9      95      14     305      14     0.9
partit-nr 1600 4     0    1.07      38       4      98       4     0.9      38       4      98       4     0.9
partit-nr 1600 8     0    1.02      36       3      81       3     0.9      36       3      81       3     0.9
partit-nr 1600 8     0    1.05      37       2      67       2     0.9      37       2      67       2     0.9
partit-nr 1600 8     0    2.39      85      12     265      12     0.9      85      12     265      12     0.9
partit-nr 1600 8     0    0.18       6       1      21       1     0.8       6       1      21       1     0.8
partit-nr 1600 8     0    0.63      22       2      52       2     1.0      22       2      52       2     1.0
partit-nr 1600 8     0    1.64      58       9     193       9     0.9      58       9     193       9     0.9
partit-nr 1600 8     0    0.74      26       1      41       1     1.0      26       1      41       1     1.0
partit-nr 1600 8     0    1.58      56      11     221      11     0.8      56      11     221      11     0.8
partit-nr 1600 8     0    0.85      30       2      60       2     1.0      30       2      60       2     1.0
partit-nr 1600 8     0    1.95      69      14     279      14     0.8      69      14     279      14     0.8
partit-nr 1600 8     0    1.58      56      10     206      10     0.9      56      10     206      10     0.9
partit-nr 1600 8     0    1.50      53       7     158       7     0.9      53       7     158       7     0.9
partit-nr 1600 8     0    0.91      32       3      77       3     0.9      32       3      77       3     0.9
partit-nr 1600 8     0    0.91      32       5     107       5     0.9      32       5     107       5     0.9
partit-nr 1600 8     0    0.35      12       2      42       2     0.8      12       2      42       2     0.8
partit-nr 1600 8     0    2.56      91      15     316      15     0.9      91      15     316      15     0.9
partit-nr 1600 8     0    2.17      77      10     227      10     0.9      77      10     227      10     0.9
partit-nr 1600 8     0    0.54      19       1      34       1     0.9      19       1      34       1     0.9
partit-nr 1600 8     0    0.54      19       2      49       2     0.9      19       2      49       2     0.9
partit-nr 1600 8     0    0.74      26       1      41       1     1.1      26       1      41       1     1.1
partit-nr 1600 8     0    4.89     174      28     594      28     0.9     174      28     594      28     0.9
partit-nr 1600 8     0    2.50      89      15     314      15     0.9      89      15     314      15     0.9
partit-nr 1600 8     0    0.91      32       5     107       5     0.9      32       5     107       5     0.9
partit-nr 1600 8     0    1.64      58       8     178       8     0.9      58       8     178       8     0.9
partit-nr 1600 8     0    3.18     113      20     413      20     0.8     113      20     413      20     0.8
partit-nr 1600 8     0    0.99      35       5     110       5     0.9      35       5     110       5     0.9
partit-nr 1600 8     0    1.22      43       6     133       6     0.9      43       6     133       6     0.9
partit-nr 1600 8     0    2.98     106      18     376      18     0.8     106      18     376      18     0.8
partit-nr 1600 8     0    0.57      20       3      65       3     0.8      20       3      65       3     0.8
partit-nr 1600 8     0    0.60      21       3      66       3     0.9      21       3      66       3     0.9
partit-nr 1600 16     0    0.55      19       2      49       2     0.9      19       2      49       2     0.9
partit-nr 1600 16     0    0.41      14       1      29       1     1.0      14       1      29       1     1.0
partit-nr 1600 16     0    1.81      64      10     214      10     0.9      64      10     214      10     0.9
partit-nr 1600 16     0    0.66      23       2      53       2     0.9      23       2      53       2     0.9
partit-nr 1600 16     0    0.75      26       1      41       1     1.0      26       1      41       1     1.0
partit-nr 1600 16     0    0.36      12       1      27       1     0.9      12       1      27       1     0.9
partit-nr 1600 16     0    0.42      14       2      44       2     1.0      14       2      44       2     1.0
partit-nr 1600 16     0    0.72      25       3      70       3     0.9      25       3      70       3     0.9
partit-nr 1600 16     0    1.06      37       4      97       4     1.0      37       4      97       4     1.0
partit-nr 1600 16     0    0.66      23       3      68       3     0.9      23       3      68       3     0.9
partit-nr 1600 16     0    0.58      20       2      50       2     1.1      20       2      50       2     1.1
partit-nr 1600 16     0    1.00      35       6     125       6     0.8      35       6     125       6     0.8
partit-nr 1600 16     0    0.72      25       3      70       3     0.9      25       3      70       3     0.9
partit-nr 1600 16     0    1.31      46       4     106       4     1.0      46       4     106       4     1.0
partit-nr 1600 16     0    1.65      58      10     208      10     0.8      58      10     208      10     0.8
partit-nr 1600 16     0    1.09      38       6     128       6     0.9      38       6     128       6     0.9
partit-nr 1600 16     0    1.00      35       2      65       2     1.1      35       2      65       2     1.1
partit-nr 1600 16     0    0.47      16       1      31       1     0.9      16       1      31       1     0.9
partit-nr 1600 16     0    0.53      18       4      78       4     0.8      18       4      78       4     0.8
partit-nr 1600 16     0    1.51      53      10     203      10     0.8      53      10     203      10     0.8
partit-nr 1600 16     0    1.14      40       5     115       5     0.9      40       5     115       5     0.9
partit-nr 1600 16     0    0.72      25       2      55       2     0.9      25       2      55       2     0.9
partit-nr 1600 16     0    1.00      35       3      80       3     0.9      35       3      80       3     0.9
partit-nr 1600 16     0    0.97      34       4      94       4     0.9      34       4      94       4     0.9
partit-nr 1600 16     0    0.61      21       1      36       1     1.0      21       1      36       1     1.0
partit-nr 1600 16     0    0.64      22       4      82       4     0.8      22       4      82       4     0.8
partit-nr 1600 16     0    0.72      25       1      40       1     1.0      25       1      40       1     1.0
partit-nr 1600 16     0    0.55      19       3      64       3     0.8      19       3      64       3     0.8
partit-nr 1600 16     0    0.86      30       3      75       3     0.9      30       3      75       3     0.9
partit-nr 1600 16     0    2.91     103      20     403      20     0.8     103      20     403      20     0.8
partit-nr 1800 4     0    0.82      23       2      57       2     0.9      23       2      57       2     0.9
partit-nr 1800 4     0    5.54     156      23     547      23     0.9     156      23     547      23     0.9
partit-nr 1800 4     0   10.62     299      53    1200      53     0.9     299      53    1200      53     0.9
partit-nr 1800 4     0    4.05     114      20     454      20     0.9     114      20     454      20     0.9
partit-nr 1800 4     0    2.70      76      12     280      12     0.9      76      12     280      12     0.9
partit-nr 1800 4     0    1.60      45       6     147       6     0.9      45       6     147       6     0.9
partit-nr 1800 4     0    3.13      88      16     360      16     0.8      88      16     360      16     0.8
partit-nr 1800 4     0    1.21      34       4     102       4     0.9      34       4     102       4     0.9
partit-nr 1800 4     0    3.09      87      13     308      13     0.9      87      13     308      13     0.9
partit-nr 1800 4     0    0.61      17       1      34       1     1.0      17       1      34       1     1.0
partit-nr 1800 4     0    0.43      12       2      46       2     0.8      12       2      46       2     0.8
partit-nr 1800 4     0    0.75      21       1      38       1     1.0      21       1      38       1     1.0
partit-nr 1800 4     0    1.64      46       5     131       5     0.9      46       5     131       5     0.9
partit-nr 1800 4     0    5.68     160      24     568      24     0.9     160      24     568      24     0.9
partit-nr 1800 4     0    1.25      35       5     120       5     0.9      35       5     120       5     0.9
partit-nr 1800 4     0    3.02      85      14     323      14     0.8      85      14     323      14     0.8
partit-nr 1800 4     0    3.66     103      16     375      16     0.9     103      16     375      16     0.9
partit-nr 1800 4     0    8.03     226      41     923      41     0.8     226      41     923      41     0.8
partit-nr 1800 4     0    0.89      25       1      42       1     1.0      25       1      42       1     1.0
partit-nr 1800 4     0    3.38      95      13     316      13     0.9      95      13     316      13     0.9
partit-nr 1800 4     0    5.04     142      26     584      26     0.8     142      26     584      26     0.8
partit-nr 1800 4     0    1.03      29       3      80       3     0.9      29       3      80       3     0.9
partit-nr 1800 4     0    5.79     163      30     673      30     0.8     163      30     673      30     0.8
partit-nr 1800 4     0    4.48     126      20     466      20     0.8     126      20     466      20     0.8
partit-nr 1800 4     0    1.89      53       6     155       6     0.9      53       6     155       6     0.9
partit-nr 1800 4     0    1.81      51       7     170       7     0.9      51       7     170       7     0.9
partit-nr 1800 4     0    3.09      87      12     291      12     0.9      87      12     291      12     0.9
partit-nr 1800 4     0    0.79      22       3      73       3     0.9      22       3      73       3     0.9
partit-nr 1800 4     0    1.50      42       7     161       7     0.9      42       7     161       7     0.9
partit-nr 1800 4     0    3.16      89      15     344      15     0.8      89      15     344      15     0.8
partit-nr 1800 8     0    1.25      35       3      86       3     0.9      35       3      86       3     0.9
partit-nr 1800 8     0    1.68      47       6     149       6     0.9      47       6     149       6     0.9
partit-nr 1800 8     0    3.13      88      18     394      18     0.8      88      18     394      18     0.8
partit-nr 1800 8     0    1.22      34       4     102       4     1.0      34       4     102       4     1.0
partit-nr 1800 8     0    1.57      44       7     163       7     0.9      44       7     163       7     0.9
partit-nr 1800 8     0    2.21      62      12     266      12     0.8      62      12     266      12     0.8
partit-nr 1800 8     0    0.76      21       3      72       3     0.9      21       3      72       3     0.9
partit-nr 1800 8     0    0.65      18       2      52       2     0.9      18       2      52       2     0.9
partit-nr 1800 8     0    3.74     105      18     411      18     0.8     105      18     411      18     0.8
partit-nr 1800 8     0    3.17      89      13     310      13     0.9      89      13     310      13     0.9
partit-nr 1800 8     0    0.97      27       4      95       4     0.9      27       4      95       4     0.9
partit-nr 1800 8     0    0.72      20       3      71       3     0.8      20       3      71       3     0.8
partit-nr 1800 8     0    1.64      46       5     131       5     1.0      46       5     131       5     1.0
partit-nr 1800 8     0    2.35      66       9     219       9     0.9      66       9     219       9     0.9
partit-nr 1800 8     0    4.20     118      12     322      12     0.9     118      12     322      12     0.9
partit-nr 1800 8     0    0.54      15       2      49       2     0.9      15       2      49       2     0.9
partit-nr 1800 8     0    1.36      38       5     123       5     0.9      38       5     123       5     0.9
partit-nr 1800 8     0    2.21      62      11     249      11     0.8      62      11     249      11     0.8
partit-nr 1800 8     0    0.97      27       2      61       2     0.9      27       2      61       2     0.9
partit-nr 1800 8     0    4.69     132      22     506      22     0.8     132      22     506      22     0.8
partit-nr 1800 8     0    0.54      15       2      49       2     0.9      15       2      49       2     0.9
partit-nr 1800 8     0    1.29      36       3      87       3     1.0      36       3      87       3     1.0
partit-nr 1800 8     0    1.11      31       5     116       5     0.8      31       5     116       5     0.8
partit-nr 1800 8     0    1.39      39       6     141       6     0.9      39       6     141       6     0.9
partit-nr 1800 8     0    0.86      24       2      58       2     1.0      24       2      58       2     1.0
partit-nr 1800 8     0    0.58      16       2      50       2     0.9      16       2      50       2     0.9
partit-nr 1800 8     0    1.00      28       2      62       2     1.0      28       2      62       2     1.0
partit-nr 1800 8     0    2.56      72       9     225       9     0.9      72       9     225       9     0.9
partit-nr 1800 8     0    2.49      70      11     257      11     0.9      70      11     257      11     0.9
partit-nr 1800 8     0    1.64      46       5     131       5     0.9      46       5     131       5     0.9
partit-nr 1800 16     0    1.01      28       2      62       2     0.9      28       2      62       2     0.9
partit-nr 1800 16     0    0.77      21       2      55       2     0.9      21       2      55       2     0.9
partit-nr 1800 16     0    1.01      28       1      45       1     1.0      28       1      45       1     1.0
partit-nr 1800 16     0    0.59      16       1      33       1     0.9      16       1      33       1     0.9
partit-nr 1800 16     0    1.55      43       6     145       6     0.9      43       6     145       6     0.9
partit-nr 1800 16     0    0.55      15       2      49       2     0.9      15       2      49       2     0.9
partit-nr 1800 16     0    0.76      21       1      38       1     1.0      21       1      38       1     1.0
partit-nr 1800 16     0    0.91      25       2      59       2     1.0      25       2      59       2     1.0
partit-nr 1800 16     0    1.16      32       4     100       4     0.9      32       4     100       4     0.9
partit-nr 1800 16     0    3.25      91      13     312      13     0.9      91      13     312      13     0.9
partit-nr 1800 16     0    1.30      36       5     121       5     0.9      36       5     121       5     0.9
partit-nr 1800 16     0    1.05      29       1      46       1     1.0      29       1      46       1     1.0
partit-nr 1800 16     0    2.11      59       7     178       7     0.9      59       7     178       7     0.9
partit-nr 1800 16     0    0.52      14       1      31       1     1.0      14       1      31       1     1.0
partit-nr 1800 16     0    1.48      41       6     143       6     0.9      41       6     143       6     0.9
partit-nr 1800 16     0    0.73      20       1      37       1     0.9      20       1      37       1     0.9
partit-nr 1800 16     0    0.66      18       1      35       1     0.9      18       1      35       1     0.9
partit-nr 1800 16     0    2.26      63       8     199       8     0.9      63       8     199       8     0.9
partit-nr 1800 16     0    0.48      13       1      30       1     1.0      13       1      30       1     1.0
partit-nr 1800 16     0    1.90      53       6     155       6     0.9      53       6     155       6     0.9
partit-nr 1800 16     0    1.62      45       6     147       6     0.9      45       6     147       6     0.9
partit-nr 1800 16     0    1.37      38       6     140       6     0.8      38       6     140       6     0.8
partit-nr 1800 16     0    1.76      49       4     117       4     1.0      49       4     117       4     1.0
partit-nr 1800 16     0    1.72      48       6     150       6     0.9      48       6     150       6     0.9
partit-nr 1800 16     0    0.45      12       1      29       1     1.0      12       1      29       1     1.0
partit-nr 1800 16     0    2.68      75      11     262      11     0.9      75      11     262      11     0.9
partit-nr 1800 16     0    0.80      22       3      73       3     0.9      22       3      73       3     0.9
partit-nr 1800 16     0    0.66      18       2      52       2     0.9      18       2      52       2     0.9
partit-nr 1800 16     0    0.66      18       1      35       1     1.0      18       1      35       1     1.0
partit-nr 1800 16     0    0.55      15       2      49       2     0.9      15       2      49       2     0.9
partit-nr 2000 4     0    8.46     193      33     820      33     0.8     193      33     820      33     0.8
partit-nr 2000 4     0    3.25      74      11     283      11     0.9      74      11     283      11     0.9
partit-nr 2000 4     0    5.66     129      22     547      22     0.9     129      22     547      22     0.9
partit-nr 2000 4     0    1.28      29       5     124       5     0.8      29       5     124       5     0.8
partit-nr 2000 4     0    1.14      26       3      83       3     0.9      26       3      83       3     0.9
partit-nr 2000 4     0    2.90      66       8     218       8     0.9      66       8     218       8     0.9
partit-nr 2000 4     0    7.63     174      29     725      29     0.8     174      29     725      29     0.8
partit-nr 2000 4     0    2.63      60       8     212       8     0.9      60       8     212       8     0.9
partit-nr 2000 4     0   13.32     304      52    1292      52     0.8     304      52    1292      52     0.8
partit-nr 2000 4     0    3.82      87      12     315      12     0.9      87      12     315      12     0.9
partit-nr 2000 4     0    0.75      17       1      36       1     1.0      17       1      36       1     1.0
partit-nr 2000 4     0    2.59      59       6     173       6     1.0      59       6     173       6     1.0
partit-nr 2000 4     0    4.25      97      15     382      15     0.9      97      15     382      15     0.9
partit-nr 2000 4     0    1.01      23       1      42       1     1.0      23       1      42       1     1.0
partit-nr 2000 4     0    5.57     127      23     564      23     0.8     127      23     564      23     0.8
partit-nr 2000 4     0    2.81      64      10     254      10     0.9      64      10     254      10     0.9
partit-nr 2000 4     0    5.57     127      19     488      19     0.9     127      19     488      19     0.9
partit-nr 2000 4     0    3.95      90      11     299      11     0.9      90      11     299      11     0.9
partit-nr 2000 4     0    1.93      44       4     120       4     1.0      44       4     120       4     1.0
partit-nr 2000 4     0    1.71      39       6     153       6     0.8      39       6     153       6     0.8
partit-nr 2000 4     0    1.01      23       2      61       2     1.0      23       2      61       2     1.0
partit-nr 2000 4     0    8.06     184      27     697      27     0.9     184      27     697      27     0.9
partit-nr 2000 4     0    1.76      40       4     116       4     1.0      40       4     116       4     1.0
partit-nr 2000 4     0    7.23     165      26     659      26     0.9     165      26     659      26     0.9
partit-nr 2000 4     0    2.33      53       5     148       5     1.0      53       5     148       5     1.0
partit-nr 2000 4     0    2.06      47       7     180       7     0.9      47       7     180       7     0.9
partit-nr 2000 4     0    6.14     140      20     520      20     0.9     140      20     520      20     0.9
partit-nr 2000 4     0    2.68      61      10     251      10     0.9      61      10     251      10     0.9
partit-nr 2000 4     0    4.56     104      16     408      16     0.9     104      16     408      16     0.9
partit-nr 2000 4     0    5.04     115      17     438      17     0.9     115      17     438      17     0.9
partit-nr 2000 8     0    3.16      72      12     300      12     0.9      72      12     300      12     0.9
partit-nr 2000 8     0    2.20      50       6     164       6     0.9      50       6     164       6     0.9
partit-nr 2000 8     0    1.10      25       1      44       1     1.1      25       1      44       1     1.1
partit-nr 2000 8     0    2.16      49       8     201       8     0.8      49       8     201       8     0.8
partit-nr 2000 8     0    1.59      36       7     169       7     0.8      36       7     169       7     0.8
partit-nr 2000 8     0    2.02      46       5     141       5     0.9      46       5     141       5     0.9
partit-nr 2000 8     0    4.08      93      12     321      12     0.9      93      12     321      12     0.9
partit-nr 2000 8     0    0.80      18       2      56       2     0.9      18       2      56       2     0.9
partit-nr 2000 8     0    4.74     108      15     393      15     0.9     108      15     393      15     0.9
partit-nr 2000 8     0    1.19      27       3      84       3     1.0      27       3      84       3     1.0
partit-nr 2000 8     0    1.32      30       1      49       1     1.1      30       1      49       1     1.1
partit-nr 2000 8     0    0.58      13       1      32       1     0.9      13       1      32       1     0.9
partit-nr 2000 8     0    2.46      56       9     227       9     0.9      56       9     227       9     0.9
partit-nr 2000 8     0    1.98      45       5     140       5     1.0      45       5     140       5     1.0
partit-nr 2000 8     0    2.16      49       7     182       7     0.9      49       7     182       7     0.9
partit-nr 2000 8     0    7.59     173      26     667      26     0.9     173      26     667      26     0.9
partit-nr 2000 8     0    2.38      54       6     168       6     0.9      54       6     168       6     0.9
partit-nr 2000 8     0    1.80      41       3      98       3     1.0      41       3      98       3     1.0
partit-nr 2000 8     0    1.94      44       2      82       2     1.0      44       2      82       2     1.0
partit-nr 2000 8     0    1.94      44       6     158       6     0.9      44       6     158       6     0.9
partit-nr 2000 8     0    2.38      54       6     168       6     0.9      54       6     168       6     0.9
partit-nr 2000 8     0    1.54      35       6     149       6     0.8      35       6     149       6     0.8
partit-nr 2000 8     0    3.16      72       9     243       9     0.9      72       9     243       9     0.9
partit-nr 2000 8     0    2.59      59       9     230       9     0.9      59       9     230       9     0.9
partit-nr 2000 8     0    0.97      22       3      79       3     0.9      22       3      79       3     0.9
partit-nr 2000 8     0    4.26      97      14     363      14     0.9      97      14     363      14     0.9
partit-nr 2000 8     0    2.29      52       5     147       5     1.0      52       5     147       5     1.0
partit-nr 2000 8     0    1.02      23       3      80       3     0.9      23       3      80       3     0.9
partit-nr 2000 8     0    1.32      30       6     144       6     0.8      30       6     144       6     0.8
partit-nr 2000 8     0    1.98      45       6     159       6     0.9      45       6     159       6     0.9
partit-nr 2000 16     0    1.82      41       6     155       6     1.0      41       6     155       6     1.0
partit-nr 2000 16     0    1.38      31       2      69       2     1.0      31       2      69       2     1.0
partit-nr 2000 16     0    1.95      44       3     101       3     1.0      44       3     101       3     1.0
partit-nr 2000 16     0    1.33      30       4     106       4     0.9      30       4     106       4     0.9
partit-nr 2000 16     0    0.94      21       3      78       3     0.9      21       3      78       3     0.9
partit-nr 2000 16     0    1.03      23       3      80       3     0.9      23       3      80       3     0.9
partit-nr 2000 16     0    0.89      20       1      39       1     1.1      20       1      39       1     1.1
partit-nr 2000 16     0    1.64      37       2      75       2     1.0      37       2      75       2     1.0
partit-nr 2000 16     0    2.56      58       7     191       7     0.9      58       7     191       7     0.9
partit-nr 2000 16     0    1.07      24       3      81       3     0.9      24       3      81       3     0.9
partit-nr 2000 16     0    1.69      38       4     114       4     0.9      38       4     114       4     0.9
partit-nr 2000 16     0    0.85      19       1      38       1     0.9      19       1      38       1     0.9
partit-nr 2000 16     0    0.90      20       1      39       1     0.9      20       1      39       1     0.9
partit-nr 2000 16     0    1.68      38       2      76       2     1.0      38       2      76       2     1.0
partit-nr 2000 16     0    2.08      47       6     161       6     0.9      47       6     161       6     0.9
partit-nr 2000 16     0    0.98      22       2      60       2     0.9      22       2      60       2     0.9
partit-nr 2000 16     0    1.47      33       4     109       4     0.9      33       4     109       4     0.9
partit-nr 2000 16     0    1.64      37       5     132       5     0.9      37       5     132       5     0.9
partit-nr 2000 16     0    2.91      66      10     256      10     0.8      66      10     256      10     0.8
partit-nr 2000 16     0    2.95      67       9     238       9     0.9      67       9     238       9     0.9
partit-nr 2000 16     0    1.33      30       3      87       3     1.0      30       3      87       3     1.0
partit-nr 2000 16     0    1.60      36       2      74       2     1.0      36       2      74       2     1.0
partit-nr 2000 16     0    0.76      17       2      55       2     0.9      17       2      55       2     0.9
partit-nr 2000 16     0    1.29      29       2      67       2     1.0      29       2      67       2     1.0
partit-nr 2000 16     0    2.17      49       3     106       3     1.0      49       3     106       3     1.0
partit-nr 2000 16     0    1.16      26       4     102       4     0.8      26       4     102       4     0.8
partit-nr 2000 16     0    1.95      44       6     158       6     0.9      44       6     158       6     0.9
partit-nr 2000 16     0    1.03      23       3      80       3     0.9      23       3      80       3     0.9
partit-nr 2000 16     0    1.60      36       3      93       3     0.9      36       3      93       3     0.9
partit-nr 2000 16     0    1.07      24       2      62       2     1.0      24       2      62       2     1.0
