perfect-square 1 1     0   11.92    5523    2165    7688    2165     4.5    5523    2165    7688    2165     4.5
perfect-square 1 1     0   27.50   12751    5091   17842    5091     4.6   12751    5091   17842    5091     4.6
perfect-square 1 1     0   16.97    7945    3202   11147    3202     4.5    7945    3202   11147    3202     4.5
perfect-square 1 1     0    8.94    4110    1614    5724    1614     4.5    4110    1614    5724    1614     4.5
perfect-square 1 1     0   14.34    6743    2703    9446    2703     5.0    6743    2703    9446    2703     5.0
perfect-square 1 1     0   12.46    5874    2311    8185    2311     4.8    5874    2311    8185    2311     4.8
perfect-square 1 1     0   50.25   23461    9344   32805    9344     4.6   23461    9344   32805    9344     4.6
perfect-square 1 1     0    0.22      89      26     115      26     3.5      89      26     115      26     3.5
perfect-square 1 1     0    0.27     130      47     177      47     4.8     130      47     177      47     4.8
perfect-square 1 1     0   34.87   16444    6558   23002    6558     4.8   16444    6558   23002    6558     4.8
perfect-square 1 1     0   15.61    7281    2892   10173    2892     4.9    7281    2892   10173    2892     4.9
perfect-square 1 1     0   36.95   17208    6817   24025    6817     4.8   17208    6817   24025    6817     4.8
perfect-square 1 1     0   16.43    7790    3186   10976    3186     5.2    7790    3186   10976    3186     5.2
perfect-square 1 1     0    8.51    3971    1573    5544    1573     4.6    3971    1573    5544    1573     4.6
perfect-square 1 1     0    4.20    1970     770    2740     770     4.9    1970     770    2740     770     4.9
perfect-square 1 1     0    8.12    3756    1459    5215    1459     4.6    3756    1459    5215    1459     4.6
perfect-square 1 1     0   14.96    7028    2806    9834    2806     5.0    7028    2806    9834    2806     5.0
perfect-square 1 1     0   16.09    7521    2971   10492    2971     4.7    7521    2971   10492    2971     4.7
perfect-square 1 1     0   10.02    4761    1912    6673    1912     4.9    4761    1912    6673    1912     4.9
perfect-square 1 1     0    6.80    3082    1169    4251    1169     4.3    3082    1169    4251    1169     4.3
perfect-square 1 1     0   57.45   26670   10632   37302   10632     4.7   26670   10632   37302   10632     4.7
perfect-square 1 1     0    8.29    3802    1463    5265    1463     4.8    3802    1463    5265    1463     4.8
perfect-square 1 1     0   13.45    6288    2480    8768    2480     4.9    6288    2480    8768    2480     4.9
perfect-square 1 1     0    8.98    4133    1593    5726    1593     4.6    4133    1593    5726    1593     4.6
perfect-square 1 1     0   29.48   13727    5478   19205    5478     4.7   13727    5478   19205    5478     4.7
perfect-square 1 1     0    5.26    2559    1066    3625    1066     4.6    2559    1066    3625    1066     4.6
perfect-square 1 1     0   12.64    6052    2452    8504    2452     4.9    6052    2452    8504    2452     4.9
perfect-square 1 1     0    1.61     691     238     929     238     5.0     691     238     929     238     5.0
perfect-square 1 1     0    7.04    3186    1210    4396    1210     4.4    3186    1210    4396    1210     4.4
perfect-square 1 1     0    0.72     317     114     431     114     4.0     317     114     431     114     4.0
perfect-square 1 2     0    3.19    1538     628    2166     628     4.9    1538     628    2166     628     4.9
perfect-square 1 2     0    3.18    1441     563    2004     563     4.3    1441     563    2004     563     4.3
perfect-square 1 2     0    9.77    4622    1851    6473    1851     4.7    4622    1851    6473    1851     4.7
perfect-square 1 2     0    1.16     526     207     733     207     5.3     526     207     733     207     5.3
perfect-square 1 2     0    2.28    1086     441    1527     441     5.3    1086     441    1527     441     5.3
perfect-square 1 2     0   14.23    6448    2489    8937    2489     4.9    6448    2489    8937    2489     4.9
perfect-square 1 2     0   16.68    7743    3136   10879    3136     4.6    7743    3136   10879    3136     4.6
perfect-square 1 2     0   14.52    6857    2774    9631    2774     4.6    6857    2774    9631    2774     4.6
perfect-square 1 2     0    9.89    4719    1896    6615    1896     4.9    4719    1896    6615    1896     4.9
perfect-square 1 2     0   19.22    9033    3652   12685    3652     4.7    9033    3652   12685    3652     4.7
perfect-square 1 2     0    3.09    1429     559    1988     559     4.9    1429     559    1988     559     4.9
perfect-square 1 2     0    2.55    1119     408    1527     408     4.8    1119     408    1527     408     4.8
perfect-square 1 2     0   18.27    8558    3363   11921    3363     4.7    8558    3363   11921    3363     4.7
perfect-square 1 2     0    7.58    3471    1358    4829    1358     4.9    3471    1358    4829    1358     4.9
perfect-square 1 2     0    0.08      42      14      56      14     4.7      42      14      56      14     4.7
perfect-square 1 2     0    0.84     385     132     517     132     4.4     385     132     517     132     4.4
perfect-square 1 2     0   12.22    5592    2215    7807    2215     4.4    5592    2215    7807    2215     4.4
perfect-square 1 2     0   11.58    5480    2224    7704    2224     4.8    5480    2224    7704    2224     4.8
perfect-square 1 2     0    2.47    1201     508    1709     508     5.2    1201     508    1709     508     5.2
perfect-square 1 2     0   12.28    5693    2223    7916    2223     4.7    5693    2223    7916    2223     4.7
perfect-square 1 2     0    0.41     223      93     316      93     4.4     223      93     316      93     4.4
perfect-square 1 2     0   13.51    6139    2397    8536    2397     5.0    6139    2397    8536    2397     5.0
perfect-square 1 2     0    8.22    3850    1537    5387    1537     4.7    3850    1537    5387    1537     4.7
perfect-square 1 2     0    2.61    1295     563    1858     563     4.9    1295     563    1858     563     4.9
perfect-square 1 2     0    2.45    1154     454    1608     454     5.0    1154     454    1608     454     5.0
perfect-square 1 2     0    0.60     257      88     345      88     4.2     257      88     345      88     4.2
perfect-square 1 2     0    7.31    3265    1229    4494    1229     4.4    3265    1229    4494    1229     4.4
perfect-square 1 2     0    0.66     307     117     424     117     3.9     307     117     424     117     3.9
perfect-square 1 2     0    0.14      74      28     102      28     5.9      74      28     102      28     5.9
perfect-square 1 2     0    9.65    4537    1844    6381    1844     4.8    4537    1844    6381    1844     4.8
perfect-square 1 4     0    0.51     231      89     320      89     4.6     231      89     320      89     4.6
perfect-square 1 4     0    1.18     565     231     796     231     4.8     565     231     796     231     4.8
perfect-square 1 4     0    1.88     834     304    1138     304     4.4     834     304    1138     304     4.4
perfect-square 1 4     0    5.19    2432     945    3377     945     4.7    2432     945    3377     945     4.7
perfect-square 1 4     0    5.10    2392     949    3341     949     4.2    2392     949    3341     949     4.2
perfect-square 1 4     0    0.89     452     194     646     194     4.8     452     194     646     194     4.8
perfect-square 1 4     0    7.15    3273    1251    4524    1251     4.4    3273    1251    4524    1251     4.4
perfect-square 1 4     0    1.47     709     272     981     272     4.2     709     272     981     272     4.2
perfect-square 1 4     0    6.66    3026    1168    4194    1168     4.6    3026    1168    4194    1168     4.6
perfect-square 1 4     0    0.18      83      25     108      25     5.1      83      25     108      25     5.1
perfect-square 1 4     0    0.89     401     148     549     148     5.8     401     148     549     148     5.8
perfect-square 1 4     0    2.27    1118     463    1581     463     5.3    1118     463    1581     463     5.3
perfect-square 1 4     0    3.88    1778     695    2473     695     4.5    1778     695    2473     695     4.5
perfect-square 1 4     0    2.55    1202     501    1703     501     4.6    1202     501    1703     501     4.6
perfect-square 1 4     0    8.05    3707    1447    5154    1447     4.6    3707    1447    5154    1447     4.6
perfect-square 1 4     0    6.75    3117    1217    4334    1217     4.7    3117    1217    4334    1217     4.7
perfect-square 1 4     0    3.66    1712     665    2377     665     4.7    1712     665    2377     665     4.7
perfect-square 1 4     0    3.88    1839     761    2600     761     5.0    1839     761    2600     761     5.0
perfect-square 1 4     0    3.52    1672     672    2344     672     5.5    1672     672    2344     672     5.5
perfect-square 1 4     0    5.04    2424     979    3403     979     4.6    2424     979    3403     979     4.6
perfect-square 1 4     0    9.73    4453    1757    6210    1757     5.1    4453    1757    6210    1757     5.1
perfect-square 1 4     0    0.59     336     154     490     154     4.6     336     154     490     154     4.6
perfect-square 1 4     0    5.79    2785    1125    3910    1125     4.8    2785    1125    3910    1125     4.8
perfect-square 1 4     0    2.17    1043     428    1471     428     4.0    1043     428    1471     428     4.0
perfect-square 1 4     0    4.00    1787     685    2472     685     4.4    1787     685    2472     685     4.4
perfect-square 1 4     0    1.63     822     351    1173     351     6.0     822     351    1173     351     6.0
perfect-square 1 4     0    0.27     123      38     161      38     3.4     123      38     161      38     3.4
perfect-square 1 4     0    2.74    1334     560    1894     560     5.2    1334     560    1894     560     5.2
perfect-square 1 4     0    0.52     233      84     317      84     3.3     233      84     317      84     3.3
perfect-square 1 4     0    2.05     970     389    1359     389     4.9     970     389    1359     389     4.9
perfect-square 1 8     0    2.53    1156     429    1585     429     4.2    1156     429    1585     429     4.2
perfect-square 1 8     0    2.21     944     335    1279     335     4.8     944     335    1279     335     4.8
perfect-square 1 8     0    0.21     114      50     164      50     4.0     114      50     164      50     4.0
perfect-square 1 8     0    1.62     815     324    1139     324     3.9     815     324    1139     324     3.9
perfect-square 1 8     0    1.99     960     389    1349     389     4.8     960     389    1349     389     4.8
perfect-square 1 8     0    2.83    1286     492    1778     492     5.0    1286     492    1778     492     5.0
perfect-square 1 8     0    0.27     111      34     145      34     1.6     111      34     145      34     1.6
perfect-square 1 8     0    0.93     445     171     616     171     5.4     445     171     616     171     5.4
perfect-square 1 8     0    3.36    1629     662    2291     662     4.8    1629     662    2291     662     4.8
perfect-square 1 8     0    1.10     517     204     721     204     5.0     517     204     721     204     5.0
perfect-square 1 8     0    4.25    1944     753    2697     753     5.0    1944     753    2697     753     5.0
perfect-square 1 8     0    0.24     108      45     153      45     5.2     108      45     153      45     5.2
perfect-square 1 8     0    1.44     675     264     939     264     5.3     675     264     939     264     5.3
perfect-square 1 8     0    0.90     382     131     513     131     4.6     382     131     513     131     4.6
perfect-square 1 8     0    1.99     929     381    1310     381     5.1     929     381    1310     381     5.1
perfect-square 1 8     0    0.09      52      18      70      18     5.2      52      18      70      18     5.2
perfect-square 1 8     0    5.44    2551     970    3521     970     4.3    2551     970    3521     970     4.3
perfect-square 1 8     0    2.16    1091     458    1549     458     5.1    1091     458    1549     458     5.1
perfect-square 1 8     0    1.44     632     233     865     233     4.7     632     233     865     233     4.7
perfect-square 1 8     0    2.39    1078     406    1484     406     5.0    1078     406    1484     406     5.0
perfect-square 1 8     0    0.10      56      20      76      20     5.2      56      20      76      20     5.2
perfect-square 1 8     0    1.61     735     282    1017     282     4.4     735     282    1017     282     4.4
perfect-square 1 8     0    1.04     473     180     653     180     4.5     473     180     653     180     4.5
perfect-square 1 8     0    3.00    1518     669    2187     669     4.9    1518     669    2187     669     4.9
perfect-square 1 8     0    1.67     752     287    1039     287     4.6     752     287    1039     287     4.6
perfect-square 1 8     0    1.98     874     319    1193     319     4.2     874     319    1193     319     4.2
perfect-square 1 8     0    1.42     620     229     849     229     4.2     620     229     849     229     4.2
perfect-square 1 8     0    3.35    1574     642    2216     642     4.6    1574     642    2216     642     4.6
perfect-square 1 8     0    2.51    1223     503    1726     503     4.9    1223     503    1726     503     4.9
perfect-square 1 8     0    0.31     133      43     176      43     4.9     133      43     176      43     4.9
perfect-square 1 16     0    0.04      11       0      11       0     1.0      11       0      11       0     1.0
perfect-square 1 16     0    1.21     540     215     755     215     5.3     540     215     755     215     5.3
perfect-square 1 16     0    1.54     743     296    1039     296     4.6     743     296    1039     296     4.6
perfect-square 1 16     0    0.31     132      48     180      48     3.4     132      48     180      48     3.4
perfect-square 1 16     0    0.58     267     102     369     102     4.2     267     102     369     102     4.2
perfect-square 1 16     0    4.66    2219     913    3132     913     4.5    2219     913    3132     913     4.5
perfect-square 1 16     0    0.33     134      46     180      46     3.6     134      46     180      46     3.6
perfect-square 1 16     0    2.08     934     348    1282     348     5.0     934     348    1282     348     5.0
perfect-square 1 16     0    0.26     126      55     181      55     5.6     126      55     181      55     5.6
perfect-square 1 16     0    0.86     455     195     650     195     3.9     455     195     650     195     3.9
perfect-square 1 16     0    1.50     737     293    1030     293     5.2     737     293    1030     293     5.2
perfect-square 1 16     0    5.86    2677    1043    3720    1043     5.1    2677    1043    3720    1043     5.1
perfect-square 1 16     0    0.16      67      21      88      21     3.8      67      21      88      21     3.8
perfect-square 1 16     0    0.94     474     194     668     194     3.8     474     194     668     194     3.8
perfect-square 1 16     0    0.39     155      44     199      44     2.6     155      44     199      44     2.6
perfect-square 1 16     0    0.52     313     154     467     154     7.4     313     154     467     154     7.4
perfect-square 1 16     0    0.39     188      70     258      70     5.6     188      70     258      70     5.6
perfect-square 1 16     0    0.10      52      18      70      18     5.2      52      18      70      18     5.2
perfect-square 1 16     0    2.08     934     348    1282     348     5.0     934     348    1282     348     5.0
perfect-square 1 16     0    0.55     300     152     452     152     6.9     300     152     452     152     6.9
perfect-square 1 16     0    0.41     157      50     207      50     2.9     157      50     207      50     2.9
perfect-square 1 16     0    0.12      63      30      93      30     3.3      63      30      93      30     3.3
perfect-square 1 16     0    1.65     823     330    1153     330     4.3     823     330    1153     330     4.3
perfect-square 1 16     0    1.37     626     243     869     243     4.0     626     243     869     243     4.0
perfect-square 1 16     0    0.57     237      87     324      87     5.0     237      87     324      87     5.0
perfect-square 1 16     0    0.63     286     113     399     113     5.4     286     113     399     113     5.4
perfect-square 1 16     0    0.55     286     132     418     132     5.3     286     132     418     132     5.3
perfect-square 1 16     0    2.50    1193     481    1674     481     5.0    1193     481    1674     481     5.0
perfect-square 1 16     0    0.47     202      70     272      70     4.7     202      70     272      70     4.7
perfect-square 1 16     0    0.70     322     126     448     126     4.1     322     126     448     126     4.1
perfect-square 2 1     0   50.65   10690    4993   15683    4993     6.9   10690    4993   15683    4993     6.9
perfect-square 2 1     0    6.43    1349     617    1966     617     5.7    1349     617    1966     617     5.7
perfect-square 2 1     0   65.06   13954    6605   20559    6605     6.9   13954    6605   20559    6605     6.9
perfect-square 2 1     0   47.36    9536    4261   13797    4261     6.4    9536    4261   13797    4261     6.4
perfect-square 2 1     0   59.96   12807    5980   18787    5980     6.7   12807    5980   18787    5980     6.7
perfect-square 2 1     0    3.24     568     218     786     218     4.7     568     218     786     218     4.7
perfect-square 2 1     0   31.21    6460    2894    9354    2894     6.3    6460    2894    9354    2894     6.3
perfect-square 2 1     0   62.34   13251    6208   19459    6208     6.8   13251    6208   19459    6208     6.8
perfect-square 2 1     0   85.87   18103    8426   26529    8426     6.7   18103    8426   26529    8426     6.7
perfect-square 2 1     0    8.20    1698     767    2465     767     6.8    1698     767    2465     767     6.8
perfect-square 2 1     0   15.79    3372    1572    4944    1572     6.7    3372    1572    4944    1572     6.7
perfect-square 2 1     0   14.60    3096    1446    4542    1446     7.1    3096    1446    4542    1446     7.1
perfect-square 2 1     0   26.77    5862    2829    8691    2829     7.2    5862    2829    8691    2829     7.2
perfect-square 2 1     0   12.94    2959    1499    4458    1499     6.8    2959    1499    4458    1499     6.8
perfect-square 2 1     0   14.05    2674    1149    3823    1149     6.6    2674    1149    3823    1149     6.6
perfect-square 2 1     0   29.03    5952    2724    8676    2724     6.5    5952    2724    8676    2724     6.5
perfect-square 2 1     0   39.41    8266    3875   12141    3875     6.9    8266    3875   12141    3875     6.9
perfect-square 2 1     0    6.39    1241     540    1781     540     6.0    1241     540    1781     540     6.0
perfect-square 2 1     0   35.44    6912    2954    9866    2954     6.0    6912    2954    9866    2954     6.0
perfect-square 2 1     0    9.33    2381    1263    3644    1263     7.9    2381    1263    3644    1263     7.9
perfect-square 2 1     0   75.40   15701    7243   22944    7243     6.5   15701    7243   22944    7243     6.5
perfect-square 2 1     0    8.12    1707     784    2491     784     6.4    1707     784    2491     784     6.4
perfect-square 2 1     0   16.14    3499    1708    5207    1708     7.1    3499    1708    5207    1708     7.1
perfect-square 2 1     0   55.38   11624    5371   16995    5371     6.6   11624    5371   16995    5371     6.6
perfect-square 2 1     0   74.83   15911    7361   23272    7361     6.6   15911    7361   23272    7361     6.6
perfect-square 2 1     0   51.36   10799    4989   15788    4989     6.8   10799    4989   15788    4989     6.8
perfect-square 2 1     0    5.87    1308     592    1900     592     6.6    1308     592    1900     592     6.6
perfect-square 2 1     0   51.40   10313    4569   14882    4569     6.3   10313    4569   14882    4569     6.3
perfect-square 2 1     0    3.15     770     401    1171     401     7.9     770     401    1171     401     7.9
perfect-square 2 1     0   19.32    4300    2096    6396    2096     6.7    4300    2096    6396    2096     6.7
perfect-square 2 2     0   81.48   17454    8182   25636    8182     7.0   17454    8182   25636    8182     7.0
perfect-square 2 2     0   16.29    3671    1825    5496    1825     7.0    3671    1825    5496    1825     7.0
perfect-square 2 2     0   12.33    2689    1296    3985    1296     6.1    2689    1296    3985    1296     6.1
perfect-square 2 2     0   29.57    5708    2460    8168    2460     6.0    5708    2460    8168    2460     6.0
perfect-square 2 2     0   23.14    4543    1978    6521    1978     6.0    4543    1978    6521    1978     6.0
perfect-square 2 2     0   14.56    2803    1196    3999    1196     6.1    2803    1196    3999    1196     6.1
perfect-square 2 2     0   11.19    2506    1230    3736    1230     6.7    2506    1230    3736    1230     6.7
perfect-square 2 2     0   10.62    2343    1135    3478    1135     7.2    2343    1135    3478    1135     7.2
perfect-square 2 2     0   28.68    6177    2943    9120    2943     6.7    6177    2943    9120    2943     6.7
perfect-square 2 2     0   14.57    2980    1358    4338    1358     6.5    2980    1358    4338    1358     6.5
perfect-square 2 2     0   45.15    8985    3961   12946    3961     6.6    8985    3961   12946    3961     6.6
perfect-square 2 2     0   11.08    2489    1215    3704    1215     6.9    2489    1215    3704    1215     6.9
perfect-square 2 2     0   12.49    2226     884    3110     884     6.3    2226     884    3110     884     6.3
perfect-square 2 2     0    0.70     178      86     264      86     7.4     178      86     264      86     7.4
perfect-square 2 2     0   31.82    6670    3098    9768    3098     6.8    6670    3098    9768    3098     6.8
perfect-square 2 2     0    4.37    1027     516    1543     516     7.4    1027     516    1543     516     7.4
perfect-square 2 2     0    5.30    1037     436    1473     436     5.8    1037     436    1473     436     5.8
perfect-square 2 2     0   18.54    4252    2116    6368    2116     7.3    4252    2116    6368    2116     7.3
perfect-square 2 2     0   34.99    6837    2978    9815    2978     6.3    6837    2978    9815    2978     6.3
perfect-square 2 2     0   18.39    4075    2021    6096    2021     7.6    4075    2021    6096    2021     7.6
perfect-square 2 2     0    5.19    1215     619    1834     619     7.8    1215     619    1834     619     7.8
perfect-square 2 2     0   44.19    9272    4278   13550    4278     6.4    9272    4278   13550    4278     6.4
perfect-square 2 2     0    7.42    1573     752    2325     752     6.8    1573     752    2325     752     6.8
perfect-square 2 2     0   20.18    4314    2035    6349    2035     6.5    4314    2035    6349    2035     6.5
perfect-square 2 2     0   20.57    4208    1864    6072    1864     6.3    4208    1864    6072    1864     6.3
perfect-square 2 2     0   20.63    4389    2064    6453    2064     6.3    4389    2064    6453    2064     6.3
perfect-square 2 2     0   23.09    4990    2332    7322    2332     6.8    4990    2332    7322    2332     6.8
perfect-square 2 2     0    8.84    1820     832    2652     832     6.3    1820     832    2652     832     6.3
perfect-square 2 2     0   25.30    4908    2066    6974    2066     5.9    4908    2066    6974    2066     5.9
perfect-square 2 2     0    6.75    1205     468    1673     468     5.7    1205     468    1673     468     5.7
perfect-square 2 4     0   15.63    3124    1385    4509    1385     6.2    3124    1385    4509    1385     6.2
perfect-square 2 4     0   13.98    2531    1004    3535    1004     5.8    2531    1004    3535    1004     5.8
perfect-square 2 4     0    5.91    1163     487    1650     487     6.1    1163     487    1650     487     6.1
perfect-square 2 4     0   29.85    6286    2941    9227    2941     6.8    6286    2941    9227    2941     6.8
perfect-square 2 4     0    2.61     575     268     843     268     6.6     575     268     843     268     6.6
perfect-square 2 4     0    0.94     184      72     256      72     5.3     184      72     256      72     5.3
perfect-square 2 4     0    4.88     876     338    1214     338     4.9     876     338    1214     338     4.9
perfect-square 2 4     0    6.64    1358     613    1971     613     6.1    1358     613    1971     613     6.1
perfect-square 2 4     0   12.55    2558    1114    3672    1114     6.5    2558    1114    3672    1114     6.5
perfect-square 2 4     0    0.65     107      35     142      35     4.0     107      35     142      35     4.0
perfect-square 2 4     0    2.74     541     235     776     235     6.2     541     235     776     235     6.2
perfect-square 2 4     0   11.11    2142     942    3084     942     6.7    2142     942    3084     942     6.7
perfect-square 2 4     0    3.43     705     310    1015     310     7.2     705     310    1015     310     7.2
perfect-square 2 4     0   11.83    2550    1197    3747    1197     6.5    2550    1197    3747    1197     6.5
perfect-square 2 4     0   12.62    2405     980    3385     980     6.3    2405     980    3385     980     6.3
perfect-square 2 4     0    1.54     295     130     425     130     4.6     295     130     425     130     4.6
perfect-square 2 4     0    4.93    1025     479    1504     479     6.4    1025     479    1504     479     6.4
perfect-square 2 4     0    4.25     915     404    1319     404     6.7     915     404    1319     404     6.7
perfect-square 2 4     0    9.38    1872     802    2674     802     6.4    1872     802    2674     802     6.4
perfect-square 2 4     0    0.65     106      27     133      27     5.1     106      27     133      27     5.1
perfect-square 2 4     0    2.43     399     136     535     136     5.2     399     136     535     136     5.2
perfect-square 2 4     0    4.97     977     435    1412     435     6.7     977     435    1412     435     6.7
perfect-square 2 4     0    4.01     890     419    1309     419     6.7     890     419    1309     419     6.7
perfect-square 2 4     0    3.44     691     310    1001     310     6.8     691     310    1001     310     6.8
perfect-square 2 4     0    2.94     553     231     784     231     5.3     553     231     784     231     5.3
perfect-square 2 4     0    3.94     784     338    1122     338     5.0     784     338    1122     338     5.0
perfect-square 2 4     0    5.42    1075     469    1544     469     7.1    1075     469    1544     469     7.1
perfect-square 2 4     0    3.10     743     378    1121     378     7.3     743     378    1121     378     7.3
perfect-square 2 4     0    0.55     135      68     203      68     8.1     135      68     203      68     8.1
perfect-square 2 4     0   39.09    8137    3736   11873    3736     6.7    8137    3736   11873    3736     6.7
perfect-square 2 8     0   13.72    2722    1213    3935    1213     5.8    2722    1213    3935    1213     5.8
perfect-square 2 8     0    3.00     538     203     741     203     6.3     538     203     741     203     6.3
perfect-square 2 8     0    6.28    1248     551    1799     551     6.4    1248     551    1799     551     6.4
perfect-square 2 8     0    5.93    1116     493    1609     493     6.8    1116     493    1609     493     6.8
perfect-square 2 8     0    8.35    1656     717    2373     717     5.9    1656     717    2373     717     5.9
perfect-square 2 8     0    8.86    1814     815    2629     815     7.0    1814     815    2629     815     7.0
perfect-square 2 8     0    6.00    1335     662    1997     662     7.0    1335     662    1997     662     7.0
perfect-square 2 8     0    0.54     105      42     147      42     7.3     105      42     147      42     7.3
perfect-square 2 8     0    7.54    1669     821    2490     821     6.9    1669     821    2490     821     6.9
perfect-square 2 8     0    0.76     165      68     233      68     6.8     165      68     233      68     6.8
perfect-square 2 8     0    0.26      47      13      60      13     4.4      47      13      60      13     4.4
perfect-square 2 8     0    0.30      70      30     100      30     6.4      70      30     100      30     6.4
perfect-square 2 8     0    8.41    1926     937    2863     937     6.6    1926     937    2863     937     6.6
perfect-square 2 8     0    4.69    1082     535    1617     535     7.1    1082     535    1617     535     7.1
perfect-square 2 8     0    5.46    1273     627    1900     627     8.0    1273     627    1900     627     8.0
perfect-square 2 8     0   11.59    2422    1143    3565    1143     7.1    2422    1143    3565    1143     7.1
perfect-square 2 8     0    0.51      98      39     137      39     5.1      98      39     137      39     5.1
perfect-square 2 8     0    2.10     442     187     629     187     4.4     442     187     629     187     4.4
perfect-square 2 8     0    0.64     152      77     229      77     8.6     152      77     229      77     8.6
perfect-square 2 8     0    4.52     882     378    1260     378     6.4     882     378    1260     378     6.4
perfect-square 2 8     0    2.37     450     178     628     178     6.3     450     178     628     178     6.3
perfect-square 2 8     0    1.78     410     209     619     209     6.4     410     209     619     209     6.4
perfect-square 2 8     0    2.16     361     134     495     134     5.7     361     134     495     134     5.7
perfect-square 2 8     0    4.06     867     397    1264     397     6.6     867     397    1264     397     6.6
perfect-square 2 8     0   12.10    2443    1072    3515    1072     6.0    2443    1072    3515    1072     6.0
perfect-square 2 8     0    0.56     130      64     194      64     8.2     130      64     194      64     8.2
perfect-square 2 8     0   20.24    4187    1888    6075    1888     6.5    4187    1888    6075    1888     6.5
perfect-square 2 8     0    0.57     107      44     151      44     5.8     107      44     151      44     5.8
perfect-square 2 8     0    2.69     694     365    1059     365     7.2     694     365    1059     365     7.2
perfect-square 2 8     0    1.82     295      95     390      95     5.6     295      95     390      95     5.6
perfect-square 2 16     0    0.57     138      67     205      67     7.3     138      67     205      67     7.3
perfect-square 2 16     0    3.74     797     375    1172     375     7.0     797     375    1172     375     7.0
perfect-square 2 16     0    1.22     188      51     239      51     4.7     188      51     239      51     4.7
perfect-square 2 16     0    0.30      54      16      70      16     5.3      54      16      70      16     5.3
perfect-square 2 16     0    1.94     354     144     498     144     3.9     354     144     498     144     3.9
perfect-square 2 16     0    1.28     225      85     310      85     6.0     225      85     310      85     6.0
perfect-square 2 16     0    5.69    1161     496    1657     496     5.9    1161     496    1657     496     5.9
perfect-square 2 16     0    1.08     204      84     288      84     4.2     204      84     288      84     4.2
perfect-square 2 16     0    1.92     377     156     533     156     5.9     377     156     533     156     5.9
perfect-square 2 16     0    2.26     441     186     627     186     6.2     441     186     627     186     6.2
perfect-square 2 16     0    0.63     136      61     197      61     7.8     136      61     197      61     7.8
perfect-square 2 16     0    1.63     305     117     422     117     5.1     305     117     422     117     5.1
perfect-square 2 16     0    0.61      93      28     121      28     3.3      93      28     121      28     3.3
perfect-square 2 16     0    3.09     750     383    1133     383     7.4     750     383    1133     383     7.4
perfect-square 2 16     0    1.50     307     130     437     130     7.0     307     130     437     130     7.0
perfect-square 2 16     0    0.33      68      26      94      26     6.0      68      26      94      26     6.0
perfect-square 2 16     0    5.70    1204     559    1763     559     6.6    1204     559    1763     559     6.6
perfect-square 2 16     0    0.94     238     118     356     118     7.0     238     118     356     118     7.0
perfect-square 2 16     0    4.87    1005     445    1450     445     6.4    1005     445    1450     445     6.4
perfect-square 2 16     0    4.30     889     396    1285     396     5.9     889     396    1285     396     5.9
perfect-square 2 16     0    0.65     149      77     226      77     7.6     149      77     226      77     7.6
perfect-square 2 16     0    0.91     165      62     227      62     3.5     165      62     227      62     3.5
perfect-square 2 16     0    1.52     252      87     339      87     6.8     252      87     339      87     6.8
perfect-square 2 16     0    0.24      47      18      65      18     6.3      47      18      65      18     6.3
perfect-square 2 16     0    2.30     446     188     634     188     5.8     446     188     634     188     5.8
perfect-square 2 16     0    3.67     812     387    1199     387     6.7     812     387    1199     387     6.7
perfect-square 2 16     0    9.51    2020     943    2963     943     7.0    2020     943    2963     943     7.0
perfect-square 2 16     0    1.93     382     165     547     165     4.9     382     165     547     165     4.9
perfect-square 2 16     0    1.45     314     137     451     137     4.7     314     137     451     137     4.7
perfect-square 2 16     0    0.29      63      26      89      26     6.7      63      26      89      26     6.7
perfect-square 3 1     0    1.32     211     109     320     109     4.4     211     109     320     109     4.4
perfect-square 3 1     0   54.37    7459    3532   10991    3532     4.3    7459    3532   10991    3532     4.3
perfect-square 3 1     0   44.69    6379    3060    9439    3060     4.1    6379    3060    9439    3060     4.1
perfect-square 3 1     0   69.62    9608    4546   14154    4546     4.0    9608    4546   14154    4546     4.0
perfect-square 3 1     0  132.21   18641    8902   27543    8902     4.0   18641    8902   27543    8902     4.0
perfect-square 3 1     0  171.91   25410   12700   38110   12700     3.9   25410   12700   38110   12700     3.9
perfect-square 3 1     0  118.84   17592    8867   26459    8867     4.1   17592    8867   26459    8867     4.1
perfect-square 3 1     0  118.43   16814    8213   25027    8213     4.2   16814    8213   25027    8213     4.2
perfect-square 3 1     0   30.64    4553    2293    6846    2293     3.3    4553    2293    6846    2293     3.3
perfect-square 3 1     0  170.76   24536   12213   36749   12213     4.0   24536   12213   36749   12213     4.0
perfect-square 3 1     0   20.92    2959    1448    4407    1448     4.2    2959    1448    4407    1448     4.2
perfect-square 3 1     0    3.17     445     226     671     226     4.5     445     226     671     226     4.5
perfect-square 3 1     0   88.23   12229    5870   18099    5870     4.1   12229    5870   18099    5870     4.1
perfect-square 3 1     0   37.68    5479    2741    8220    2741     3.4    5479    2741    8220    2741     3.4
perfect-square 3 1     0   15.65    2201    1031    3232    1031     3.8    2201    1031    3232    1031     3.8
perfect-square 3 1     0   26.10    3712    1825    5537    1825     4.2    3712    1825    5537    1825     4.2
perfect-square 3 1     0   56.23    7943    3830   11773    3830     4.0    7943    3830   11773    3830     4.0
perfect-square 3 1     0  103.77   15435    7698   23133    7698     3.8   15435    7698   23133    7698     3.8
perfect-square 3 1     0    7.59    1203     641    1844     641     3.2    1203     641    1844     641     3.2
perfect-square 3 1     0   88.03   12462    6095   18557    6095     4.2   12462    6095   18557    6095     4.2
perfect-square 3 1     0   50.41    7024    3413   10437    3413     4.8    7024    3413   10437    3413     4.8
perfect-square 3 1     0   81.23   11567    5740   17307    5740     4.3   11567    5740   17307    5740     4.3
perfect-square 3 1     0   11.83    1739     862    2601     862     3.4    1739     862    2601     862     3.4
perfect-square 3 1     0   19.63    2946    1474    4420    1474     3.4    2946    1474    4420    1474     3.4
perfect-square 3 1     0   18.81    2930    1533    4463    1533     3.5    2930    1533    4463    1533     3.5
perfect-square 3 1     0   58.74    8649    4386   13035    4386     3.9    8649    4386   13035    4386     3.9
perfect-square 3 1     0   17.82    2654    1313    3967    1313     3.7    2654    1313    3967    1313     3.7
perfect-square 3 1     0   51.19    7027    3318   10345    3318     4.1    7027    3318   10345    3318     4.1
perfect-square 3 1     0   95.63   13587    6646   20233    6646     3.8   13587    6646   20233    6646     3.8
perfect-square 3 1     0   53.02    7526    3627   11153    3627     3.9    7526    3627   11153    3627     3.9
perfect-square 3 2     0  144.62   21153   10575   31728   10575     4.0   21153   10575   31728   10575     4.0
perfect-square 3 2     0   56.53    8551    4338   12889    4338     3.9    8551    4338   12889    4338     3.9
perfect-square 3 2     0   47.11    7003    3548   10551    3548     3.7    7003    3548   10551    3548     3.7
perfect-square 3 2     0   19.06    2797    1398    4195    1398     4.7    2797    1398    4195    1398     4.7
perfect-square 3 2     0    3.21     587     331     918     331     2.7     587     331     918     331     2.7
perfect-square 3 2     0    6.81     950     442    1392     442     3.9     950     442    1392     442     3.9
perfect-square 3 2     0  129.51   19304    9747   29051    9747     4.2   19304    9747   29051    9747     4.2
perfect-square 3 2     0   40.50    5481    2589    8070    2589     4.1    5481    2589    8070    2589     4.1
perfect-square 3 2     0   16.56    2493    1264    3757    1264     4.1    2493    1264    3757    1264     4.1
perfect-square 3 2     0    3.42     525     279     804     279     5.2     525     279     804     279     5.2
perfect-square 3 2     0   95.47   12925    6120   19045    6120     4.1   12925    6120   19045    6120     4.1
perfect-square 3 2     0   52.63    7718    3848   11566    3848     3.8    7718    3848   11566    3848     3.8
perfect-square 3 2     0    9.26    1406     687    2093     687     4.2    1406     687    2093     687     4.2
perfect-square 3 2     0   15.29    2182    1065    3247    1065     4.2    2182    1065    3247    1065     4.2
perfect-square 3 2     0   10.24    1453     714    2167     714     4.9    1453     714    2167     714     4.9
perfect-square 3 2     0    3.96     591     287     878     287     3.3     591     287     878     287     3.3
perfect-square 3 2     0   34.15    4929    2479    7408    2479     4.5    4929    2479    7408    2479     4.5
perfect-square 3 2     0   52.07    7506    3652   11158    3652     4.3    7506    3652   11158    3652     4.3
perfect-square 3 2     0   43.84    5985    2801    8786    2801     4.5    5985    2801    8786    2801     4.5
perfect-square 3 2     0    5.05     838     460    1298     460     3.9     838     460    1298     460     3.9
perfect-square 3 2     0   45.10    6878    3568   10446    3568     4.0    6878    3568   10446    3568     4.0
perfect-square 3 2     0   20.10    2836    1344    4180    1344     4.3    2836    1344    4180    1344     4.3
perfect-square 3 2     0    3.71     581     294     875     294     3.8     581     294     875     294     3.8
perfect-square 3 2     0   11.64    1682     825    2507     825     3.7    1682     825    2507     825     3.7
perfect-square 3 2     0   88.20   11915    5611   17526    5611     4.0   11915    5611   17526    5611     4.0
perfect-square 3 2     0   20.73    3025    1459    4484    1459     3.6    3025    1459    4484    1459     3.6
perfect-square 3 2     0   11.62    1637     792    2429     792     3.7    1637     792    2429     792     3.7
perfect-square 3 2     0   69.60   10017    4981   14998    4981     4.1   10017    4981   14998    4981     4.1
perfect-square 3 2     0   37.21    5240    2538    7778    2538     3.6    5240    2538    7778    2538     3.6
perfect-square 3 2     0   42.33    6245    3179    9424    3179     4.1    6245    3179    9424    3179     4.1
perfect-square 3 4     0    8.14    1107     523    1630     523     4.2    1107     523    1630     523     4.2
perfect-square 3 4     0   24.23    3480    1682    5162    1682     4.3    3480    1682    5162    1682     4.3
perfect-square 3 4     0    7.44    1047     494    1541     494     4.0    1047     494    1541     494     4.0
perfect-square 3 4     0   13.15    2102    1108    3210    1108     3.6    2102    1108    3210    1108     3.6
perfect-square 3 4     0   58.16    8073    3869   11942    3869     4.3    8073    3869   11942    3869     4.3
perfect-square 3 4     0   34.23    5207    2640    7847    2640     3.8    5207    2640    7847    2640     3.8
perfect-square 3 4     0    9.77    1408     689    2097     689     4.1    1408     689    2097     689     4.1
perfect-square 3 4     0   19.03    2640    1287    3927    1287     4.2    2640    1287    3927    1287     4.2
perfect-square 3 4     0   33.46    5133    2646    7779    2646     3.8    5133    2646    7779    2646     3.8
perfect-square 3 4     0    5.23     774     372    1146     372     4.9     774     372    1146     372     4.9
perfect-square 3 4     0   40.80    5914    2927    8841    2927     4.4    5914    2927    8841    2927     4.4
perfect-square 3 4     0    2.29     352     173     525     173     2.8     352     173     525     173     2.8
perfect-square 3 4     0    7.26    1015     504    1519     504     3.4    1015     504    1519     504     3.4
perfect-square 3 4     0   69.65   10231    5135   15366    5135     3.7   10231    5135   15366    5135     3.7
perfect-square 3 4     0    3.40     528     287     815     287     4.9     528     287     815     287     4.9
perfect-square 3 4     0   30.15    4594    2398    6992    2398     4.1    4594    2398    6992    2398     4.1
perfect-square 3 4     0   18.02    2708    1380    4088    1380     3.6    2708    1380    4088    1380     3.6
perfect-square 3 4     0   12.55    1843     908    2751     908     4.2    1843     908    2751     908     4.2
perfect-square 3 4     0    5.05     902     493    1395     493     3.3     902     493    1395     493     3.3
perfect-square 3 4     0    8.88    1333     687    2020     687     2.8    1333     687    2020     687     2.8
perfect-square 3 4     0   28.46    4109    2025    6134    2025     4.7    4109    2025    6134    2025     4.7
perfect-square 3 4     0   26.44    3744    1832    5576    1832     4.2    3744    1832    5576    1832     4.2
perfect-square 3 4     0    1.34     205      98     303      98     4.6     205      98     303      98     4.6
perfect-square 3 4     0    6.34     865     405    1270     405     3.2     865     405    1270     405     3.2
perfect-square 3 4     0   10.57    1562     773    2335     773     2.5    1562     773    2335     773     2.5
perfect-square 3 4     0    8.83    1116     491    1607     491     4.6    1116     491    1607     491     4.6
perfect-square 3 4     0   29.14    4208    2055    6263    2055     3.9    4208    2055    6263    2055     3.9
perfect-square 3 4     0    7.53    1120     560    1680     560     4.2    1120     560    1680     560     4.2
perfect-square 3 4     0   15.55    2335    1224    3559    1224     4.1    2335    1224    3559    1224     4.1
perfect-square 3 4     0   17.27    2271    1053    3324    1053     4.7    2271    1053    3324    1053     4.7
perfect-square 3 8     0    1.30     137      45     182      45     4.2     137      45     182      45     4.2
perfect-square 3 8     0    2.29     401     217     618     217     3.9     401     217     618     217     3.9
perfect-square 3 8     0    1.89     266     120     386     120     3.7     266     120     386     120     3.7
perfect-square 3 8     0   21.36    3304    1688    4992    1688     3.9    3304    1688    4992    1688     3.9
perfect-square 3 8     0    8.12    1193     569    1762     569     3.7    1193     569    1762     569     3.7
perfect-square 3 8     0   13.55    1936     951    2887     951     4.0    1936     951    2887     951     4.0
perfect-square 3 8     0    1.35     210     103     313     103     2.7     210     103     313     103     2.7
perfect-square 3 8     0    1.56     219     103     322     103     4.7     219     103     322     103     4.7
perfect-square 3 8     0   18.64    2719    1379    4098    1379     3.8    2719    1379    4098    1379     3.8
perfect-square 3 8     0    2.44     334     155     489     155     5.2     334     155     489     155     5.2
perfect-square 3 8     0    8.92    1254     588    1842     588     3.9    1254     588    1842     588     3.9
perfect-square 3 8     0    3.15     333     112     445     112     3.8     333     112     445     112     3.8
perfect-square 3 8     0    3.40     544     271     815     271     4.3     544     271     815     271     4.3
perfect-square 3 8     0   17.80    2583    1267    3850    1267     4.2    2583    1267    3850    1267     4.2
perfect-square 3 8     0    0.59      85      39     124      39     2.1      85      39     124      39     2.1
perfect-square 3 8     0   11.04    1337     544    1881     544     4.7    1337     544    1881     544     4.7
perfect-square 3 8     0   18.23    2714    1362    4076    1362     4.0    2714    1362    4076    1362     4.0
perfect-square 3 8     0   14.11    1828     796    2624     796     4.8    1828     796    2624     796     4.8
perfect-square 3 8     0    9.07    1296     654    1950     654     3.7    1296     654    1950     654     3.7
perfect-square 3 8     0   27.74    4248    2185    6433    2185     3.8    4248    2185    6433    2185     3.8
perfect-square 3 8     0    1.68     211      92     303      92     5.1     211      92     303      92     5.1
perfect-square 3 8     0   10.60    1537     735    2272     735     3.4    1537     735    2272     735     3.4
perfect-square 3 8     0    2.19     340     165     505     165     4.9     340     165     505     165     4.9
perfect-square 3 8     0    6.74    1095     566    1661     566     4.0    1095     566    1661     566     4.0
perfect-square 3 8     0    3.42     590     324     914     324     4.2     590     324     914     324     4.2
perfect-square 3 8     0    9.19    1311     658    1969     658     3.8    1311     658    1969     658     3.8
perfect-square 3 8     0    4.12     562     242     804     242     3.5     562     242     804     242     3.5
perfect-square 3 8     0    0.69      90      36     126      36     4.3      90      36     126      36     4.3
perfect-square 3 8     0    1.67     209      81     290      81     4.4     209      81     290      81     4.4
perfect-square 3 8     0    3.77     633     354     987     354     4.1     633     354     987     354     4.1
perfect-square 3 16     0   10.79    1632     826    2458     826     3.6    1632     826    2458     826     3.6
perfect-square 3 16     0    2.61     327     124     451     124     3.3     327     124     451     124     3.3
perfect-square 3 16     0    2.63     426     219     645     219     3.7     426     219     645     219     3.7
perfect-square 3 16     0    1.91     292     152     444     152     4.1     292     152     444     152     4.1
perfect-square 3 16     0    2.66     335     136     471     136     3.8     335     136     471     136     3.8
perfect-square 3 16     0    1.79     279     135     414     135     3.3     279     135     414     135     3.3
perfect-square 3 16     0    0.32      35       7      42       7     2.9      35       7      42       7     2.9
perfect-square 3 16     0    6.74     864     386    1250     386     5.0     864     386    1250     386     5.0
perfect-square 3 16     0    1.39     217      99     316      99     3.6     217      99     316      99     3.6
perfect-square 3 16     0    1.04     170      79     249      79     2.6     170      79     249      79     2.6
perfect-square 3 16     0    3.66     496     232     728     232     3.7     496     232     728     232     3.7
perfect-square 3 16     0    2.29     310     138     448     138     4.1     310     138     448     138     4.1
perfect-square 3 16     0    2.66     471     249     720     249     3.4     471     249     720     249     3.4
perfect-square 3 16     0    2.69     392     197     589     197     2.3     392     197     589     197     2.3
perfect-square 3 16     0    1.80     236     104     340     104     3.2     236     104     340     104     3.2
perfect-square 3 16     0    4.99     702     339    1041     339     4.2     702     339    1041     339     4.2
perfect-square 3 16     0    8.83    1306     651    1957     651     4.2    1306     651    1957     651     4.2
perfect-square 3 16     0    3.66     579     291     870     291     3.8     579     291     870     291     3.8
perfect-square 3 16     0    1.73     226      90     316      90     4.7     226      90     316      90     4.7
perfect-square 3 16     0    2.16     377     209     586     209     4.7     377     209     586     209     4.7
perfect-square 3 16     0    3.54     518     243     761     243     4.4     518     243     761     243     4.4
perfect-square 3 16     0    8.01    1267     681    1948     681     3.1    1267     681    1948     681     3.1
perfect-square 3 16     0    1.20     133      46     179      46     2.7     133      46     179      46     2.7
perfect-square 3 16     0    3.08     499     264     763     264     4.8     499     264     763     264     4.8
perfect-square 3 16     0    3.94     504     217     721     217     4.4     504     217     721     217     4.4
perfect-square 3 16     0    1.50     219      94     313      94     3.5     219      94     313      94     3.5
perfect-square 3 16     0    6.22     800     350    1150     350     3.8     800     350    1150     350     3.8
perfect-square 3 16     0    8.10    1169     559    1728     559     3.8    1169     559    1728     559     3.8
perfect-square 3 16     0    1.54     233     108     341     108     3.2     233     108     341     108     3.2
perfect-square 3 16     0    1.69     241     112     353     112     3.7     241     112     353     112     3.7
perfect-square 4 1     0  112.35   11988    6241   18229    6241     4.4   11988    6241   18229    6241     4.4
perfect-square 4 1     0  130.45   13683    7012   20695    7012     4.4   13683    7012   20695    7012     4.4
perfect-square 4 1     0   18.52    1894     959    2853     959     5.1    1894     959    2853     959     5.1
perfect-square 4 1     0   70.09    7224    3683   10907    3683     4.0    7224    3683   10907    3683     4.0
perfect-square 4 1     0   69.94    8072    4413   12485    4413     4.1    8072    4413   12485    4413     4.1
perfect-square 4 1     0   17.17    1732     874    2606     874     4.3    1732     874    2606     874     4.3
perfect-square 4 1     0    3.79     402     203     605     203     6.0     402     203     605     203     6.0
perfect-square 4 1     0   91.31    8824    4298   13122    4298     4.7    8824    4298   13122    4298     4.7
perfect-square 4 1     0  102.31   10935    5795   16730    5795     4.1   10935    5795   16730    5795     4.1
perfect-square 4 1     0   82.58    8053    3966   12019    3966     4.4    8053    3966   12019    3966     4.4
perfect-square 4 1     0   29.98    3173    1623    4796    1623     4.9    3173    1623    4796    1623     4.9
perfect-square 4 1     0  164.22   16745    8540   25285    8540     4.5   16745    8540   25285    8540     4.5
perfect-square 4 1     0    3.72     329     141     470     141     3.8     329     141     470     141     3.8
perfect-square 4 1     0   32.91    3222    1639    4861    1639     5.5    3222    1639    4861    1639     5.5
perfect-square 4 1     0   15.38    1524     756    2280     756     4.1    1524     756    2280     756     4.1
perfect-square 4 1     0   26.30    2658    1327    3985    1327     4.5    2658    1327    3985    1327     4.5
perfect-square 4 1     0   10.63     892     389    1281     389     3.9     892     389    1281     389     3.9
perfect-square 4 1     0    1.37     122      50     172      50     6.5     122      50     172      50     6.5
perfect-square 4 1     0   31.00    3316    1716    5032    1716     4.1    3316    1716    5032    1716     4.1
perfect-square 4 1     0  114.72   12659    6692   19351    6692     4.3   12659    6692   19351    6692     4.3
perfect-square 4 1     0   39.67    3955    1977    5932    1977     5.2    3955    1977    5932    1977     5.2
perfect-square 4 1     0   96.91   10203    5328   15531    5328     4.5   10203    5328   15531    5328     4.5
perfect-square 4 1     0   36.28    3831    1999    5830    1999     4.4    3831    1999    5830    1999     4.4
perfect-square 4 1     0   49.02    4883    2392    7275    2392     4.6    4883    2392    7275    2392     4.6
perfect-square 4 1     0   92.82    9989    5296   15285    5296     4.4    9989    5296   15285    5296     4.4
perfect-square 4 1     0    3.62     276      94     370      94     4.1     276      94     370      94     4.1
perfect-square 4 1     0  181.70   18897    9653   28550    9653     4.5   18897    9653   28550    9653     4.5
perfect-square 4 1     0   26.30    2658    1327    3985    1327     4.5    2658    1327    3985    1327     4.5
perfect-square 4 1     0   24.55    2497    1271    3768    1271     3.7    2497    1271    3768    1271     3.7
perfect-square 4 1     0  120.15   11875    5853   17728    5853     4.5   11875    5853   17728    5853     4.5
perfect-square 4 2     0   20.46    2078    1040    3118    1040     4.9    2078    1040    3118    1040     4.9
perfect-square 4 2     0   32.17    3344    1710    5054    1710     3.9    3344    1710    5054    1710     3.9
perfect-square 4 2     0   40.55    4030    2054    6084    2054     4.8    4030    2054    6084    2054     4.8
perfect-square 4 2     0    2.81     264     117     381     117     6.6     264     117     381     117     6.6
perfect-square 4 2     0  246.29   25150   12834   37984   12834     4.7   25150   12834   37984   12834     4.7
perfect-square 4 2     0  100.14   10437    5392   15829    5392     4.6   10437    5392   15829    5392     4.6
perfect-square 4 2     0    7.56     804     409    1213     409     4.3     804     409    1213     409     4.3
perfect-square 4 2     0   58.53    5997    2997    8994    2997     4.4    5997    2997    8994    2997     4.4
perfect-square 4 2     0   15.48    1619     824    2443     824     4.2    1619     824    2443     824     4.2
perfect-square 4 2     0   29.38    3053    1566    4619    1566     4.8    3053    1566    4619    1566     4.8
perfect-square 4 2     0    7.78     901     482    1383     482     5.1     901     482    1383     482     5.1
perfect-square 4 2     0    3.42     327     143     470     143     3.9     327     143     470     143     3.9
perfect-square 4 2     0   49.41    5445    2879    8324    2879     4.2    5445    2879    8324    2879     4.2
perfect-square 4 2     0    1.55     157      69     226      69     4.4     157      69     226      69     4.4
perfect-square 4 2     0   33.04    3282    1590    4872    1590     4.4    3282    1590    4872    1590     4.4
perfect-square 4 2     0   41.80    4286    2162    6448    2162     4.3    4286    2162    6448    2162     4.3
perfect-square 4 2     0   37.71    3418    1578    4996    1578     4.4    3418    1578    4996    1578     4.4
perfect-square 4 2     0   61.63    6215    3176    9391    3176     4.7    6215    3176    9391    3176     4.7
perfect-square 4 2     0   46.15    4902    2542    7444    2542     4.1    4902    2542    7444    2542     4.1
perfect-square 4 2     0    3.96     410     211     621     211     4.3     410     211     621     211     4.3
perfect-square 4 2     0    5.35     545     274     819     274     5.3     545     274     819     274     5.3
perfect-square 4 2     0    4.62     374     145     519     145     4.3     374     145     519     145     4.3
perfect-square 4 2     0    6.83     608     265     873     265     5.1     608     265     873     265     5.1
perfect-square 4 2     0   52.56    5692    2969    8661    2969     4.3    5692    2969    8661    2969     4.3
perfect-square 4 2     0   10.89    1154     589    1743     589     5.1    1154     589    1743     589     5.1
perfect-square 4 2     0    2.53     209      76     285      76     5.4     209      76     285      76     5.4
perfect-square 4 2     0   28.20    2800    1402    4202    1402     5.0    2800    1402    4202    1402     5.0
perfect-square 4 2     0   18.84    2123    1166    3289    1166     4.2    2123    1166    3289    1166     4.2
perfect-square 4 2     0   40.30    4357    2256    6613    2256     3.8    4357    2256    6613    2256     3.8
perfect-square 4 2     0   41.29    4330    2236    6566    2236     3.8    4330    2236    6566    2236     3.8
perfect-square 4 4     0   61.03    6491    3330    9821    3330     4.1    6491    3330    9821    3330     4.1
perfect-square 4 4     0   59.83    6450    3382    9832    3382     4.2    6450    3382    9832    3382     4.2
perfect-square 4 4     0    4.63     473     236     709     236     4.0     473     236     709     236     4.0
perfect-square 4 4     0    4.92     572     325     897     325     4.3     572     325     897     325     4.3
perfect-square 4 4     0   10.22    1116     536    1652     536     4.0    1116     536    1652     536     4.0
perfect-square 4 4     0   14.85    1494     749    2243     749     4.8    1494     749    2243     749     4.8
perfect-square 4 4     0   97.37   10139    5204   15343    5204     4.4   10139    5204   15343    5204     4.4
perfect-square 4 4     0   11.99    1361     717    2078     717     4.1    1361     717    2078     717     4.1
perfect-square 4 4     0    2.98     301     147     448     147     4.5     301     147     448     147     4.5
perfect-square 4 4     0   16.11    1596     778    2374     778     4.2    1596     778    2374     778     4.2
perfect-square 4 4     0    2.86     306     152     458     152     3.4     306     152     458     152     3.4
perfect-square 4 4     0   23.73    2293    1130    3423    1130     4.9    2293    1130    3423    1130     4.9
perfect-square 4 4     0    1.05      82      24     106      24     6.6      82      24     106      24     6.6
perfect-square 4 4     0   62.56    6343    3201    9544    3201     4.4    6343    3201    9544    3201     4.4
perfect-square 4 4     0    2.05     254     145     399     145     2.3     254     145     399     145     2.3
perfect-square 4 4     0   19.66    2149    1143    3292    1143     4.2    2149    1143    3292    1143     4.2
perfect-square 4 4     0   41.54    4310    2238    6548    2238     4.3    4310    2238    6548    2238     4.3
perfect-square 4 4     0   66.74    7071    3675   10746    3675     4.5    7071    3675   10746    3675     4.5
perfect-square 4 4     0    3.50     407     222     629     222     3.3     407     222     629     222     3.3
perfect-square 4 4     0    3.73     429     230     659     230     4.5     429     230     659     230     4.5
perfect-square 4 4     0   13.85    1264     602    1866     602     4.5    1264     602    1866     602     4.5
perfect-square 4 4     0   30.37    3244    1707    4951    1707     4.5    3244    1707    4951    1707     4.5
perfect-square 4 4     0    5.68     666     368    1034     368     4.6     666     368    1034     368     4.6
perfect-square 4 4     0   37.29    4094    2155    6249    2155     4.3    4094    2155    6249    2155     4.3
perfect-square 4 4     0   51.96    5758    3066    8824    3066     4.3    5758    3066    8824    3066     4.3
perfect-square 4 4     0   68.53    7154    3689   10843    3689     4.1    7154    3689   10843    3689     4.1
perfect-square 4 4     0   85.63    7996    3910   11906    3910     5.0    7996    3910   11906    3910     5.0
perfect-square 4 4     0    1.69     179      88     267      88     3.9     179      88     267      88     3.9
perfect-square 4 4     0   34.99    3347    1635    4982    1635     4.7    3347    1635    4982    1635     4.7
perfect-square 4 4     0   56.41    5848    2988    8836    2988     4.2    5848    2988    8836    2988     4.2
perfect-square 4 8     0    1.40     107      34     141      34     5.4     107      34     141      34     5.4
perfect-square 4 8     0    7.86     670     318     988     318     6.6     670     318     988     318     6.6
perfect-square 4 8     0    2.48     289     147     436     147     2.9     289     147     436     147     2.9
perfect-square 4 8     0   10.45    1261     664    1925     664     4.3    1261     664    1925     664     4.3
perfect-square 4 8     0    8.61     840     403    1243     403     5.0     840     403    1243     403     5.0
perfect-square 4 8     0   47.26    5154    2663    7817    2663     4.5    5154    2663    7817    2663     4.5
perfect-square 4 8     0    8.74     781     365    1146     365     6.9     781     365    1146     365     6.9
perfect-square 4 8     0    1.43     128      57     185      57     6.4     128      57     185      57     6.4
perfect-square 4 8     0    1.70     140      49     189      49     4.6     140      49     189      49     4.6
perfect-square 4 8     0   17.63    1851     942    2793     942     4.1    1851     942    2793     942     4.1
perfect-square 4 8     0   15.08    1521     766    2287     766     4.9    1521     766    2287     766     4.9
perfect-square 4 8     0    5.11     599     327     926     327     2.5     599     327     926     327     2.5
perfect-square 4 8     0    1.06     123      55     178      55     2.3     123      55     178      55     2.3
perfect-square 4 8     0   16.84    1845     940    2785     940     4.5    1845     940    2785     940     4.5
perfect-square 4 8     0   52.43    4945    2385    7330    2385     4.7    4945    2385    7330    2385     4.7
perfect-square 4 8     0   45.58    4471    2165    6636    2165     4.3    4471    2165    6636    2165     4.3
perfect-square 4 8     0   30.04    2897    1420    4317    1420     4.5    2897    1420    4317    1420     4.5
perfect-square 4 8     0   12.19    1224     593    1817     593     4.0    1224     593    1817     593     4.0
perfect-square 4 8     0    1.66     192     100     292     100     3.3     192     100     292     100     3.3
perfect-square 4 8     0    7.27     690     327    1017     327     4.5     690     327    1017     327     4.5
perfect-square 4 8     0   12.46    1084     491    1575     491     4.3    1084     491    1575     491     4.3
perfect-square 4 8     0    3.01     328     165     493     165     3.6     328     165     493     165     3.6
perfect-square 4 8     0   11.66    1338     697    2035     697     3.8    1338     697    2035     697     3.8
perfect-square 4 8     0   19.54    2007    1045    3052    1045     4.7    2007    1045    3052    1045     4.7
perfect-square 4 8     0    7.74     783     382    1165     382     3.9     783     382    1165     382     3.9
perfect-square 4 8     0   14.35    1512     751    2263     751     4.3    1512     751    2263     751     4.3
perfect-square 4 8     0   13.97    1204     518    1722     518     5.3    1204     518    1722     518     5.3
perfect-square 4 8     0   10.92     884     386    1270     386     5.4     884     386    1270     386     5.4
perfect-square 4 8     0   16.71    1491     695    2186     695     3.5    1491     695    2186     695     3.5
perfect-square 4 8     0    5.56     561     267     828     267     3.5     561     267     828     267     3.5
perfect-square 4 16     0    4.02     419     203     622     203     2.9     419     203     622     203     2.9
perfect-square 4 16     0    2.49     293     165     458     165     2.9     293     165     458     165     2.9
perfect-square 4 16     0   13.95    1583     861    2444     861     3.5    1583     861    2444     861     3.5
perfect-square 4 16     0    4.75     473     230     703     230     3.8     473     230     703     230     3.8
perfect-square 4 16     0    6.82     796     421    1217     421     2.1     796     421    1217     421     2.1
perfect-square 4 16     0   13.63    1505     805    2310     805     3.9    1505     805    2310     805     3.9
perfect-square 4 16     0    1.75     195      93     288      93     3.5     195      93     288      93     3.5
perfect-square 4 16     0    1.20      93      31     124      31     3.3      93      31     124      31     3.3
perfect-square 4 16     0    7.31     646     297     943     297     4.9     646     297     943     297     4.9
perfect-square 4 16     0    8.04     762     358    1120     358     6.3     762     358    1120     358     6.3
perfect-square 4 16     0    5.05     500     250     750     250     4.0     500     250     750     250     4.0
perfect-square 4 16     0    4.52     465     236     701     236     3.6     465     236     701     236     3.6
perfect-square 4 16     0   13.21    1584     869    2453     869     3.4    1584     869    2453     869     3.4
perfect-square 4 16     0    9.18     855     400    1255     400     5.5     855     400    1255     400     5.5
perfect-square 4 16     0    0.59      45      14      59      14     3.7      45      14      59      14     3.7
perfect-square 4 16     0    0.99      79      24     103      24     5.4      79      24     103      24     5.4
perfect-square 4 16     0    3.71     384     188     572     188     5.7     384     188     572     188     5.7
perfect-square 4 16     0    4.67     368     144     512     144     5.5     368     144     512     144     5.5
perfect-square 4 16     0    2.25     177      63     240      63     4.0     177      63     240      63     4.0
perfect-square 4 16     0    1.84     228     129     357     129     2.0     228     129     357     129     2.0
perfect-square 4 16     0    1.85     156      63     219      63     3.1     156      63     219      63     3.1
perfect-square 4 16     0   10.41    1133     587    1720     587     4.5    1133     587    1720     587     4.5
perfect-square 4 16     0    1.77     140      46     186      46     6.9     140      46     186      46     6.9
perfect-square 4 16     0    7.00     507     190     697     190     4.9     507     190     697     190     4.9
perfect-square 4 16     0   12.17    1217     601    1818     601     4.5    1217     601    1818     601     4.5
perfect-square 4 16     0    3.46     349     178     527     178     6.5     349     178     527     178     6.5
perfect-square 4 16     0   11.42    1236     649    1885     649     4.5    1236     649    1885     649     4.5
perfect-square 4 16     0    1.61     186      94     280      94     3.1     186      94     280      94     3.1
perfect-square 4 16     0   20.40    2303    1256    3559    1256     4.1    2303    1256    3559    1256     4.1
perfect-square 4 16     0   12.03    1125     556    1681     556     4.2    1125     556    1681     556     4.2
perfect-square 1 12     0    0.51     260     121     381     121     5.2     260     121     381     121     5.2
perfect-square 1 12     0    0.07      30       7      37       7     3.4      30       7      37       7     3.4
perfect-square 1 12     0    1.36     599     221     820     221     4.9     599     221     820     221     4.9
perfect-square 1 12     0    3.01    1379     537    1916     537     4.8    1379     537    1916     537     4.8
perfect-square 1 12     0    1.96     888     341    1229     341     4.4     888     341    1229     341     4.4
perfect-square 1 12     0    1.04     475     171     646     171     3.5     475     171     646     171     3.5
perfect-square 1 12     0    0.11      46      13      59      13     3.7      46      13      59      13     3.7
perfect-square 1 12     0    0.07      30       8      38       8     1.3      30       8      38       8     1.3
perfect-square 1 12     0    0.05      15       0      15       0     1.0      15       0      15       0     1.0
perfect-square 1 12     0    1.14     514     199     713     199     4.9     514     199     713     199     4.9
perfect-square 1 12     0    1.85     869     359    1228     359     4.6     869     359    1228     359     4.6
perfect-square 1 12     0    0.28     144      65     209      65     7.2     144      65     209      65     7.2
perfect-square 1 12     0    3.75    1781     722    2503     722     4.7    1781     722    2503     722     4.7
perfect-square 1 12     0    0.32     142      55     197      55     6.2     142      55     197      55     6.2
perfect-square 1 12     0    3.98    1763     686    2449     686     4.7    1763     686    2449     686     4.7
perfect-square 1 12     0    1.88     846     302    1148     302     4.8     846     302    1148     302     4.8
perfect-square 1 12     0    5.64    2633    1023    3656    1023     4.2    2633    1023    3656    1023     4.2
perfect-square 1 12     0    1.38     697     316    1013     316     5.9     697     316    1013     316     5.9
perfect-square 1 12     0    0.09      36       6      42       6     3.1      36       6      42       6     3.1
perfect-square 1 12     0    0.29     140      53     193      53     5.6     140      53     193      53     5.6
perfect-square 1 12     0    2.47    1154     456    1610     456     4.6    1154     456    1610     456     4.6
perfect-square 1 12     0    1.20     527     198     725     198     5.0     527     198     725     198     5.0
perfect-square 1 12     0    2.62    1162     429    1591     429     4.6    1162     429    1591     429     4.6
perfect-square 1 12     0    1.83     798     286    1084     286     3.9     798     286    1084     286     3.9
perfect-square 1 12     0    0.20      79      20      99      20     3.5      79      20      99      20     3.5
perfect-square 1 12     0    4.07    1897     747    2644     747     4.9    1897     747    2644     747     4.9
perfect-square 1 12     0    1.77     809     317    1126     317     5.1     809     317    1126     317     5.1
perfect-square 1 12     0    1.97     901     341    1242     341     4.9     901     341    1242     341     4.9
perfect-square 1 12     0    1.40     635     264     899     264     3.8     635     264     899     264     3.8
perfect-square 1 12     0    0.53     238      83     321      83     2.2     238      83     321      83     2.2
perfect-square 2 12     0    1.56     263      88     351      88     6.0     263      88     351      88     6.0
perfect-square 2 12     0    4.40    1010     492    1502     492     6.7    1010     492    1502     492     6.7
perfect-square 2 12     0    0.67     161      78     239      78     5.4     161      78     239      78     5.4
perfect-square 2 12     0    2.08     456     216     672     216     7.5     456     216     672     216     7.5
perfect-square 2 12     0    3.00     600     270     870     270     5.9     600     270     870     270     5.9
perfect-square 2 12     0    3.00     642     287     929     287     6.3     642     287     929     287     6.3
perfect-square 2 12     0    2.45     536     255     791     255     7.0     536     255     791     255     7.0
perfect-square 2 12     0    2.68     532     231     763     231     6.0     532     231     763     231     6.0
perfect-square 2 12     0    5.47    1096     484    1580     484     6.9    1096     484    1580     484     6.9
perfect-square 2 12     0    3.26     657     292     949     292     6.8     657     292     949     292     6.8
perfect-square 2 12     0    3.19     674     309     983     309     5.8     674     309     983     309     5.8
perfect-square 2 12     0    2.76     672     328    1000     328     8.0     672     328    1000     328     8.0
perfect-square 2 12     0    5.83    1112     475    1587     475     5.5    1112     475    1587     475     5.5
perfect-square 2 12     0    2.48     620     329     949     329     8.2     620     329     949     329     8.2
perfect-square 2 12     0    2.22     423     176     599     176     6.2     423     176     599     176     6.2
perfect-square 2 12     0    0.69     118      40     158      40     4.9     118      40     158      40     4.9
perfect-square 2 12     0    0.74     186      95     281      95     7.8     186      95     281      95     7.8
perfect-square 2 12     0    1.69     349     164     513     164     4.5     349     164     513     164     4.5
perfect-square 2 12     0    5.67    1250     621    1871     621     7.0    1250     621    1871     621     7.0
perfect-square 2 12     0    0.82     175      77     252      77     4.0     175      77     252      77     4.0
perfect-square 2 12     0    7.67    1747     860    2607     860     7.8    1747     860    2607     860     7.8
perfect-square 2 12     0    4.03     811     356    1167     356     4.9     811     356    1167     356     4.9
perfect-square 2 12     0    1.54     278     106     384     106     4.3     278     106     384     106     4.3
perfect-square 2 12     0    0.47      80      26     106      26     4.2      80      26     106      26     4.2
perfect-square 2 12     0    2.73     668     332    1000     332     7.4     668     332    1000     332     7.4
perfect-square 2 12     0    2.79     564     252     816     252     7.5     564     252     816     252     7.5
perfect-square 2 12     0    3.28     729     364    1093     364     6.9     729     364    1093     364     6.9
perfect-square 2 12     0    3.16     808     438    1246     438     8.4     808     438    1246     438     8.4
perfect-square 2 12     0    2.82     599     275     874     275     6.8     599     275     874     275     6.8
perfect-square 2 12     0    7.03    1598     796    2394     796     7.1    1598     796    2394     796     7.1
perfect-square 3 12     0    7.26    1159     594    1753     594     4.5    1159     594    1753     594     4.5
perfect-square 3 12     0    1.00     126      47     173      47     3.3     126      47     173      47     3.3
perfect-square 3 12     0    3.10     531     288     819     288     2.7     531     288     819     288     2.7
perfect-square 3 12     0   11.54    1597     762    2359     762     3.8    1597     762    2359     762     3.8
perfect-square 3 12     0    1.68     262     133     395     133     3.2     262     133     395     133     3.2
perfect-square 3 12     0    2.23     331     167     498     167     4.6     331     167     498     167     4.6
perfect-square 3 12     0    4.91     751     382    1133     382     4.9     751     382    1133     382     4.9
perfect-square 3 12     0    1.62     254     122     376     122     3.2     254     122     376     122     3.2
perfect-square 3 12     0    5.47     753     354    1107     354     3.7     753     354    1107     354     3.7
perfect-square 3 12     0    2.29     333     161     494     161     4.6     333     161     494     161     4.6
perfect-square 3 12     0    3.64     511     239     750     239     2.6     511     239     750     239     2.6
perfect-square 3 12     0    5.18     836     462    1298     462     3.8     836     462    1298     462     3.8
perfect-square 3 12     0    3.86     534     248     782     248     3.3     534     248     782     248     3.3
perfect-square 3 12     0    1.12     170      76     246      76     5.2     170      76     246      76     5.2
perfect-square 3 12     0    3.00     491     252     743     252     2.1     491     252     743     252     2.1
perfect-square 3 12     0    4.14     520     224     744     224     4.1     520     224     744     224     4.1
perfect-square 3 12     0   10.28    1577     803    2380     803     4.0    1577     803    2380     803     4.0
perfect-square 3 12     0    3.11     445     218     663     218     4.1     445     218     663     218     4.1
perfect-square 3 12     0    0.75     131      75     206      75     3.0     131      75     206      75     3.0
perfect-square 3 12     0   12.66    1625     738    2363     738     4.3    1625     738    2363     738     4.3
perfect-square 3 12     0    8.46    1144     528    1672     528     4.7    1144     528    1672     528     4.7
perfect-square 3 12     0    1.65     232     113     345     113     3.3     232     113     345     113     3.3
perfect-square 3 12     0    4.69     765     421    1186     421     4.0     765     421    1186     421     4.0
perfect-square 3 12     0    2.33     336     156     492     156     6.0     336     156     492     156     6.0
perfect-square 3 12     0    5.88     834     401    1235     401     3.7     834     401    1235     401     3.7
perfect-square 3 12     0    3.95     452     174     626     174     3.8     452     174     626     174     3.8
perfect-square 3 12     0    3.78     501     226     727     226     2.6     501     226     727     226     2.6
perfect-square 3 12     0    4.84     561     234     795     234     4.6     561     234     795     234     4.6
perfect-square 3 12     0    3.00     457     228     685     228     2.6     457     228     685     228     2.6
perfect-square 3 12     0   39.05    5532    2651    8183    2651     3.9    5532    2651    8183    2651     3.9
perfect-square 4 12     0    1.17     143      77     220      77     2.6     143      77     220      77     2.6
perfect-square 4 12     0    1.82     182      82     264      82     2.3     182      82     264      82     2.3
perfect-square 4 12     0    1.97     170      69     239      69     3.0     170      69     239      69     3.0
perfect-square 4 12     0    6.10     601     308     909     308     7.1     601     308     909     308     7.1
perfect-square 4 12     0    6.57     617     300     917     300     5.8     617     300     917     300     5.8
perfect-square 4 12     0    2.73     267     121     388     121     4.3     267     121     388     121     4.3
perfect-square 4 12     0    6.85     678     321     999     321     4.7     678     321     999     321     4.7
perfect-square 4 12     0    2.15     176      63     239      63     4.4     176      63     239      63     4.4
perfect-square 4 12     0   21.48    2151    1046    3197    1046     4.5    2151    1046    3197    1046     4.5
perfect-square 4 12     0   15.87    1750     927    2677     927     4.3    1750     927    2677     927     4.3
perfect-square 4 12     0    3.46     438     258     696     258     3.4     438     258     696     258     3.4
perfect-square 4 12     0    8.22     850     434    1284     434     4.4     850     434    1284     434     4.4
perfect-square 4 12     0    6.97     629     278     907     278     3.9     629     278     907     278     3.9
perfect-square 4 12     0    0.67      64      25      89      25     3.9      64      25      89      25     3.9
perfect-square 4 12     0    2.14     185      64     249      64     3.1     185      64     249      64     3.1
perfect-square 4 12     0    1.52     137      56     193      56     2.8     137      56     193      56     2.8
perfect-square 4 12     0    7.96     657     286     943     286     4.0     657     286     943     286     4.0
perfect-square 4 12     0    9.26    1016     515    1531     515     4.5    1016     515    1531     515     4.5
perfect-square 4 12     0    6.98     811     435    1246     435     3.9     811     435    1246     435     3.9
perfect-square 4 12     0   12.34    1239     629    1868     629     5.2    1239     629    1868     629     5.2
perfect-square 4 12     0    3.57     336     159     495     159     7.2     336     159     495     159     7.2
perfect-square 4 12     0    1.93     182      82     264      82     5.7     182      82     264      82     5.7
perfect-square 4 12     0    6.47     725     388    1113     388     3.8     725     388    1113     388     3.8
perfect-square 4 12     0    4.80     535     268     803     268     4.1     535     268     803     268     4.1
perfect-square 4 12     0    4.24     449     224     673     224     4.9     449     224     673     224     4.9
perfect-square 4 12     0    2.72     294     139     433     139     3.8     294     139     433     139     3.8
perfect-square 4 12     0    2.59     342     196     538     196     2.1     342     196     538     196     2.1
perfect-square 4 12     0    3.59     435     249     684     249     3.5     435     249     684     249     3.5
perfect-square 4 12     0    0.57      60      24      84      24     2.1      60      24      84      24     2.1
perfect-square 4 12     0    4.94     460     218     678     218     6.1     460     218     678     218     6.1
