perfect-square 1 4     0    0.88     411     145     556     145     2.5     411     145     556     145     2.5
perfect-square 1 4     0    2.33    1043     372    1415     372     4.3    1043     372    1415     372     4.3
perfect-square 1 4     0    2.23    1015     388    1403     388     4.4    1015     388    1403     388     4.4
perfect-square 1 4     0    1.24     633     266     899     266     4.9     633     266     899     266     4.9
perfect-square 1 4     0   14.76    6939    2758    9697    2758     4.9    6939    2758    9697    2758     4.9
perfect-square 1 4     0    3.70    1711     685    2396     685     5.0    1711     685    2396     685     5.0
perfect-square 1 4     0    2.51    1126     427    1553     427     5.7    1126     427    1553     427     5.7
perfect-square 1 4     0    1.90     915     368    1283     368     4.5     915     368    1283     368     4.5
perfect-square 1 4     0    3.85    1871     776    2647     776     4.4    1871     776    2647     776     4.4
perfect-square 1 4     0    2.91    1408     598    2006     598     5.2    1408     598    2006     598     5.2
perfect-square 1 4     0    2.04     953     379    1332     379     4.2     953     379    1332     379     4.2
perfect-square 1 4     0    1.64     748     267    1015     267     3.3     748     267    1015     267     3.3
perfect-square 1 4     0    6.13    2839    1083    3922    1083     4.8    2839    1083    3922    1083     4.8
perfect-square 1 4     0    2.90    1312     512    1824     512     4.6    1312     512    1824     512     4.6
perfect-square 1 4     0    0.12      60      19      79      19     4.7      60      19      79      19     4.7
perfect-square 1 4     0    1.33     622     232     854     232     4.2     622     232     854     232     4.2
perfect-square 1 4     0    2.19    1005     378    1383     378     4.3    1005     378    1383     378     4.3
perfect-square 1 4     0    0.30     146      51     197      51     4.6     146      51     197      51     4.6
perfect-square 1 4     0    2.54    1209     487    1696     487     4.7    1209     487    1696     487     4.7
perfect-square 1 4     0    3.78    1775     733    2508     733     5.0    1775     733    2508     733     5.0
perfect-square 1 4     0    3.18    1551     629    2180     629     5.2    1551     629    2180     629     5.2
perfect-square 1 4     0    2.60    1140     430    1570     430     4.5    1140     430    1570     430     4.5
perfect-square 1 4     0    0.28     132      48     180      48     5.0     132      48     180      48     5.0
perfect-square 1 4     0    1.24     588     233     821     233     4.4     588     233     821     233     4.4
perfect-square 1 4     0    2.95    1374     532    1906     532     5.0    1374     532    1906     532     5.0
perfect-square 1 4     0    0.10      43       9      52       9     3.8      43       9      52       9     3.8
perfect-square 1 4     0    0.93     433     157     590     157     3.8     433     157     590     157     3.8
perfect-square 1 4     0   11.21    5341    2157    7498    2157     4.5    5341    2157    7498    2157     4.5
perfect-square 1 4     0    3.67    1779     737    2516     737     4.7    1779     737    2516     737     4.7
perfect-square 1 4     0    1.40     647     245     892     245     4.2     647     245     892     245     4.2
perfect-square 1 8     0    0.26     118      43     161      43     3.0     118      43     161      43     3.0
perfect-square 1 8     0    0.91     443     182     625     182     4.4     443     182     625     182     4.4
perfect-square 1 8     0    1.26     570     198     768     198     3.0     570     198     768     198     3.0
perfect-square 1 8     0    3.73    1687     662    2349     662     4.8    1687     662    2349     662     4.8
perfect-square 1 8     0    1.93     889     336    1225     336     4.2     889     336    1225     336     4.2
perfect-square 1 8     0    0.78     397     161     558     161     4.9     397     161     558     161     4.9
perfect-square 1 8     0    0.24      99      25     124      25     3.3      99      25     124      25     3.3
perfect-square 1 8     0    0.82     384     145     529     145     3.3     384     145     529     145     3.3
perfect-square 1 8     0    5.88    2799    1163    3962    1163     4.8    2799    1163    3962    1163     4.8
perfect-square 1 8     0    0.30     150      62     212      62     3.8     150      62     212      62     3.8
perfect-square 1 8     0    0.17      72      20      92      20     3.8      72      20      92      20     3.8
perfect-square 1 8     0    6.69    3149    1268    4417    1268     4.5    3149    1268    4417    1268     4.5
perfect-square 1 8     0    0.83     401     163     564     163     4.8     401     163     564     163     4.8
perfect-square 1 8     0    0.46     206      69     275      69     5.8     206      69     275      69     5.8
perfect-square 1 8     0    1.28     575     214     789     214     5.4     575     214     789     214     5.4
perfect-square 1 8     0    1.39     623     230     853     230     4.6     623     230     853     230     4.6
perfect-square 1 8     0    2.79    1237     456    1693     456     4.6    1237     456    1693     456     4.6
perfect-square 1 8     0    0.43     199      75     274      75     5.9     199      75     274      75     5.9
perfect-square 1 8     0    0.90     443     178     621     178     4.8     443     178     621     178     4.8
perfect-square 1 8     0    0.77     363     129     492     129     4.5     363     129     492     129     4.5
perfect-square 1 8     0    1.76     794     300    1094     300     3.9     794     300    1094     300     3.9
perfect-square 1 8     0    0.99     467     177     644     177     5.5     467     177     644     177     5.5
perfect-square 1 8     0    1.66     797     319    1116     319     5.0     797     319    1116     319     5.0
perfect-square 1 8     0    0.89     405     156     561     156     6.1     405     156     561     156     6.1
perfect-square 1 8     0    1.46     683     261     944     261     4.9     683     261     944     261     4.9
perfect-square 1 8     0    2.23    1053     412    1465     412     5.0    1053     412    1465     412     5.0
perfect-square 1 8     0    0.31     128      51     179      51     6.1     128      51     179      51     6.1
perfect-square 1 8     0    2.32    1040     378    1418     378     3.9    1040     378    1418     378     3.9
perfect-square 1 8     0    0.19      96      33     129      33     4.1      96      33     129      33     4.1
perfect-square 1 8     0    3.20    1392     492    1884     492     4.1    1392     492    1884     492     4.1
perfect-square 1 16     0    0.97     461     199     660     199     3.5     461     199     660     199     3.5
perfect-square 1 16     0    0.23     107      38     145      38     2.9     107      38     145      38     2.9
perfect-square 1 16     0    1.23     569     215     784     215     4.4     569     215     784     215     4.4
perfect-square 1 16     0    1.06     500     190     690     190     4.7     500     190     690     190     4.7
perfect-square 1 16     0    0.07      22       3      25       3     2.2      22       3      25       3     2.2
perfect-square 1 16     0    1.65     824     331    1155     331     4.3     824     331    1155     331     4.3
perfect-square 1 16     0    0.55     265     122     387     122     3.1     265     122     387     122     3.1
perfect-square 1 16     0    0.68     296     109     405     109     4.4     296     109     405     109     4.4
perfect-square 1 16     0    1.94     904     360    1264     360     4.9     904     360    1264     360     4.9
perfect-square 1 16     0    0.27     110      37     147      37     5.1     110      37     147      37     5.1
perfect-square 1 16     0    2.79    1338     512    1850     512     5.0    1338     512    1850     512     5.0
perfect-square 1 16     0    3.74    1781     733    2514     733     4.4    1781     733    2514     733     4.4
perfect-square 1 16     0    0.37     171      72     243      72     5.8     171      72     243      72     5.8
perfect-square 1 16     0    1.03     537     233     770     233     4.3     537     233     770     233     4.3
perfect-square 1 16     0    0.77     355     133     488     133     4.6     355     133     488     133     4.6
perfect-square 1 16     0    0.05      16       1      17       1     1.9      16       1      17       1     1.9
perfect-square 1 16     0    1.22     605     250     855     250     5.6     605     250     855     250     5.6
perfect-square 1 16     0    0.28     129      45     174      45     4.7     129      45     174      45     4.7
perfect-square 1 16     0    2.52    1104     405    1509     405     4.2    1104     405    1509     405     4.2
perfect-square 1 16     0    0.59     292     127     419     127     5.3     292     127     419     127     5.3
perfect-square 1 16     0    0.89     395     141     536     141     5.4     395     141     536     141     5.4
perfect-square 1 16     0    0.33     177      82     259      82     5.4     177      82     259      82     5.4
perfect-square 1 16     0    0.28     130      47     177      47     5.0     130      47     177      47     5.0
perfect-square 1 16     0    2.78    1350     551    1901     551     4.9    1350     551    1901     551     4.9
perfect-square 1 16     0    0.61     320     138     458     138     4.9     320     138     458     138     4.9
perfect-square 1 16     0    0.15      59      15      74      15     1.8      59      15      74      15     1.8
perfect-square 1 16     0    0.24     110      38     148      38     4.1     110      38     148      38     4.1
perfect-square 1 16     0    1.09     513     202     715     202     4.6     513     202     715     202     4.6
perfect-square 1 16     0    0.07      20       2      22       2     1.5      20       2      22       2     1.5
perfect-square 1 16     0    0.41     159      52     211      52     3.3     159      52     211      52     3.3
perfect-square 2 4     0   20.60    3961    1704    5665    1704     6.0    3961    1704    5665    1704     6.0
perfect-square 2 4     0    3.11     601     239     840     239     4.7     601     239     840     239     4.7
perfect-square 2 4     0    6.76    1368     614    1982     614     6.9    1368     614    1982     614     6.9
perfect-square 2 4     0    6.43    1309     578    1887     578     6.1    1309     578    1887     578     6.1
perfect-square 2 4     0    0.58     122      59     181      59     7.8     122      59     181      59     7.8
perfect-square 2 4     0    6.67    1352     594    1946     594     6.3    1352     594    1946     594     6.3
perfect-square 2 4     0   15.34    3066    1321    4387    1321     6.1    3066    1321    4387    1321     6.1
perfect-square 2 4     0   12.26    2474    1104    3578    1104     6.1    2474    1104    3578    1104     6.1
perfect-square 2 4     0    2.68     413     135     548     135     4.9     413     135     548     135     4.9
perfect-square 2 4     0   11.45    2453    1144    3597    1144     7.1    2453    1144    3597    1144     7.1
perfect-square 2 4     0   18.93    3585    1466    5051    1466     5.8    3585    1466    5051    1466     5.8
perfect-square 2 4     0    1.78     379     166     545     166     6.6     379     166     545     166     6.6
perfect-square 2 4     0    2.62     500     215     715     215     4.5     500     215     715     215     4.5
perfect-square 2 4     0    3.17     596     254     850     254     6.4     596     254     850     254     6.4
perfect-square 2 4     0    1.00     224      98     322      98     5.4     224      98     322      98     5.4
perfect-square 2 4     0   12.81    2628    1200    3828    1200     6.1    2628    1200    3828    1200     6.1
perfect-square 2 4     0    2.73     572     270     842     270     7.3     572     270     842     270     7.3
perfect-square 2 4     0    7.06    1587     786    2373     786     6.9    1587     786    2373     786     6.9
perfect-square 2 4     0    3.13     632     282     914     282     6.8     632     282     914     282     6.8
perfect-square 2 4     0    4.78    1011     468    1479     468     6.7    1011     468    1479     468     6.7
perfect-square 2 4     0   16.89    3704    1736    5440    1736     6.7    3704    1736    5440    1736     6.7
perfect-square 2 4     0    6.81    1373     611    1984     611     5.5    1373     611    1984     611     5.5
perfect-square 2 4     0    4.40     990     468    1458     468     6.6     990     468    1458     468     6.6
perfect-square 2 4     0   20.06    4250    1994    6244    1994     7.1    4250    1994    6244    1994     7.1
perfect-square 2 4     0   11.73    2507    1176    3683    1176     6.7    2507    1176    3683    1176     6.7
perfect-square 2 4     0    7.48    1590     745    2335     745     6.1    1590     745    2335     745     6.1
perfect-square 2 4     0    9.03    1884     869    2753     869     6.7    1884     869    2753     869     6.7
perfect-square 2 4     0   30.13    6008    2703    8711    2703     6.5    6008    2703    8711    2703     6.5
perfect-square 2 4     0   16.27    3529    1682    5211    1682     7.0    3529    1682    5211    1682     7.0
perfect-square 2 4     0    6.12    1218     541    1759     541     6.3    1218     541    1759     541     6.3
perfect-square 2 8     0    0.60     137      62     199      62     7.1     137      62     199      62     7.1
perfect-square 2 8     0    5.84    1195     529    1724     529     6.2    1195     529    1724     529     6.2
perfect-square 2 8     0    0.88     239     128     367     128     7.2     239     128     367     128     7.2
perfect-square 2 8     0    8.08    1800     875    2675     875     7.0    1800     875    2675     875     7.0
perfect-square 2 8     0    3.97     811     355    1166     355     6.2     811     355    1166     355     6.2
perfect-square 2 8     0    1.76     384     168     552     168     6.7     384     168     552     168     6.7
perfect-square 2 8     0    2.62     597     299     896     299     7.9     597     299     896     299     7.9
perfect-square 2 8     0    1.21     244     100     344     100     6.6     244     100     344     100     6.6
perfect-square 2 8     0    1.28     253     108     361     108     6.3     253     108     361     108     6.3
perfect-square 2 8     0    5.46     999     412    1411     412     5.3     999     412    1411     412     5.3
perfect-square 2 8     0    4.39     955     439    1394     439     7.1     955     439    1394     439     7.1
perfect-square 2 8     0    1.06     227     108     335     108     6.1     227     108     335     108     6.1
perfect-square 2 8     0    0.83     195      94     289      94     7.3     195      94     289      94     7.3
perfect-square 2 8     0    1.13     265     130     395     130     6.0     265     130     395     130     6.0
perfect-square 2 8     0    2.12     475     217     692     217     6.6     475     217     692     217     6.6
perfect-square 2 8     0    0.39      68      21      89      21     4.5      68      21      89      21     4.5
perfect-square 2 8     0   11.60    2479    1141    3620    1141     6.9    2479    1141    3620    1141     6.9
perfect-square 2 8     0   11.25    2402    1126    3528    1126     6.6    2402    1126    3528    1126     6.6
perfect-square 2 8     0    3.63     846     437    1283     437     7.1     846     437    1283     437     7.1
perfect-square 2 8     0    3.80     728     320    1048     320     5.6     728     320    1048     320     5.6
perfect-square 2 8     0    6.15    1191     509    1700     509     5.6    1191     509    1700     509     5.6
perfect-square 2 8     0    7.00    1319     558    1877     558     4.9    1319     558    1877     558     4.9
perfect-square 2 8     0    1.93     349     120     469     120     5.9     349     120     469     120     5.9
perfect-square 2 8     0    0.44      64      15      79      15     3.8      64      15      79      15     3.8
perfect-square 2 8     0    1.45     232      74     306      74     3.8     232      74     306      74     3.8
perfect-square 2 8     0    1.44     225      72     297      72     4.7     225      72     297      72     4.7
perfect-square 2 8     0    4.18     851     380    1231     380     5.4     851     380    1231     380     5.4
perfect-square 2 8     0    1.09     224      99     323      99     7.8     224      99     323      99     7.8
perfect-square 2 8     0   19.82    4070    1803    5873    1803     6.2    4070    1803    5873    1803     6.2
perfect-square 2 8     0    5.49    1033     428    1461     428     5.8    1033     428    1461     428     5.8
perfect-square 2 16     0    3.44     705     314    1019     314     7.1     705     314    1019     314     7.1
perfect-square 2 16     0    1.14     304     162     466     162     8.2     304     162     466     162     8.2
perfect-square 2 16     0    2.19     549     292     841     292     7.7     549     292     841     292     7.7
perfect-square 2 16     0    3.94     711     284     995     284     6.4     711     284     995     284     6.4
perfect-square 2 16     0    0.66     143      62     205      62     6.0     143      62     205      62     6.0
perfect-square 2 16     0    3.02     688     345    1033     345     6.5     688     345    1033     345     6.5
perfect-square 2 16     0    2.61     559     263     822     263     7.7     559     263     822     263     7.7
perfect-square 2 16     0    1.96     517     274     791     274     9.0     517     274     791     274     9.0
perfect-square 2 16     0    1.53     418     227     645     227     8.4     418     227     645     227     8.4
perfect-square 2 16     0    0.34      74      33     107      33     6.2      74      33     107      33     6.2
perfect-square 2 16     0    2.03     395     171     566     171     5.9     395     171     566     171     5.9
perfect-square 2 16     0    1.61     326     150     476     150     7.8     326     150     476     150     7.8
perfect-square 2 16     0    0.63     121      46     167      46     5.3     121      46     167      46     5.3
perfect-square 2 16     0    5.11    1246     634    1880     634     7.3    1246     634    1880     634     7.3
perfect-square 2 16     0    3.05     606     279     885     279     6.8     606     279     885     279     6.8
perfect-square 2 16     0    1.77     360     156     516     156     7.4     360     156     516     156     7.4
perfect-square 2 16     0    3.40     709     324    1033     324     6.8     709     324    1033     324     6.8
perfect-square 2 16     0    2.59     577     289     866     289     6.6     577     289     866     289     6.6
perfect-square 2 16     0    9.72    1772     708    2480     708     5.5    1772     708    2480     708     5.5
perfect-square 2 16     0    6.24    1465     772    2237     772     8.4    1465     772    2237     772     8.4
perfect-square 2 16     0    1.10     245     120     365     120     6.6     245     120     365     120     6.6
perfect-square 2 16     0    1.79     481     274     755     274     9.4     481     274     755     274     9.4
perfect-square 2 16     0    0.39     105      54     159      54     5.9     105      54     159      54     5.9
perfect-square 2 16     0    1.20     206      78     284      78     8.1     206      78     284      78     8.1
perfect-square 2 16     0    2.92     579     250     829     250     6.6     579     250     829     250     6.6
perfect-square 2 16     0    8.35    1622     685    2307     685     6.2    1622     685    2307     685     6.2
perfect-square 2 16     0    2.06     518     282     800     282     8.6     518     282     800     282     8.6
perfect-square 2 16     0    3.28     622     262     884     262     6.8     622     262     884     262     6.8
perfect-square 2 16     0    0.93     164      61     225      61     6.4     164      61     225      61     6.4
perfect-square 2 16     0    3.71     785     357    1142     357     7.2     785     357    1142     357     7.2
perfect-square 3 4     0    8.02    1247     652    1899     652     3.7    1247     652    1899     652     3.7
perfect-square 3 4     0    5.80     897     450    1347     450     3.1     897     450    1347     450     3.1
perfect-square 3 4     0   11.32    1621     804    2425     804     4.6    1621     804    2425     804     4.6
perfect-square 3 4     0   10.43    1316     597    1913     597     4.3    1316     597    1913     597     4.3
perfect-square 3 4     0   13.47    1796     812    2608     812     4.0    1796     812    2608     812     4.0
perfect-square 3 4     0   27.67    4337    2247    6584    2247     3.3    4337    2247    6584    2247     3.3
perfect-square 3 4     0   22.43    3299    1599    4898    1599     3.9    3299    1599    4898    1599     3.9
perfect-square 3 4     0   16.57    2358    1123    3481    1123     3.8    2358    1123    3481    1123     3.8
perfect-square 3 4     0   11.58    1674     843    2517     843     3.4    1674     843    2517     843     3.4
perfect-square 3 4     0   19.37    2833    1422    4255    1422     4.0    2833    1422    4255    1422     4.0
perfect-square 3 4     0   12.35    1617     755    2372     755     4.1    1617     755    2372     755     4.1
perfect-square 3 4     0    7.80    1190     607    1797     607     3.3    1190     607    1797     607     3.3
perfect-square 3 4     0    2.87     433     227     660     227     3.7     433     227     660     227     3.7
perfect-square 3 4     0   18.86    2467    1102    3569    1102     4.4    2467    1102    3569    1102     4.4
perfect-square 3 4     0   10.57    1582     853    2435     853     3.9    1582     853    2435     853     3.9
perfect-square 3 4     0   17.61    2439    1160    3599    1160     3.6    2439    1160    3599    1160     3.6
perfect-square 3 4     0    6.34     860     391    1251     391     3.0     860     391    1251     391     3.0
perfect-square 3 4     0    4.56     661     325     986     325     5.1     661     325     986     325     5.1
perfect-square 3 4     0   70.54   10557    5380   15937    5380     4.0   10557    5380   15937    5380     4.0
perfect-square 3 4     0    9.64    1445     741    2186     741     3.6    1445     741    2186     741     3.6
perfect-square 3 4     0   21.68    2887    1343    4230    1343     4.9    2887    1343    4230    1343     4.9
perfect-square 3 4     0   33.08    4943    2510    7453    2510     3.9    4943    2510    7453    2510     3.9
perfect-square 3 4     0   11.13    1805     975    2780     975     3.2    1805     975    2780     975     3.2
perfect-square 3 4     0    1.34     166      62     228      62     2.7     166      62     228      62     2.7
perfect-square 3 4     0    3.10     421     178     599     178     4.6     421     178     599     178     4.6
perfect-square 3 4     0    1.53     218     102     320     102     1.7     218     102     320     102     1.7
perfect-square 3 4     0   22.41    3244    1567    4811    1567     4.2    3244    1567    4811    1567     4.2
perfect-square 3 4     0   40.10    5870    2910    8780    2910     3.6    5870    2910    8780    2910     3.6
perfect-square 3 4     0   10.06    1350     602    1952     602     4.1    1350     602    1952     602     4.1
perfect-square 3 4     0    1.31     164      64     228      64     3.7     164      64     228      64     3.7
perfect-square 3 8     0   13.02    1918     934    2852     934     3.3    1918     934    2852     934     3.3
perfect-square 3 8     0   13.66    1962     941    2903     941     4.2    1962     941    2903     941     4.2
perfect-square 3 8     0    3.64     506     236     742     236     2.8     506     236     742     236     2.8
perfect-square 3 8     0    5.31     742     350    1092     350     3.8     742     350    1092     350     3.8
perfect-square 3 8     0    0.32      39       7      46       7     2.9      39       7      46       7     2.9
perfect-square 3 8     0   11.30    1570     766    2336     766     4.2    1570     766    2336     766     4.2
perfect-square 3 8     0    3.90     489     210     699     210     2.3     489     210     699     210     2.3
perfect-square 3 8     0   10.54    1422     677    2099     677     4.3    1422     677    2099     677     4.3
perfect-square 3 8     0   12.87    2035    1062    3097    1062     3.2    2035    1062    3097    1062     3.2
perfect-square 3 8     0    2.96     392     171     563     171     5.2     392     171     563     171     5.2
perfect-square 3 8     0    9.87    1366     636    2002     636     3.7    1366     636    2002     636     3.7
perfect-square 3 8     0   14.54    1938     901    2839     901     4.0    1938     901    2839     901     4.0
perfect-square 3 8     0    2.07     325     176     501     176     3.7     325     176     501     176     3.7
perfect-square 3 8     0    9.15    1315     621    1936     621     3.4    1315     621    1936     621     3.4
perfect-square 3 8     0    6.02     746     322    1068     322     5.3     746     322    1068     322     5.3
perfect-square 3 8     0   19.48    2764    1331    4095    1331     4.3    2764    1331    4095    1331     4.3
perfect-square 3 8     0   24.29    3569    1779    5348    1779     4.3    3569    1779    5348    1779     4.3
perfect-square 3 8     0    4.49     718     369    1087     369     2.8     718     369    1087     369     2.8
perfect-square 3 8     0   18.69    2939    1555    4494    1555     4.2    2939    1555    4494    1555     4.2
perfect-square 3 8     0    3.92     486     205     691     205     3.8     486     205     691     205     3.8
perfect-square 3 8     0    1.30     175      76     251      76     2.9     175      76     251      76     2.9
perfect-square 3 8     0    4.24     565     274     839     274     5.1     565     274     839     274     5.1
perfect-square 3 8     0   13.76    2054    1013    3067    1013     4.1    2054    1013    3067    1013     4.1
perfect-square 3 8     0    6.50     977     501    1478     501     4.3     977     501    1478     501     4.3
perfect-square 3 8     0    8.08    1149     572    1721     572     4.3    1149     572    1721     572     4.3
perfect-square 3 8     0    1.49     168      65     233      65     4.0     168      65     233      65     4.0
perfect-square 3 8     0   15.13    1988     901    2889     901     3.9    1988     901    2889     901     3.9
perfect-square 3 8     0   12.54    1861     912    2773     912     3.5    1861     912    2773     912     3.5
perfect-square 3 8     0   11.51    1832    1002    2834    1002     3.6    1832    1002    2834    1002     3.6
perfect-square 3 8     0    7.74    1003     461    1464     461     4.0    1003     461    1464     461     4.0
perfect-square 3 16     0   12.86    1730     805    2535     805     4.0    1730     805    2535     805     4.0
perfect-square 3 16     0   10.45    1588     800    2388     800     3.4    1588     800    2388     800     3.4
perfect-square 3 16     0    3.96     504     222     726     222     4.6     504     222     726     222     4.6
perfect-square 3 16     0    3.13     451     224     675     224     2.6     451     224     675     224     2.6
perfect-square 3 16     0   12.51    1795     901    2696     901     4.0    1795     901    2696     901     4.0
perfect-square 3 16     0    1.66     196      74     270      74     3.5     196      74     270      74     3.5
perfect-square 3 16     0    2.19     240      87     327      87     2.5     240      87     327      87     2.5
perfect-square 3 16     0    2.70     349     154     503     154     2.4     349     154     503     154     2.4
perfect-square 3 16     0    0.66      72      25      97      25     5.8      72      25      97      25     5.8
perfect-square 3 16     0    5.69     675     263     938     263     4.5     675     263     938     263     4.5
perfect-square 3 16     0    2.33     358     173     531     173     4.7     358     173     531     173     4.7
perfect-square 3 16     0    3.12     542     304     846     304     3.5     542     304     846     304     3.5
perfect-square 3 16     0    8.49    1210     610    1820     610     3.6    1210     610    1820     610     3.6
perfect-square 3 16     0    3.92     450     175     625     175     4.3     450     175     625     175     4.3
perfect-square 3 16     0    1.17     173      90     263      90     3.5     173      90     263      90     3.5
perfect-square 3 16     0    3.17     465     227     692     227     2.9     465     227     692     227     2.9
perfect-square 3 16     0    7.01    1099     572    1671     572     3.7    1099     572    1671     572     3.7
perfect-square 3 16     0    1.70     220      95     315      95     3.7     220      95     315      95     3.7
perfect-square 3 16     0    8.58    1240     600    1840     600     3.9    1240     600    1840     600     3.9
perfect-square 3 16     0    2.77     452     239     691     239     3.7     452     239     691     239     3.7
perfect-square 3 16     0    6.07     951     496    1447     496     3.5     951     496    1447     496     3.5
perfect-square 3 16     0    1.86     211      87     298      87     3.5     211      87     298      87     3.5
perfect-square 3 16     0    0.49      77      37     114      37     1.2      77      37     114      37     1.2
perfect-square 3 16     0    9.74    1412     683    2095     683     3.8    1412     683    2095     683     3.8
perfect-square 3 16     0    6.65     866     384    1250     384     5.0     866     384    1250     384     5.0
perfect-square 3 16     0    2.88     331     125     456     125     5.1     331     125     456     125     5.1
perfect-square 3 16     0    8.94    1153     512    1665     512     4.4    1153     512    1665     512     4.4
perfect-square 3 16     0    2.40     369     184     553     184     3.3     369     184     553     184     3.3
perfect-square 3 16     0    3.51     554     295     849     295     3.3     554     295     849     295     3.3
perfect-square 3 16     0    4.73     662     321     983     321     5.3     662     321     983     321     5.3
perfect-square 4 4     0    1.46     109      40     149      40     3.0     109      40     149      40     3.0
perfect-square 4 4     0    8.78     909     448    1357     448     5.3     909     448    1357     448     5.3
perfect-square 4 4     0    0.30      22       0      22       0     1.0      22       0      22       0     1.0
perfect-square 4 4     0    6.81     538     204     742     204     4.5     538     204     742     204     4.5
perfect-square 4 4     0   48.93    4716    2357    7073    2357     5.0    4716    2357    7073    2357     5.0
perfect-square 4 4     0   14.29    1451     729    2180     729     4.5    1451     729    2180     729     4.5
perfect-square 4 4     0    2.52     239     104     343     104     5.5     239     104     343     104     5.5
perfect-square 4 4     0    1.35     105      37     142      37     4.9     105      37     142      37     4.9
perfect-square 4 4     0    2.87     270     128     398     128     5.2     270     128     398     128     5.2
perfect-square 4 4     0    2.48     308     175     483     175     4.1     308     175     483     175     4.1
perfect-square 4 4     0    6.24     623     307     930     307     5.2     623     307     930     307     5.2
perfect-square 4 4     0    1.85     176      84     260      84     5.2     176      84     260      84     5.2
perfect-square 4 4     0    5.68     622     318     940     318     3.9     622     318     940     318     3.9
perfect-square 4 4     0   16.48    1839     972    2811     972     4.4    1839     972    2811     972     4.4
perfect-square 4 4     0   23.90    2503    1299    3802    1299     4.6    2503    1299    3802    1299     4.6
perfect-square 4 4     0   28.86    2343    1011    3354    1011     4.9    2343    1011    3354    1011     4.9
perfect-square 4 4     0   21.52    2331    1194    3525    1194     4.1    2331    1194    3525    1194     4.1
perfect-square 4 4     0   35.41    3170    1471    4641    1471     5.1    3170    1471    4641    1471     5.1
perfect-square 4 4     0    9.90     907     404    1311     404     4.7     907     404    1311     404     4.7
perfect-square 4 4     0  114.40   11375    5677   17052    5677     4.6   11375    5677   17052    5677     4.6
perfect-square 4 4     0   15.87    1776     956    2732     956     3.8    1776     956    2732     956     3.8
perfect-square 4 4     0   16.99    1995    1084    3079    1084     4.6    1995    1084    3079    1084     4.6
perfect-square 4 4     0   43.35    4722    2461    7183    2461     4.2    4722    2461    7183    2461     4.2
perfect-square 4 4     0   35.07    3014    1361    4375    1361     4.4    3014    1361    4375    1361     4.4
perfect-square 4 4     0    5.38     463     213     676     213     5.3     463     213     676     213     5.3
perfect-square 4 4     0   13.39    1466     765    2231     765     4.9    1466     765    2231     765     4.9
perfect-square 4 4     0    0.57      64      30      94      30     0.8      64      30      94      30     0.8
perfect-square 4 4     0   12.95    1401     739    2140     739     4.5    1401     739    2140     739     4.5
perfect-square 4 4     0   46.10    5340    2952    8292    2952     3.6    5340    2952    8292    2952     3.6
perfect-square 4 4     0    8.73     801     375    1176     375     4.8     801     375    1176     375     4.8
perfect-square 4 8     0   13.22    1284     674    1958     674     4.5    1284     674    1958     674     4.5
perfect-square 4 8     0    3.58     477     264     741     264     2.4     477     264     741     264     2.4
perfect-square 4 8     0    3.59     326     151     477     151     4.7     326     151     477     151     4.7
perfect-square 4 8     0    8.00     813     402    1215     402     5.4     813     402    1215     402     5.4
perfect-square 4 8     0    5.62     484     201     685     201     5.3     484     201     685     201     5.3
perfect-square 4 8     0    4.56     527     277     804     277     4.6     527     277     804     277     4.6
perfect-square 4 8     0   22.02    2394    1243    3637    1243     4.4    2394    1243    3637    1243     4.4
perfect-square 4 8     0    4.72     406     188     594     188     4.4     406     188     594     188     4.4
perfect-square 4 8     0    9.49    1081     582    1663     582     5.2    1081     582    1663     582     5.2
perfect-square 4 8     0    3.98     503     304     807     304     1.9     503     304     807     304     1.9
perfect-square 4 8     0   27.41    2740    1354    4094    1354     4.9    2740    1354    4094    1354     4.9
perfect-square 4 8     0    9.95    1016     503    1519     503     4.9    1016     503    1519     503     4.9
perfect-square 4 8     0   12.33    1382     747    2129     747     4.6    1382     747    2129     747     4.6
perfect-square 4 8     0    5.36     548     265     813     265     4.2     548     265     813     265     4.2
perfect-square 4 8     0   15.76    1811     958    2769     958     3.7    1811     958    2769     958     3.7
perfect-square 4 8     0    7.52     792     408    1200     408     3.9     792     408    1200     408     3.9
perfect-square 4 8     0    3.72     447     239     686     239     3.6     447     239     686     239     3.6
perfect-square 4 8     0    3.34     266     106     372     106     6.5     266     106     372     106     6.5
perfect-square 4 8     0    4.09     423     206     629     206     4.0     423     206     629     206     4.0
perfect-square 4 8     0    5.73     565     282     847     282     3.9     565     282     847     282     3.9
perfect-square 4 8     0    2.83     268     129     397     129     2.4     268     129     397     129     2.4
perfect-square 4 8     0   11.72     976     399    1375     399     5.4     976     399    1375     399     5.4
perfect-square 4 8     0    6.89     651     291     942     291     4.0     651     291     942     291     4.0
perfect-square 4 8     0   16.13    1590     772    2362     772     4.4    1590     772    2362     772     4.4
perfect-square 4 8     0    1.05      76      27     103      27     3.4      76      27     103      27     3.4
perfect-square 4 8     0    1.54     182      92     274      92     4.0     182      92     274      92     4.0
perfect-square 4 8     0    6.33     690     371    1061     371     2.8     690     371    1061     371     2.8
perfect-square 4 8     0   13.19    1461     804    2265     804     5.5    1461     804    2265     804     5.5
perfect-square 4 8     0    4.55     416     188     604     188     7.8     416     188     604     188     7.8
perfect-square 4 8     0   29.23    3244    1706    4950    1706     4.7    3244    1706    4950    1706     4.7
perfect-square 4 16     0    4.58     420     192     612     192     6.7     420     192     612     192     6.7
perfect-square 4 16     0    1.64     171      81     252      81     4.0     171      81     252      81     4.0
perfect-square 4 16     0    3.29     305     139     444     139     5.7     305     139     444     139     5.7
perfect-square 4 16     0   22.25    1901     840    2741     840     5.0    1901     840    2741     840     5.0
perfect-square 4 16     0    3.26     283     120     403     120     5.9     283     120     403     120     5.9
perfect-square 4 16     0    5.74     534     255     789     255     3.8     534     255     789     255     3.8
perfect-square 4 16     0    2.08     163      62     225      62     7.3     163      62     225      62     7.3
perfect-square 4 16     0    4.87     552     295     847     295     4.4     552     295     847     295     4.4
perfect-square 4 16     0   13.19    1459     768    2227     768     4.4    1459     768    2227     768     4.4
perfect-square 4 16     0    9.43    1059     562    1621     562     4.1    1059     562    1621     562     4.1
perfect-square 4 16     0    1.54     149      63     212      63     3.1     149      63     212      63     3.1
perfect-square 4 16     0    0.61      54      15      69      15     5.5      54      15      69      15     5.5
perfect-square 4 16     0    0.88      62      15      77      15     3.0      62      15      77      15     3.0
perfect-square 4 16     0    5.83     546     265     811     265     3.3     546     265     811     265     3.3
perfect-square 4 16     0    1.09      91      29     120      29     3.9      91      29     120      29     3.9
perfect-square 4 16     0    4.95     564     291     855     291     3.5     564     291     855     291     3.5
perfect-square 4 16     0    8.39     665     275     940     275     4.7     665     275     940     275     4.7
perfect-square 4 16     0    6.23     748     423    1171     423     3.6     748     423    1171     423     3.6
perfect-square 4 16     0    8.17     847     408    1255     408     4.1     847     408    1255     408     4.1
perfect-square 4 16     0    2.16     207      95     302      95     3.2     207      95     302      95     3.2
perfect-square 4 16     0    9.29    1013     511    1524     511     5.0    1013     511    1524     511     5.0
perfect-square 4 16     0    3.63     427     232     659     232     4.9     427     232     659     232     4.9
perfect-square 4 16     0    7.97     856     444    1300     444     4.4     856     444    1300     444     4.4
perfect-square 4 16     0    4.76     551     316     867     316     3.7     551     316     867     316     3.7
perfect-square 4 16     0   11.44    1093     502    1595     502     4.8    1093     502    1595     502     4.8
perfect-square 4 16     0    3.42     384     198     582     198     2.5     384     198     582     198     2.5
perfect-square 4 16     0    8.47     922     487    1409     487     5.1     922     487    1409     487     5.1
perfect-square 4 16     0   14.50    1519     778    2297     778     3.8    1519     778    2297     778     3.8
perfect-square 4 16     0   10.80    1115     564    1679     564     4.8    1115     564    1679     564     4.8
perfect-square 4 16     0    5.46     551     294     845     294     4.1     551     294     845     294     4.1
