queens 1000 1     0    0.03     538       0     538       0    97.9     538       0     538       0    97.9
queens 1000 1     0    0.03     521       0     521       0   103.3     521       0     521       0   103.3
queens 1000 1     0    0.03     547       0     547       0   102.0     547       0     547       0   102.0
queens 1000 1     0    0.03     517       0     517       0    93.9     517       0     517       0    93.9
queens 1000 1     0    0.03     557       0     557       0   116.0     557       0     557       0   116.0
queens 1000 1     0    0.03     502       0     502       0    96.8     502       0     502       0    96.8
queens 1000 1     0    0.03     516       0     516       0   103.8     516       0     516       0   103.8
queens 1000 1     0    0.03     527       0     527       0   103.5     527       0     527       0   103.5
queens 1000 1     0    0.03     543       0     543       0   108.7     543       0     543       0   108.7
queens 1000 1     0    0.03     568       0     568       0   108.1     568       0     568       0   108.1
queens 1000 1     0    0.03     515       0     515       0    97.4     515       0     515       0    97.4
queens 1000 1     0    0.03     547       0     547       0    96.3     547       0     547       0    96.3
queens 1000 1     0    0.03     541       0     541       0   102.5     541       0     541       0   102.5
queens 1000 1     0    0.03     531       0     531       0    93.9     531       0     531       0    93.9
queens 1000 1     0    0.03     537       0     537       0    95.9     537       0     537       0    95.9
queens 1000 1     0    0.03     517       0     517       0   104.5     517       0     517       0   104.5
queens 1000 1     0    0.03     559       0     559       0   108.9     559       0     559       0   108.9
queens 1000 1     0    0.03     533       0     533       0   102.5     533       0     533       0   102.5
queens 1000 1     0    0.03     534       0     534       0   103.1     534       0     534       0   103.1
queens 1000 1     0    0.03     520       0     520       0    92.9     520       0     520       0    92.9
queens 1000 1     0    0.03     538       0     538       0    98.3     538       0     538       0    98.3
queens 1000 1     0    0.03     554       0     554       0   106.7     554       0     554       0   106.7
queens 1000 1     0    0.03     528       0     528       0    91.8     528       0     528       0    91.8
queens 1000 1     0    0.03     506       0     506       0   102.7     506       0     506       0   102.7
queens 1000 1     0    0.03     519       0     519       0   103.9     519       0     519       0   103.9
queens 1000 1     0    0.03     545       0     545       0    96.5     545       0     545       0    96.5
queens 1000 1     0    0.03     526       0     526       0   103.3     526       0     526       0   103.3
queens 1000 1     0    0.03     536       0     536       0   102.7     536       0     536       0   102.7
queens 1000 1     0    0.03     550       0     550       0   102.7     550       0     550       0   102.7
queens 1000 1     0    0.03     524       0     524       0   104.1     524       0     524       0   104.1
queens 1000 2     0    0.03     526       0     526       0   101.8     526       0     526       0   101.8
queens 1000 2     0    0.03     539       0     539       0   102.5     539       0     539       0   102.5
queens 1000 2     0    0.03     521       0     521       0   107.1     521       0     521       0   107.1
queens 1000 2     0    0.03     523       0     523       0   100.6     523       0     523       0   100.6
queens 1000 2     0    0.03     532       0     532       0   109.0     532       0     532       0   109.0
queens 1000 2     0    0.03     528       0     528       0    99.2     528       0     528       0    99.2
queens 1000 2     0    0.03     512       0     512       0   103.6     512       0     512       0   103.6
queens 1000 2     0    0.03     541       0     541       0   101.3     541       0     541       0   101.3
queens 1000 2     0    0.03     529       0     529       0   103.5     529       0     529       0   103.5
queens 1000 2     0    0.03     523       0     523       0   100.2     523       0     523       0   100.2
queens 1000 2     0    0.03     523       0     523       0   104.8     523       0     523       0   104.8
queens 1000 2     0    0.03     528       0     528       0    99.8     528       0     528       0    99.8
queens 1000 2     0    0.03     543       0     543       0    98.4     543       0     543       0    98.4
queens 1000 2     0    0.03     516       0     516       0    95.7     516       0     516       0    95.7
queens 1000 2     0    0.03     550       0     550       0    98.3     550       0     550       0    98.3
queens 1000 2     0    0.03     507       0     507       0    91.0     507       0     507       0    91.0
queens 1000 2     0    0.03     510       0     510       0    96.6     510       0     510       0    96.6
queens 1000 2     0    0.03     521       0     521       0    96.8     521       0     521       0    96.8
queens 1000 2     0    0.03     520       0     520       0   100.7     520       0     520       0   100.7
queens 1000 2     0    0.03     526       0     526       0   102.9     526       0     526       0   102.9
queens 1000 2     0    0.03     534       0     534       0   119.5     534       0     534       0   119.5
queens 1000 2     0    0.03     513       0     513       0   106.3     513       0     513       0   106.3
queens 1000 2     0    0.03     526       0     526       0   106.0     526       0     526       0   106.0
queens 1000 2     0    0.03     529       0     529       0   108.1     529       0     529       0   108.1
queens 1000 2     0    0.03     519       0     519       0    95.3     519       0     519       0    95.3
queens 1000 2     0    0.03     533       0     533       0    98.8     533       0     533       0    98.8
queens 1000 2     0    0.03     520       0     520       0   110.7     520       0     520       0   110.7
queens 1000 2     0    0.03     502       0     502       0   102.6     502       0     502       0   102.6
queens 1000 2     0    0.03     502       0     502       0   102.1     502       0     502       0   102.1
queens 1000 2     0    0.03     536       0     536       0   104.4     536       0     536       0   104.4
queens 1000 4     0    0.03     515       0     515       0   106.2     515       0     515       0   106.2
queens 1000 4     0    0.03     508       0     508       0   100.9     508       0     508       0   100.9
queens 1000 4     0    0.03     506       0     506       0   106.7     506       0     506       0   106.7
queens 1000 4     0    0.03     524       0     524       0   101.4     524       0     524       0   101.4
queens 1000 4     0    0.03     512       0     512       0   110.5     512       0     512       0   110.5
queens 1000 4     0    0.03     512       0     512       0    97.0     512       0     512       0    97.0
queens 1000 4     0    0.03     525       0     525       0    95.7     525       0     525       0    95.7
queens 1000 4     0    0.03     529       0     529       0   102.0     529       0     529       0   102.0
queens 1000 4     0    0.03     488       0     488       0    91.6     488       0     488       0    91.6
queens 1000 4     0    0.03     513       0     513       0   106.6     513       0     513       0   106.6
queens 1000 4     0    0.03     492       0     492       0   100.3     492       0     492       0   100.3
queens 1000 4     0    0.03     501       0     501       0    94.4     501       0     501       0    94.4
queens 1000 4     0    0.03     520       0     520       0    94.9     520       0     520       0    94.9
queens 1000 4     0    0.03     498       0     498       0    94.0     498       0     498       0    94.0
queens 1000 4     0    0.03     541       0     541       0    97.5     541       0     541       0    97.5
queens 1000 4     0    0.03     519       0     519       0    98.9     519       0     519       0    98.9
queens 1000 4     0    0.03     518       0     518       0   105.7     518       0     518       0   105.7
queens 1000 4     0    0.03     495       0     495       0   106.7     495       0     495       0   106.7
queens 1000 4     0    0.03     522       0     522       0    99.2     522       0     522       0    99.2
queens 1000 4     0    0.03     505       0     505       0    93.4     505       0     505       0    93.4
queens 1000 4     0    0.03     510       0     510       0    98.6     510       0     510       0    98.6
queens 1000 4     0    0.03     503       0     503       0    95.7     503       0     503       0    95.7
queens 1000 4     0    0.03     503       0     503       0   101.3     503       0     503       0   101.3
queens 1000 4     0    0.03     509       0     509       0   103.2     509       0     509       0   103.2
queens 1000 4     0    0.03     509       0     509       0   103.5     509       0     509       0   103.5
queens 1000 4     0    0.03     526       0     526       0    81.2     526       0     526       0    81.2
queens 1000 4     0    0.03     525       0     525       0   116.5     525       0     525       0   116.5
queens 1000 4     0    0.03     528       0     528       0    86.4     528       0     528       0    86.4
queens 1000 4     0    0.03     513       0     513       0   102.4     513       0     513       0   102.4
queens 1000 4     0    0.03     527       0     527       0   106.3     527       0     527       0   106.3
queens 1000 8     0    0.04     515       0     515       0   111.4     515       0     515       0   111.4
queens 1000 8     0    0.04     515       0     515       0   101.9     515       0     515       0   101.9
queens 1000 8     0    0.04     522       0     522       0   110.3     522       0     522       0   110.3
queens 1000 8     0    0.04     502       0     502       0   100.7     502       0     502       0   100.7
queens 1000 8     0    0.04     525       0     525       0   102.9     525       0     525       0   102.9
queens 1000 8     0    0.04     510       0     510       0   108.6     510       0     510       0   108.6
queens 1000 8     0    0.04     498       0     498       0   108.6     498       0     498       0   108.6
queens 1000 8     0    0.04     521       0     521       0   101.2     521       0     521       0   101.2
queens 1000 8     0    0.04     507       0     507       0    99.9     507       0     507       0    99.9
queens 1000 8     0    0.04     496       0     496       0   105.4     496       0     496       0   105.4
queens 1000 8     0    0.04     506       0     506       0    96.7     506       0     506       0    96.7
queens 1000 8     0    0.04     511       0     511       0   108.0     511       0     511       0   108.0
queens 1000 8     0    0.04     535       0     535       0   100.2     535       0     535       0   100.2
queens 1000 8     0    0.04     501       0     501       0    97.8     501       0     501       0    97.8
queens 1000 8     0    0.04     484       0     484       0    96.2     484       0     484       0    96.2
queens 1000 8     0    0.04     503       0     503       0    93.7     503       0     503       0    93.7
queens 1000 8     0    0.04     506       0     506       0   106.1     506       0     506       0   106.1
queens 1000 8     0    0.04     532       0     532       0    94.7     532       0     532       0    94.7
queens 1000 8     0    0.04     498       0     498       0   111.2     498       0     498       0   111.2
queens 1000 8     0    0.04     516       0     516       0   109.1     516       0     516       0   109.1
queens 1000 8     0    0.04     517       0     517       0   102.6     517       0     517       0   102.6
queens 1000 8     0    0.04     514       0     514       0   102.6     514       0     514       0   102.6
queens 1000 8     0    0.04     526       0     526       0   105.9     526       0     526       0   105.9
queens 1000 8     0    0.04     492       0     492       0    93.6     492       0     492       0    93.6
queens 1000 8     0    0.04     505       0     505       0    92.0     505       0     505       0    92.0
queens 1000 8     0    0.04     497       0     497       0    99.2     497       0     497       0    99.2
queens 1000 8     0    0.04     507       0     507       0    99.8     507       0     507       0    99.8
queens 1000 8     0    0.04     519       0     519       0    99.0     519       0     519       0    99.0
queens 1000 8     0    0.04     529       0     529       0   101.2     529       0     529       0   101.2
queens 1000 8     0    0.04     512       0     512       0   109.8     512       0     512       0   109.8
queens 1000 16     0    0.04     505       0     505       0   109.7     505       0     505       0   109.7
queens 1000 16     0    0.04     507       0     507       0   105.6     507       0     507       0   105.6
queens 1000 16     0    0.05     505       0     505       0    96.7     505       0     505       0    96.7
queens 1000 16     0    0.04     525       0     525       0    95.1     525       0     525       0    95.1
queens 1000 16     0    0.04     517       0     517       0   104.5     517       0     517       0   104.5
queens 1000 16     0    0.04     512       0     512       0   103.8     512       0     512       0   103.8
queens 1000 16     0    0.05     550       0     550       0   103.1     550       0     550       0   103.1
queens 1000 16     0    0.04     506       0     506       0   102.4     506       0     506       0   102.4
queens 1000 16     0    0.04     495       0     495       0    99.5     495       0     495       0    99.5
queens 1000 16     0    0.04     525       0     525       0    96.5     525       0     525       0    96.5
queens 1000 16     0    0.04     520       0     520       0   100.7     520       0     520       0   100.7
queens 1000 16     0    0.04     511       0     511       0   107.8     511       0     511       0   107.8
queens 1000 16     0    0.04     514       0     514       0   104.8     514       0     514       0   104.8
queens 1000 16     0    0.04     519       0     519       0   105.5     519       0     519       0   105.5
queens 1000 16     0    0.04     523       0     523       0   104.8     523       0     523       0   104.8
queens 1000 16     0    0.04     518       0     518       0   104.6     518       0     518       0   104.6
queens 1000 16     0    0.04     498       0     498       0   101.2     498       0     498       0   101.2
queens 1000 16     0    0.04     509       0     509       0    99.1     509       0     509       0    99.1
queens 1000 16     0    0.04     497       0     497       0    96.2     497       0     497       0    96.2
queens 1000 16     0    0.04     485       0     485       0    96.1     485       0     485       0    96.1
queens 1000 16     0    0.04     495       0     495       0   100.2     495       0     495       0   100.2
queens 1000 16     0    0.05     516       0     516       0   109.1     516       0     516       0   109.1
queens 1000 16     0    0.04     513       0     513       0   102.8     513       0     513       0   102.8
queens 1000 16     0    0.05     486       0     486       0    95.7     486       0     486       0    95.7
queens 1000 16     0    0.04     497       0     497       0   104.5     497       0     497       0   104.5
queens 1000 16     0    0.04     492       0     492       0   108.2     492       0     492       0   108.2
queens 1000 16     0    0.05     540       0     540       0   111.3     540       0     540       0   111.3
queens 1000 16     0    0.04     516       0     516       0   105.2     516       0     516       0   105.2
queens 1000 16     0    0.04     512       0     512       0   101.2     512       0     512       0   101.2
queens 1000 16     0    0.05     518       0     518       0   105.6     518       0     518       0   105.6
queens 2000 1     0    0.11    1071       0    1071       0   223.1    1071       0    1071       0   223.1
queens 2000 1     0    0.11    1091       0    1091       0   220.3    1091       0    1091       0   220.3
queens 2000 1     0    0.11    1079       0    1079       0   226.8    1079       0    1079       0   226.8
queens 2000 1     0    0.11    1097       0    1097       0   211.3    1097       0    1097       0   211.3
queens 2000 1     0    0.11    1079       0    1079       0   211.0    1079       0    1079       0   211.0
queens 2000 1     0    0.11    1090       0    1090       0   202.0    1090       0    1090       0   202.0
queens 2000 1     0    0.11    1091       0    1091       0   208.4    1091       0    1091       0   208.4
queens 2000 1     0    0.11    1093       0    1093       0   211.2    1093       0    1093       0   211.2
queens 2000 1     0    0.11    1096       0    1096       0   210.9    1096       0    1096       0   210.9
queens 2000 1     0    0.11    1055       0    1055       0   204.4    1055       0    1055       0   204.4
queens 2000 1     0    0.11    1096       0    1096       0   210.4    1096       0    1096       0   210.4
queens 2000 1     0    0.11    1081       0    1081       0   205.4    1081       0    1081       0   205.4
queens 2000 1     0    0.12    1117       0    1117       0   202.6    1117       0    1117       0   202.6
queens 2000 1     0    0.11    1079       0    1079       0   210.0    1079       0    1079       0   210.0
queens 2000 1     0    0.11    1077       0    1077       0   222.3    1077       0    1077       0   222.3
queens 2000 1     0    0.11    1051       0    1051       0   208.7    1051       0    1051       0   208.7
queens 2000 1     0    0.11    1103       0    1103       0   203.1    1103       0    1103       0   203.1
queens 2000 1     0    0.11    1082       0    1082       0   204.5    1082       0    1082       0   204.5
queens 2000 1     0    0.11    1070       0    1070       0   201.9    1070       0    1070       0   201.9
queens 2000 1     0    0.12    1108       0    1108       0   213.9    1108       0    1108       0   213.9
queens 2000 1     0    0.11    1082       0    1082       0   208.7    1082       0    1082       0   208.7
queens 2000 1     0    0.11    1086       0    1086       0   223.0    1086       0    1086       0   223.0
queens 2000 1     0    0.11    1078       0    1078       0   212.5    1078       0    1078       0   212.5
queens 2000 1     0    0.11    1082       0    1082       0   198.4    1082       0    1082       0   198.4
queens 2000 1     0    0.11    1065       0    1065       0   211.3    1065       0    1065       0   211.3
queens 2000 1     0    0.11    1067       0    1067       0   200.5    1067       0    1067       0   200.5
queens 2000 1     0    0.11    1102       0    1102       0   201.3    1102       0    1102       0   201.3
queens 2000 1     0    0.11    1034       0    1034       0   212.1    1034       0    1034       0   212.1
queens 2000 1     0    0.11    1088       0    1088       0   216.6    1088       0    1088       0   216.6
queens 2000 1     0    0.11    1109       0    1109       0   215.6    1109       0    1109       0   215.6
queens 2000 2     0    0.11    1061       0    1061       0   227.2    1061       0    1061       0   227.2
queens 2000 2     0    0.11    1063       0    1063       0   209.9    1063       0    1063       0   209.9
queens 2000 2     0    0.11    1074       0    1074       0   220.1    1074       0    1074       0   220.1
queens 2000 2     0    0.11    1067       0    1067       0   200.1    1067       0    1067       0   200.1
queens 2000 2     0    0.11    1052       0    1052       0   214.3    1052       0    1052       0   214.3
queens 2000 2     0    0.11    1050       0    1050       0   201.0    1050       0    1050       0   201.0
queens 2000 2     0    0.11    1067       0    1067       0   210.7    1067       0    1067       0   210.7
queens 2000 2     0    0.11    1063       0    1063       0   208.3    1063       0    1063       0   208.3
queens 2000 2     0    0.11    1069       0    1069       0   212.1    1069       0    1069       0   212.1
queens 2000 2     0    0.11    1057       0    1057       0   209.8    1057       0    1057       0   209.8
queens 2000 2     0    0.11    1015       0    1015       0   205.3    1015       0    1015       0   205.3
queens 2000 2     0    0.11    1041       0    1041       0   204.6    1041       0    1041       0   204.6
queens 2000 2     0    0.11    1057       0    1057       0   205.3    1057       0    1057       0   205.3
queens 2000 2     0    0.11    1085       0    1085       0   223.2    1085       0    1085       0   223.2
queens 2000 2     0    0.11    1042       0    1042       0   207.1    1042       0    1042       0   207.1
queens 2000 2     0    0.11    1074       0    1074       0   202.5    1074       0    1074       0   202.5
queens 2000 2     0    0.11    1050       0    1050       0   218.7    1050       0    1050       0   218.7
queens 2000 2     0    0.11    1034       0    1034       0   211.5    1034       0    1034       0   211.5
queens 2000 2     0    0.11    1092       0    1092       0   203.4    1092       0    1092       0   203.4
queens 2000 2     0    0.11    1051       0    1051       0   230.7    1051       0    1051       0   230.7
queens 2000 2     0    0.11    1046       0    1046       0   202.8    1046       0    1046       0   202.8
queens 2000 2     0    0.11    1083       0    1083       0   215.2    1083       0    1083       0   215.2
queens 2000 2     0    0.11    1069       0    1069       0   215.2    1069       0    1069       0   215.2
queens 2000 2     0    0.11    1075       0    1075       0   217.0    1075       0    1075       0   217.0
queens 2000 2     0    0.11    1050       0    1050       0   215.9    1050       0    1050       0   215.9
queens 2000 2     0    0.11    1047       0    1047       0   211.7    1047       0    1047       0   211.7
queens 2000 2     0    0.11    1075       0    1075       0   217.2    1075       0    1075       0   217.2
queens 2000 2     0    0.11    1024       0    1024       0   203.8    1024       0    1024       0   203.8
queens 2000 2     0    0.11    1062       0    1062       0   207.4    1062       0    1062       0   207.4
queens 2000 2     0    0.11    1075       0    1075       0   202.0    1075       0    1075       0   202.0
queens 2000 4     0    0.11    1036       0    1036       0   217.9    1036       0    1036       0   217.9
queens 2000 4     0    0.11    1031       0    1031       0   214.8    1031       0    1031       0   214.8
queens 2000 4     0    0.11    1031       0    1031       0   204.3    1031       0    1031       0   204.3
queens 2000 4     0    0.11    1073       0    1073       0   204.5    1073       0    1073       0   204.5
queens 2000 4     0    0.11    1066       0    1066       0   194.1    1066       0    1066       0   194.1
queens 2000 4     0    0.12    1089       0    1089       0   213.7    1089       0    1089       0   213.7
queens 2000 4     0    0.12    1079       0    1079       0   226.3    1079       0    1079       0   226.3
queens 2000 4     0    0.11    1041       0    1041       0   217.6    1041       0    1041       0   217.6
queens 2000 4     0    0.11    1061       0    1061       0   216.5    1061       0    1061       0   216.5
queens 2000 4     0    0.11    1052       0    1052       0   215.0    1052       0    1052       0   215.0
queens 2000 4     0    0.11    1059       0    1059       0   205.7    1059       0    1059       0   205.7
queens 2000 4     0    0.11    1036       0    1036       0   200.4    1036       0    1036       0   200.4
queens 2000 4     0    0.11    1040       0    1040       0   217.1    1040       0    1040       0   217.1
queens 2000 4     0    0.11    1025       0    1025       0   207.1    1025       0    1025       0   207.1
queens 2000 4     0    0.12    1083       0    1083       0   210.0    1083       0    1083       0   210.0
queens 2000 4     0    0.11    1037       0    1037       0   211.7    1037       0    1037       0   211.7
queens 2000 4     0    0.11    1030       0    1030       0   195.6    1030       0    1030       0   195.6
queens 2000 4     0    0.11    1030       0    1030       0   211.0    1030       0    1030       0   211.0
queens 2000 4     0    0.11    1065       0    1065       0   212.4    1065       0    1065       0   212.4
queens 2000 4     0    0.11    1063       0    1063       0   210.8    1063       0    1063       0   210.8
queens 2000 4     0    0.12    1075       0    1075       0   196.8    1075       0    1075       0   196.8
queens 2000 4     0    0.11    1078       0    1078       0   215.2    1078       0    1078       0   215.2
queens 2000 4     0    0.11    1046       0    1046       0   203.0    1046       0    1046       0   203.0
queens 2000 4     0    0.11    1049       0    1049       0   214.5    1049       0    1049       0   214.5
queens 2000 4     0    0.11    1057       0    1057       0   212.7    1057       0    1057       0   212.7
queens 2000 4     0    0.12    1085       0    1085       0   216.6    1085       0    1085       0   216.6
queens 2000 4     0    0.11    1026       0    1026       0   202.4    1026       0    1026       0   202.4
queens 2000 4     0    0.11    1054       0    1054       0   195.8    1054       0    1054       0   195.8
queens 2000 4     0    0.11    1025       0    1025       0   228.7    1025       0    1025       0   228.7
queens 2000 4     0    0.11    1051       0    1051       0   204.9    1051       0    1051       0   204.9
queens 2000 8     0    0.12    1042       0    1042       0   207.1    1042       0    1042       0   207.1
queens 2000 8     0    0.12    1038       0    1038       0   225.5    1038       0    1038       0   225.5
queens 2000 8     0    0.12    1058       0    1058       0   215.1    1058       0    1058       0   215.1
queens 2000 8     0    0.12    1042       0    1042       0   219.9    1042       0    1042       0   219.9
queens 2000 8     0    0.12    1048       0    1048       0   213.4    1048       0    1048       0   213.4
queens 2000 8     0    0.12    1052       0    1052       0   202.5    1052       0    1052       0   202.5
queens 2000 8     0    0.12    1078       0    1078       0   209.3    1078       0    1078       0   209.3
queens 2000 8     0    0.12    1051       0    1051       0   202.0    1051       0    1051       0   202.0
queens 2000 8     0    0.12    1054       0    1054       0   211.5    1054       0    1054       0   211.5
queens 2000 8     0    0.12    1044       0    1044       0   211.7    1044       0    1044       0   211.7
queens 2000 8     0    0.12    1043       0    1043       0   213.9    1043       0    1043       0   213.9
queens 2000 8     0    0.12    1043       0    1043       0   213.5    1043       0    1043       0   213.5
queens 2000 8     0    0.12    1051       0    1051       0   220.8    1051       0    1051       0   220.8
queens 2000 8     0    0.12    1047       0    1047       0   200.4    1047       0    1047       0   200.4
queens 2000 8     0    0.12    1049       0    1049       0   208.0    1049       0    1049       0   208.0
queens 2000 8     0    0.12    1027       0    1027       0   204.5    1027       0    1027       0   204.5
queens 2000 8     0    0.12    1039       0    1039       0   213.8    1039       0    1039       0   213.8
queens 2000 8     0    0.12    1057       0    1057       0   196.3    1057       0    1057       0   196.3
queens 2000 8     0    0.12    1078       0    1078       0   200.9    1078       0    1078       0   200.9
queens 2000 8     0    0.12    1070       0    1070       0   210.4    1070       0    1070       0   210.4
queens 2000 8     0    0.11    1008       0    1008       0   219.3    1008       0    1008       0   219.3
queens 2000 8     0    0.12    1047       0    1047       0   208.6    1047       0    1047       0   208.6
queens 2000 8     0    0.12    1042       0    1042       0   219.9    1042       0    1042       0   219.9
queens 2000 8     0    0.12    1028       0    1028       0   226.3    1028       0    1028       0   226.3
queens 2000 8     0    0.12    1034       0    1034       0   223.5    1034       0    1034       0   223.5
queens 2000 8     0    0.12    1063       0    1063       0   205.1    1063       0    1063       0   205.1
queens 2000 8     0    0.12    1059       0    1059       0   205.8    1059       0    1059       0   205.8
queens 2000 8     0    0.12    1086       0    1086       0   214.9    1086       0    1086       0   214.9
queens 2000 8     0    0.12    1041       0    1041       0   201.0    1041       0    1041       0   201.0
queens 2000 8     0    0.11    1028       0    1028       0   206.8    1028       0    1028       0   206.8
queens 2000 16     0    0.12    1018       0    1018       0   211.9    1018       0    1018       0   211.9
queens 2000 16     0    0.12    1026       0    1026       0   210.4    1026       0    1026       0   210.4
queens 2000 16     0    0.12    1052       0    1052       0   211.7    1052       0    1052       0   211.7
queens 2000 16     0    0.12    1031       0    1031       0   211.0    1031       0    1031       0   211.0
queens 2000 16     0    0.12    1036       0    1036       0   213.3    1036       0    1036       0   213.3
queens 2000 16     0    0.12    1035       0    1035       0   213.5    1035       0    1035       0   213.5
queens 2000 16     0    0.12    1026       0    1026       0   203.9    1026       0    1026       0   203.9
queens 2000 16     0    0.12    1028       0    1028       0   201.5    1028       0    1028       0   201.5
queens 2000 16     0    0.12    1040       0    1040       0   204.5    1040       0    1040       0   204.5
queens 2000 16     0    0.12    1053       0    1053       0   210.0    1053       0    1053       0   210.0
queens 2000 16     0    0.12    1046       0    1046       0   220.0    1046       0    1046       0   220.0
queens 2000 16     0    0.12    1040       0    1040       0   212.2    1040       0    1040       0   212.2
queens 2000 16     0    0.12    1013       0    1013       0   202.7    1013       0    1013       0   202.7
queens 2000 16     0    0.13    1058       0    1058       0   200.7    1058       0    1058       0   200.7
queens 2000 16     0    0.13    1022       0    1022       0   215.9    1022       0    1022       0   215.9
queens 2000 16     0    0.13    1020       0    1020       0   205.8    1020       0    1020       0   205.8
queens 2000 16     0    0.13    1036       0    1036       0   196.7    1036       0    1036       0   196.7
queens 2000 16     0    0.12    1019       0    1019       0   218.9    1019       0    1019       0   218.9
queens 2000 16     0    0.12    1050       0    1050       0   197.6    1050       0    1050       0   197.6
queens 2000 16     0    0.12    1051       0    1051       0   205.1    1051       0    1051       0   205.1
queens 2000 16     0    0.12    1045       0    1045       0   211.9    1045       0    1045       0   211.9
queens 2000 16     0    0.12    1044       0    1044       0   222.1    1044       0    1044       0   222.1
queens 2000 16     0    0.13    1055       0    1055       0   224.3    1055       0    1055       0   224.3
queens 2000 16     0    0.12    1012       0    1012       0   219.9    1012       0    1012       0   219.9
queens 2000 16     0    0.12    1040       0    1040       0   205.4    1040       0    1040       0   205.4
queens 2000 16     0    0.12    1010       0    1010       0   216.9    1010       0    1010       0   216.9
queens 2000 16     0    0.13    1079       0    1079       0   204.0    1079       0    1079       0   204.0
queens 2000 16     0    0.12    1038       0    1038       0   211.4    1038       0    1038       0   211.4
queens 2000 16     0    0.12    1047       0    1047       0   203.9    1047       0    1047       0   203.9
queens 2000 16     0    0.13    1029       0    1029       0   214.6    1029       0    1029       0   214.6
queens 4000 1     0    0.43    2191       0    2191       0   416.1    2191       0    2191       0   416.1
queens 4000 1     0    0.42    2142       0    2142       0   419.2    2142       0    2142       0   419.2
queens 4000 1     0    0.41    2072       0    2072       0   427.3    2072       0    2072       0   427.3
queens 4000 1     0    0.43    2184       0    2184       0   422.2    2184       0    2184       0   422.2
queens 4000 1     0    0.42    2162       0    2162       0   428.8    2162       0    2162       0   428.8
queens 4000 1     0    0.42    2164       0    2164       0   419.2    2164       0    2164       0   419.2
queens 4000 1     0    0.42    2136       0    2136       0   421.8    2136       0    2136       0   421.8
queens 4000 1     0    0.44    2222       0    2222       0   445.0    2222       0    2222       0   445.0
queens 4000 1     0    0.42    2145       0    2145       0   435.7    2145       0    2145       0   435.7
queens 4000 1     0    0.43    2173       0    2173       0   450.2    2173       0    2173       0   450.2
queens 4000 1     0    0.43    2226       0    2226       0   434.1    2226       0    2226       0   434.1
queens 4000 1     0    0.43    2203       0    2203       0   427.4    2203       0    2203       0   427.4
queens 4000 1     0    0.44    2242       0    2242       0   430.6    2242       0    2242       0   430.6
queens 4000 1     0    0.42    2131       0    2131       0   436.6    2131       0    2131       0   436.6
queens 4000 1     0    0.43    2165       0    2165       0   432.5    2165       0    2165       0   432.5
queens 4000 1     0    0.42    2144       0    2144       0   421.5    2144       0    2144       0   421.5
queens 4000 1     0    0.42    2156       0    2156       0   414.8    2156       0    2156       0   414.8
queens 4000 1     0    0.42    2144       0    2144       0   411.7    2144       0    2144       0   411.7
queens 4000 1     0    0.44    2211       0    2211       0   414.4    2211       0    2211       0   414.4
queens 4000 1     0    0.42    2163       0    2163       0   425.2    2163       0    2163       0   425.2
queens 4000 1     0    0.42    2171       0    2171       0   423.0    2171       0    2171       0   423.0
queens 4000 1     0    0.42    2171       0    2171       0   421.9    2171       0    2171       0   421.9
queens 4000 1     0    0.44    2230       0    2230       0   443.0    2230       0    2230       0   443.0
queens 4000 1     0    0.43    2182       0    2182       0   444.7    2182       0    2182       0   444.7
queens 4000 1     0    0.42    2138       0    2138       0   443.2    2138       0    2138       0   443.2
queens 4000 1     0    0.43    2184       0    2184       0   436.6    2184       0    2184       0   436.6
queens 4000 1     0    0.43    2187       0    2187       0   414.2    2187       0    2187       0   414.2
queens 4000 1     0    0.43    2189       0    2189       0   441.4    2189       0    2189       0   441.4
queens 4000 1     0    0.41    2118       0    2118       0   434.1    2118       0    2118       0   434.1
queens 4000 1     0    0.44    2231       0    2231       0   425.5    2231       0    2231       0   425.5
queens 4000 2     0    0.42    2151       0    2151       0   427.7    2151       0    2151       0   427.7
queens 4000 2     0    0.42    2141       0    2141       0   413.0    2141       0    2141       0   413.0
queens 4000 2     0    0.43    2187       0    2187       0   441.1    2187       0    2187       0   441.1
queens 4000 2     0    0.42    2147       0    2147       0   448.2    2147       0    2147       0   448.2
queens 4000 2     0    0.42    2159       0    2159       0   416.4    2159       0    2159       0   416.4
queens 4000 2     0    0.43    2154       0    2154       0   423.9    2154       0    2154       0   423.9
queens 4000 2     0    0.42    2137       0    2137       0   454.3    2137       0    2137       0   454.3
queens 4000 2     0    0.42    2112       0    2112       0   439.3    2112       0    2112       0   439.3
queens 4000 2     0    0.43    2175       0    2175       0   420.4    2175       0    2175       0   420.4
queens 4000 2     0    0.43    2184       0    2184       0   432.1    2184       0    2184       0   432.1
queens 4000 2     0    0.41    2098       0    2098       0   407.3    2098       0    2098       0   407.3
queens 4000 2     0    0.42    2124       0    2124       0   451.1    2124       0    2124       0   451.1
queens 4000 2     0    0.42    2134       0    2134       0   430.2    2134       0    2134       0   430.2
queens 4000 2     0    0.42    2116       0    2116       0   436.7    2116       0    2116       0   436.7
queens 4000 2     0    0.42    2126       0    2126       0   431.3    2126       0    2126       0   431.3
queens 4000 2     0    0.42    2165       0    2165       0   438.9    2165       0    2165       0   438.9
queens 4000 2     0    0.41    2093       0    2093       0   426.7    2093       0    2093       0   426.7
queens 4000 2     0    0.43    2172       0    2172       0   441.1    2172       0    2172       0   441.1
queens 4000 2     0    0.42    2163       0    2163       0   433.3    2163       0    2163       0   433.3
queens 4000 2     0    0.42    2126       0    2126       0   424.5    2126       0    2126       0   424.5
queens 4000 2     0    0.42    2127       0    2127       0   426.1    2127       0    2127       0   426.1
queens 4000 2     0    0.42    2132       0    2132       0   436.2    2132       0    2132       0   436.2
queens 4000 2     0    0.43    2191       0    2191       0   421.0    2191       0    2191       0   421.0
queens 4000 2     0    0.43    2177       0    2177       0   427.5    2177       0    2177       0   427.5
queens 4000 2     0    0.42    2161       0    2161       0   438.5    2161       0    2161       0   438.5
queens 4000 2     0    0.43    2156       0    2156       0   427.4    2156       0    2156       0   427.4
queens 4000 2     0    0.42    2140       0    2140       0   436.7    2140       0    2140       0   436.7
queens 4000 2     0    0.42    2123       0    2123       0   415.3    2123       0    2123       0   415.3
queens 4000 2     0    0.41    2095       0    2095       0   427.6    2095       0    2095       0   427.6
queens 4000 2     0    0.42    2133       0    2133       0   453.1    2133       0    2133       0   453.1
queens 4000 4     0    0.42    2125       0    2125       0   443.6    2125       0    2125       0   443.6
queens 4000 4     0    0.41    2095       0    2095       0   432.6    2095       0    2095       0   432.6
queens 4000 4     0    0.42    2119       0    2119       0   432.3    2119       0    2119       0   432.3
queens 4000 4     0    0.43    2161       0    2161       0   454.3    2161       0    2161       0   454.3
queens 4000 4     0    0.42    2138       0    2138       0   416.8    2138       0    2138       0   416.8
queens 4000 4     0    0.42    2115       0    2115       0   430.6    2115       0    2115       0   430.6
queens 4000 4     0    0.42    2108       0    2108       0   415.0    2108       0    2108       0   415.0
queens 4000 4     0    0.42    2126       0    2126       0   428.8    2126       0    2126       0   428.8
queens 4000 4     0    0.41    2074       0    2074       0   429.0    2074       0    2074       0   429.0
queens 4000 4     0    0.42    2129       0    2129       0   444.0    2129       0    2129       0   444.0
queens 4000 4     0    0.42    2146       0    2146       0   423.2    2146       0    2146       0   423.2
queens 4000 4     0    0.42    2147       0    2147       0   413.7    2147       0    2147       0   413.7
queens 4000 4     0    0.41    2083       0    2083       0   431.4    2083       0    2083       0   431.4
queens 4000 4     0    0.42    2104       0    2104       0   435.3    2104       0    2104       0   435.3
queens 4000 4     0    0.41    2089       0    2089       0   441.9    2089       0    2089       0   441.9
queens 4000 4     0    0.42    2139       0    2139       0   426.7    2139       0    2139       0   426.7
queens 4000 4     0    0.42    2136       0    2136       0   448.2    2136       0    2136       0   448.2
queens 4000 4     0    0.42    2130       0    2130       0   409.9    2130       0    2130       0   409.9
queens 4000 4     0    0.42    2136       0    2136       0   438.8    2136       0    2136       0   438.8
queens 4000 4     0    0.43    2183       0    2183       0   420.2    2183       0    2183       0   420.2
queens 4000 4     0    0.42    2143       0    2143       0   423.7    2143       0    2143       0   423.7
queens 4000 4     0    0.43    2144       0    2144       0   419.2    2144       0    2144       0   419.2
queens 4000 4     0    0.42    2116       0    2116       0   436.1    2116       0    2116       0   436.1
queens 4000 4     0    0.43    2168       0    2168       0   429.2    2168       0    2168       0   429.2
queens 4000 4     0    0.42    2139       0    2139       0   426.8    2139       0    2139       0   426.8
queens 4000 4     0    0.42    2126       0    2126       0   428.4    2126       0    2126       0   428.4
queens 4000 4     0    0.42    2135       0    2135       0   439.0    2135       0    2135       0   439.0
queens 4000 4     0    0.42    2142       0    2142       0   450.0    2142       0    2142       0   450.0
queens 4000 4     0    0.43    2164       0    2164       0   449.0    2164       0    2164       0   449.0
queens 4000 4     0    0.42    2124       0    2124       0   451.8    2124       0    2124       0   451.8
queens 4000 8     0    0.42    2109       0    2109       0   433.9    2109       0    2109       0   433.9
queens 4000 8     0    0.43    2156       0    2156       0   438.3    2156       0    2156       0   438.3
queens 4000 8     0    0.43    2127       0    2127       0   415.3    2127       0    2127       0   415.3
queens 4000 8     0    0.42    2097       0    2097       0   420.1    2097       0    2097       0   420.1
queens 4000 8     0    0.42    2117       0    2117       0   443.5    2117       0    2117       0   443.5
queens 4000 8     0    0.42    2099       0    2099       0   413.7    2099       0    2099       0   413.7
queens 4000 8     0    0.43    2141       0    2141       0   433.5    2141       0    2141       0   433.5
queens 4000 8     0    0.42    2114       0    2114       0   418.0    2114       0    2114       0   418.0
queens 4000 8     0    0.42    2100       0    2100       0   430.4    2100       0    2100       0   430.4
queens 4000 8     0    0.43    2147       0    2147       0   428.2    2147       0    2147       0   428.2
queens 4000 8     0    0.42    2118       0    2118       0   423.3    2118       0    2118       0   423.3
queens 4000 8     0    0.43    2133       0    2133       0   433.3    2133       0    2133       0   433.3
queens 4000 8     0    0.43    2139       0    2139       0   433.2    2139       0    2139       0   433.2
queens 4000 8     0    0.43    2137       0    2137       0   423.2    2137       0    2137       0   423.2
queens 4000 8     0    0.42    2135       0    2135       0   416.7    2135       0    2135       0   416.7
queens 4000 8     0    0.42    2104       0    2104       0   433.1    2104       0    2104       0   433.1
queens 4000 8     0    0.42    2130       0    2130       0   428.0    2130       0    2130       0   428.0
queens 4000 8     0    0.42    2120       0    2120       0   425.3    2120       0    2120       0   425.3
queens 4000 8     0    0.42    2109       0    2109       0   436.0    2109       0    2109       0   436.0
queens 4000 8     0    0.42    2096       0    2096       0   443.2    2096       0    2096       0   443.2
queens 4000 8     0    0.42    2131       0    2131       0   445.1    2131       0    2131       0   445.1
queens 4000 8     0    0.43    2149       0    2149       0   420.8    2149       0    2149       0   420.8
queens 4000 8     0    0.42    2116       0    2116       0   424.8    2116       0    2116       0   424.8
queens 4000 8     0    0.42    2123       0    2123       0   428.1    2123       0    2123       0   428.1
queens 4000 8     0    0.43    2151       0    2151       0   442.0    2151       0    2151       0   442.0
queens 4000 8     0    0.42    2124       0    2124       0   432.7    2124       0    2124       0   432.7
queens 4000 8     0    0.42    2114       0    2114       0   424.2    2114       0    2114       0   424.2
queens 4000 8     0    0.42    2109       0    2109       0   452.1    2109       0    2109       0   452.1
queens 4000 8     0    0.43    2136       0    2136       0   431.7    2136       0    2136       0   431.7
queens 4000 8     0    0.42    2112       0    2112       0   431.5    2112       0    2112       0   431.5
queens 4000 16     0    0.43    2110       0    2110       0   430.4    2110       0    2110       0   430.4
queens 4000 16     0    0.43    2088       0    2088       0   410.2    2088       0    2088       0   410.2
queens 4000 16     0    0.43    2073       0    2073       0   429.2    2073       0    2073       0   429.2
queens 4000 16     0    0.43    2095       0    2095       0   410.2    2095       0    2095       0   410.2
queens 4000 16     0    0.43    2083       0    2083       0   435.1    2083       0    2083       0   435.1
queens 4000 16     0    0.43    2115       0    2115       0   423.8    2115       0    2115       0   423.8
queens 4000 16     0    0.43    2104       0    2104       0   435.6    2104       0    2104       0   435.6
queens 4000 16     0    0.42    2059       0    2059       0   417.8    2059       0    2059       0   417.8
queens 4000 16     0    0.43    2100       0    2100       0   413.7    2100       0    2100       0   413.7
queens 4000 16     0    0.44    2126       0    2126       0   431.7    2126       0    2126       0   431.7
queens 4000 16     0    0.43    2111       0    2111       0   424.3    2111       0    2111       0   424.3
queens 4000 16     0    0.43    2090       0    2090       0   428.5    2090       0    2090       0   428.5
queens 4000 16     0    0.43    2120       0    2120       0   426.5    2120       0    2120       0   426.5
queens 4000 16     0    0.43    2114       0    2114       0   408.1    2114       0    2114       0   408.1
queens 4000 16     0    0.43    2084       0    2084       0   439.2    2084       0    2084       0   439.2
queens 4000 16     0    0.43    2095       0    2095       0   412.1    2095       0    2095       0   412.1
queens 4000 16     0    0.43    2122       0    2122       0   432.9    2122       0    2122       0   432.9
queens 4000 16     0    0.43    2092       0    2092       0   432.8    2092       0    2092       0   432.8
queens 4000 16     0    0.43    2104       0    2104       0   430.8    2104       0    2104       0   430.8
queens 4000 16     0    0.43    2095       0    2095       0   427.6    2095       0    2095       0   427.6
queens 4000 16     0    0.42    2072       0    2072       0   443.2    2072       0    2072       0   443.2
queens 4000 16     0    0.43    2093       0    2093       0   422.4    2093       0    2093       0   422.4
queens 4000 16     0    0.43    2111       0    2111       0   415.6    2111       0    2111       0   415.6
queens 4000 16     0    0.43    2094       0    2094       0   431.5    2094       0    2094       0   431.5
queens 4000 16     0    0.43    2098       0    2098       0   424.5    2098       0    2098       0   424.5
queens 4000 16     0    0.43    2114       0    2114       0   423.9    2114       0    2114       0   423.9
queens 4000 16     0    0.43    2086       0    2086       0   414.2    2086       0    2086       0   414.2
queens 4000 16     0    0.42    2065       0    2065       0   419.7    2065       0    2065       0   419.7
queens 4000 16     0    0.43    2115       0    2115       0   433.1    2115       0    2115       0   433.1
queens 4000 16     0    0.43    2121       0    2121       0   420.1    2121       0    2121       0   420.1
queens 5000 1     0    0.67    2759       0    2759       0   534.6    2759       0    2759       0   534.6
queens 5000 1     0    0.66    2706       0    2706       0   527.5    2706       0    2706       0   527.5
queens 5000 1     0    0.68    2785       0    2785       0   548.2    2785       0    2785       0   548.2
queens 5000 1     0    0.67    2737       0    2737       0   542.8    2737       0    2737       0   542.8
queens 5000 1     0    0.66    2737       0    2737       0   560.1    2737       0    2737       0   560.1
queens 5000 1     0    0.66    2722       0    2722       0   542.9    2722       0    2722       0   542.9
queens 5000 1     0    0.65    2676       0    2676       0   535.6    2676       0    2676       0   535.6
queens 5000 1     0    0.66    2701       0    2701       0   542.4    2701       0    2701       0   542.4
queens 5000 1     0    0.66    2732       0    2732       0   550.4    2732       0    2732       0   550.4
queens 5000 1     0    0.67    2755       0    2755       0   544.1    2755       0    2755       0   544.1
queens 5000 1     0    0.66    2715       0    2715       0   525.7    2715       0    2715       0   525.7
queens 5000 1     0    0.65    2671       0    2671       0   559.7    2671       0    2671       0   559.7
queens 5000 1     0    0.65    2695       0    2695       0   540.3    2695       0    2695       0   540.3
queens 5000 1     0    0.67    2751       0    2751       0   539.8    2751       0    2751       0   539.8
queens 5000 1     0    0.66    2749       0    2749       0   524.6    2749       0    2749       0   524.6
queens 5000 1     0    0.66    2727       0    2727       0   532.9    2727       0    2727       0   532.9
queens 5000 1     0    0.67    2757       0    2757       0   546.2    2757       0    2757       0   546.2
queens 5000 1     0    0.66    2718       0    2718       0   530.8    2718       0    2718       0   530.8
queens 5000 1     0    0.65    2693       0    2693       0   520.2    2693       0    2693       0   520.2
queens 5000 1     0    0.65    2663       0    2663       0   519.3    2663       0    2663       0   519.3
queens 5000 1     0    0.66    2730       0    2730       0   565.4    2730       0    2730       0   565.4
queens 5000 1     0    0.66    2708       0    2708       0   532.5    2708       0    2708       0   532.5
queens 5000 1     0    0.67    2786       0    2786       0   535.5    2786       0    2786       0   535.5
queens 5000 1     0    0.67    2743       0    2743       0   538.3    2743       0    2743       0   538.3
queens 5000 1     0    0.67    2757       0    2757       0   531.9    2757       0    2757       0   531.9
queens 5000 1     0    0.67    2759       0    2759       0   532.1    2759       0    2759       0   532.1
queens 5000 1     0    0.67    2727       0    2727       0   593.3    2727       0    2727       0   593.3
queens 5000 1     0    0.65    2692       0    2692       0   539.6    2692       0    2692       0   539.6
queens 5000 1     0    0.67    2758       0    2758       0   532.8    2758       0    2758       0   532.8
queens 5000 1     0    0.65    2684       0    2684       0   575.6    2684       0    2684       0   575.6
queens 5000 2     0    0.66    2721       0    2721       0   540.0    2721       0    2721       0   540.0
queens 5000 2     0    0.66    2713       0    2713       0   532.7    2713       0    2713       0   532.7
queens 5000 2     0    0.66    2719       0    2719       0   525.7    2719       0    2719       0   525.7
queens 5000 2     0    0.65    2682       0    2682       0   524.9    2682       0    2682       0   524.9
queens 5000 2     0    0.65    2660       0    2660       0   529.2    2660       0    2660       0   529.2
queens 5000 2     0    0.66    2700       0    2700       0   533.4    2700       0    2700       0   533.4
queens 5000 2     0    0.65    2660       0    2660       0   532.6    2660       0    2660       0   532.6
queens 5000 2     0    0.65    2697       0    2697       0   520.5    2697       0    2697       0   520.5
queens 5000 2     0    0.66    2730       0    2730       0   540.6    2730       0    2730       0   540.6
queens 5000 2     0    0.66    2717       0    2717       0   541.6    2717       0    2717       0   541.6
queens 5000 2     0    0.65    2670       0    2670       0   532.9    2670       0    2670       0   532.9
queens 5000 2     0    0.66    2710       0    2710       0   529.9    2710       0    2710       0   529.9
queens 5000 2     0    0.65    2659       0    2659       0   544.7    2659       0    2659       0   544.7
queens 5000 2     0    0.66    2705       0    2705       0   523.3    2705       0    2705       0   523.3
queens 5000 2     0    0.66    2712       0    2712       0   528.5    2712       0    2712       0   528.5
queens 5000 2     0    0.65    2662       0    2662       0   544.0    2662       0    2662       0   544.0
queens 5000 2     0    0.64    2655       0    2655       0   555.6    2655       0    2655       0   555.6
queens 5000 2     0    0.64    2626       0    2626       0   528.3    2626       0    2626       0   528.3
queens 5000 2     0    0.66    2720       0    2720       0   531.0    2720       0    2720       0   531.0
queens 5000 2     0    0.66    2712       0    2712       0   501.1    2712       0    2712       0   501.1
queens 5000 2     0    0.66    2732       0    2732       0   565.0    2732       0    2732       0   565.0
queens 5000 2     0    0.65    2671       0    2671       0   542.5    2671       0    2671       0   542.5
queens 5000 2     0    0.65    2682       0    2682       0   524.8    2682       0    2682       0   524.8
queens 5000 2     0    0.66    2704       0    2704       0   520.8    2704       0    2704       0   520.8
queens 5000 2     0    0.65    2658       0    2658       0   533.8    2658       0    2658       0   533.8
queens 5000 2     0    0.66    2697       0    2697       0   525.1    2697       0    2697       0   525.1
queens 5000 2     0    0.66    2709       0    2709       0   557.5    2709       0    2709       0   557.5
queens 5000 2     0    0.64    2636       0    2636       0   547.2    2636       0    2636       0   547.2
queens 5000 2     0    0.65    2669       0    2669       0   528.2    2669       0    2669       0   528.2
queens 5000 2     0    0.65    2688       0    2688       0   527.4    2688       0    2688       0   527.4
queens 5000 4     0    0.65    2665       0    2665       0   547.0    2665       0    2665       0   547.0
queens 5000 4     0    0.65    2653       0    2653       0   530.8    2653       0    2653       0   530.8
queens 5000 4     0    0.64    2636       0    2636       0   548.5    2636       0    2636       0   548.5
queens 5000 4     0    0.65    2654       0    2654       0   553.1    2654       0    2654       0   553.1
queens 5000 4     0    0.67    2727       0    2727       0   530.1    2727       0    2727       0   530.1
queens 5000 4     0    0.66    2692       0    2692       0   531.6    2692       0    2692       0   531.6
queens 5000 4     0    0.66    2698       0    2698       0   568.7    2698       0    2698       0   568.7
queens 5000 4     0    0.65    2672       0    2672       0   554.2    2672       0    2672       0   554.2
queens 5000 4     0    0.66    2684       0    2684       0   531.1    2684       0    2684       0   531.1
queens 5000 4     0    0.66    2704       0    2704       0   546.8    2704       0    2704       0   546.8
queens 5000 4     0    0.64    2617       0    2617       0   523.5    2617       0    2617       0   523.5
queens 5000 4     0    0.66    2686       0    2686       0   534.7    2686       0    2686       0   534.7
queens 5000 4     0    0.65    2675       0    2675       0   537.2    2675       0    2675       0   537.2
queens 5000 4     0    0.65    2686       0    2686       0   549.8    2686       0    2686       0   549.8
queens 5000 4     0    0.66    2722       0    2722       0   546.2    2722       0    2722       0   546.2
queens 5000 4     0    0.66    2676       0    2676       0   551.9    2676       0    2676       0   551.9
queens 5000 4     0    0.66    2696       0    2696       0   556.8    2696       0    2696       0   556.8
queens 5000 4     0    0.65    2668       0    2668       0   534.9    2668       0    2668       0   534.9
queens 5000 4     0    0.65    2646       0    2646       0   523.5    2646       0    2646       0   523.5
queens 5000 4     0    0.66    2709       0    2709       0   531.5    2709       0    2709       0   531.5
queens 5000 4     0    0.66    2707       0    2707       0   530.7    2707       0    2707       0   530.7
queens 5000 4     0    0.66    2722       0    2722       0   546.2    2722       0    2722       0   546.2
queens 5000 4     0    0.64    2606       0    2606       0   542.1    2606       0    2606       0   542.1
queens 5000 4     0    0.65    2654       0    2654       0   530.9    2654       0    2654       0   530.9
queens 5000 4     0    0.65    2684       0    2684       0   542.2    2684       0    2684       0   542.2
queens 5000 4     0    0.66    2699       0    2699       0   543.7    2699       0    2699       0   543.7
queens 5000 4     0    0.66    2695       0    2695       0   541.7    2695       0    2695       0   541.7
queens 5000 4     0    0.65    2675       0    2675       0   556.4    2675       0    2675       0   556.4
queens 5000 4     0    0.66    2708       0    2708       0   544.6    2708       0    2708       0   544.6
queens 5000 4     0    0.66    2688       0    2688       0   539.7    2688       0    2688       0   539.7
queens 5000 8     0    0.65    2653       0    2653       0   544.3    2653       0    2653       0   544.3
queens 5000 8     0    0.66    2689       0    2689       0   523.6    2689       0    2689       0   523.6
queens 5000 8     0    0.65    2641       0    2641       0   541.5    2641       0    2641       0   541.5
queens 5000 8     0    0.65    2646       0    2646       0   559.7    2646       0    2646       0   559.7
queens 5000 8     0    0.65    2632       0    2632       0   544.0    2632       0    2632       0   544.0
queens 5000 8     0    0.65    2632       0    2632       0   533.8    2632       0    2632       0   533.8
queens 5000 8     0    0.66    2704       0    2704       0   548.3    2704       0    2704       0   548.3
queens 5000 8     0    0.66    2696       0    2696       0   543.2    2696       0    2696       0   543.2
queens 5000 8     0    0.66    2669       0    2669       0   553.5    2669       0    2669       0   553.5
queens 5000 8     0    0.64    2615       0    2615       0   537.7    2615       0    2615       0   537.7
queens 5000 8     0    0.66    2688       0    2688       0   530.8    2688       0    2688       0   530.8
queens 5000 8     0    0.66    2676       0    2676       0   533.3    2676       0    2676       0   533.3
queens 5000 8     0    0.66    2679       0    2679       0   529.9    2679       0    2679       0   529.9
queens 5000 8     0    0.65    2627       0    2627       0   542.8    2627       0    2627       0   542.8
queens 5000 8     0    0.65    2658       0    2658       0   528.3    2658       0    2658       0   528.3
queens 5000 8     0    0.65    2619       0    2619       0   567.0    2619       0    2619       0   567.0
queens 5000 8     0    0.66    2662       0    2662       0   508.6    2662       0    2662       0   508.6
queens 5000 8     0    0.66    2683       0    2683       0   520.1    2683       0    2683       0   520.1
queens 5000 8     0    0.66    2689       0    2689       0   513.6    2689       0    2689       0   513.6
queens 5000 8     0    0.66    2682       0    2682       0   518.3    2682       0    2682       0   518.3
queens 5000 8     0    0.66    2673       0    2673       0   519.8    2673       0    2673       0   519.8
queens 5000 8     0    0.65    2645       0    2645       0   551.0    2645       0    2645       0   551.0
queens 5000 8     0    0.65    2648       0    2648       0   532.5    2648       0    2648       0   532.5
queens 5000 8     0    0.66    2686       0    2686       0   533.8    2686       0    2686       0   533.8
queens 5000 8     0    0.66    2667       0    2667       0   532.0    2667       0    2667       0   532.0
queens 5000 8     0    0.65    2644       0    2644       0   542.9    2644       0    2644       0   542.9
queens 5000 8     0    0.64    2602       0    2602       0   544.0    2602       0    2602       0   544.0
queens 5000 8     0    0.66    2702       0    2702       0   540.4    2702       0    2702       0   540.4
queens 5000 8     0    0.65    2654       0    2654       0   534.1    2654       0    2654       0   534.1
queens 5000 8     0    0.66    2665       0    2665       0   513.1    2665       0    2665       0   513.1
queens 5000 16     0    0.66    2644       0    2644       0   532.9    2644       0    2644       0   532.9
queens 5000 16     0    0.67    2683       0    2683       0   537.7    2683       0    2683       0   537.7
queens 5000 16     0    0.66    2644       0    2644       0   550.3    2644       0    2644       0   550.3
queens 5000 16     0    0.67    2682       0    2682       0   543.4    2682       0    2682       0   543.4
queens 5000 16     0    0.66    2628       0    2628       0   550.4    2628       0    2628       0   550.4
queens 5000 16     0    0.66    2656       0    2656       0   532.7    2656       0    2656       0   532.7
queens 5000 16     0    0.66    2651       0    2651       0   539.2    2651       0    2651       0   539.2
queens 5000 16     0    0.65    2627       0    2627       0   528.6    2627       0    2627       0   528.6
queens 5000 16     0    0.66    2670       0    2670       0   536.8    2670       0    2670       0   536.8
queens 5000 16     0    0.66    2628       0    2628       0   540.6    2628       0    2628       0   540.6
queens 5000 16     0    0.65    2608       0    2608       0   553.2    2608       0    2608       0   553.2
queens 5000 16     0    0.66    2640       0    2640       0   543.2    2640       0    2640       0   543.2
queens 5000 16     0    0.66    2641       0    2641       0   520.2    2641       0    2641       0   520.2
queens 5000 16     0    0.65    2627       0    2627       0   561.1    2627       0    2627       0   561.1
queens 5000 16     0    0.66    2661       0    2661       0   528.6    2661       0    2661       0   528.6
queens 5000 16     0    0.67    2671       0    2671       0   529.5    2671       0    2671       0   529.5
queens 5000 16     0    0.66    2658       0    2658       0   522.1    2658       0    2658       0   522.1
queens 5000 16     0    0.66    2637       0    2637       0   520.8    2637       0    2637       0   520.8
queens 5000 16     0    0.67    2669       0    2669       0   520.4    2669       0    2669       0   520.4
queens 5000 16     0    0.67    2666       0    2666       0   537.0    2666       0    2666       0   537.0
queens 5000 16     0    0.66    2658       0    2658       0   548.2    2658       0    2658       0   548.2
queens 5000 16     0    0.66    2652       0    2652       0   551.6    2652       0    2652       0   551.6
queens 5000 16     0    0.65    2616       0    2616       0   533.1    2616       0    2616       0   533.1
queens 5000 16     0    0.66    2646       0    2646       0   538.9    2646       0    2646       0   538.9
queens 5000 16     0    0.66    2651       0    2651       0   543.3    2651       0    2651       0   543.3
queens 5000 16     0    0.65    2608       0    2608       0   534.1    2608       0    2608       0   534.1
queens 5000 16     0    0.66    2672       0    2672       0   536.3    2672       0    2672       0   536.3
queens 5000 16     0    0.66    2668       0    2668       0   530.9    2668       0    2668       0   530.9
queens 5000 16     0    0.67    2670       0    2670       0   540.3    2670       0    2670       0   540.3
queens 5000 16     0    0.67    2672       0    2672       0   558.2    2672       0    2672       0   558.2
queens 6000 1     0    0.94    3253       0    3253       0   668.6    3253       0    3253       0   668.6
queens 6000 1     0    0.93    3234       0    3234       0   649.5    3234       0    3234       0   649.5
queens 6000 1     0    0.93    3218       0    3218       0   641.3    3218       0    3218       0   641.3
queens 6000 1     0    0.94    3267       0    3267       0   672.0    3267       0    3267       0   672.0
queens 6000 1     0    0.95    3295       0    3295       0   637.3    3295       0    3295       0   637.3
queens 6000 1     0    0.94    3244       0    3244       0   650.3    3244       0    3244       0   650.3
queens 6000 1     0    0.94    3263       0    3263       0   667.5    3263       0    3263       0   667.5
queens 6000 1     0    0.94    3242       0    3242       0   625.7    3242       0    3242       0   625.7
queens 6000 1     0    0.95    3273       0    3273       0   641.4    3273       0    3273       0   641.4
queens 6000 1     0    0.93    3215       0    3215       0   652.2    3215       0    3215       0   652.2
queens 6000 1     0    0.96    3327       0    3327       0   650.9    3327       0    3327       0   650.9
queens 6000 1     0    0.94    3261       0    3261       0   646.9    3261       0    3261       0   646.9
queens 6000 1     0    0.97    3357       0    3357       0   641.6    3357       0    3357       0   641.6
queens 6000 1     0    0.94    3255       0    3255       0   643.2    3255       0    3255       0   643.2
queens 6000 1     0    0.93    3232       0    3232       0   665.7    3232       0    3232       0   665.7
queens 6000 1     0    0.95    3302       0    3302       0   652.4    3302       0    3302       0   652.4
queens 6000 1     0    0.93    3221       0    3221       0   643.0    3221       0    3221       0   643.0
queens 6000 1     0    0.93    3212       0    3212       0   651.5    3212       0    3212       0   651.5
queens 6000 1     0    0.94    3247       0    3247       0   666.7    3247       0    3247       0   666.7
queens 6000 1     0    0.97    3349       0    3349       0   639.4    3349       0    3349       0   639.4
queens 6000 1     0    0.95    3303       0    3303       0   645.6    3303       0    3303       0   645.6
queens 6000 1     0    0.94    3257       0    3257       0   658.1    3257       0    3257       0   658.1
queens 6000 1     0    0.93    3208       0    3208       0   646.0    3208       0    3208       0   646.0
queens 6000 1     0    0.93    3220       0    3220       0   649.5    3220       0    3220       0   649.5
queens 6000 1     0    0.95    3300       0    3300       0   651.7    3300       0    3300       0   651.7
queens 6000 1     0    0.93    3210       0    3210       0   643.4    3210       0    3210       0   643.4
queens 6000 1     0    0.93    3203       0    3203       0   661.8    3203       0    3203       0   661.8
queens 6000 1     0    0.95    3266       0    3266       0   658.2    3266       0    3266       0   658.2
queens 6000 1     0    0.94    3244       0    3244       0   650.1    3244       0    3244       0   650.1
queens 6000 1     0    0.93    3203       0    3203       0   663.6    3203       0    3203       0   663.6
queens 6000 2     0    0.94    3243       0    3243       0   634.5    3243       0    3243       0   634.5
queens 6000 2     0    0.93    3227       0    3227       0   631.1    3227       0    3227       0   631.1
queens 6000 2     0    0.94    3236       0    3236       0   648.0    3236       0    3236       0   648.0
queens 6000 2     0    0.94    3255       0    3255       0   641.0    3255       0    3255       0   641.0
queens 6000 2     0    0.93    3222       0    3222       0   648.8    3222       0    3222       0   648.8
queens 6000 2     0    0.94    3244       0    3244       0   616.8    3244       0    3244       0   616.8
queens 6000 2     0    0.94    3265       0    3265       0   662.1    3265       0    3265       0   662.1
queens 6000 2     0    0.93    3219       0    3219       0   651.2    3219       0    3219       0   651.2
queens 6000 2     0    0.95    3281       0    3281       0   641.5    3281       0    3281       0   641.5
queens 6000 2     0    0.93    3217       0    3217       0   648.1    3217       0    3217       0   648.1
queens 6000 2     0    0.93    3230       0    3230       0   665.0    3230       0    3230       0   665.0
queens 6000 2     0    0.95    3276       0    3276       0   654.8    3276       0    3276       0   654.8
queens 6000 2     0    0.93    3205       0    3205       0   624.7    3205       0    3205       0   624.7
queens 6000 2     0    0.93    3212       0    3212       0   652.6    3212       0    3212       0   652.6
queens 6000 2     0    0.94    3234       0    3234       0   652.7    3234       0    3234       0   652.7
queens 6000 2     0    0.93    3218       0    3218       0   657.9    3218       0    3218       0   657.9
queens 6000 2     0    0.93    3204       0    3204       0   618.2    3204       0    3204       0   618.2
queens 6000 2     0    0.94    3220       0    3220       0   639.0    3220       0    3220       0   639.0
queens 6000 2     0    0.93    3204       0    3204       0   649.5    3204       0    3204       0   649.5
queens 6000 2     0    0.92    3182       0    3182       0   628.0    3182       0    3182       0   628.0
queens 6000 2     0    0.93    3220       0    3220       0   655.9    3220       0    3220       0   655.9
queens 6000 2     0    0.93    3215       0    3215       0   633.1    3215       0    3215       0   633.1
queens 6000 2     0    0.94    3253       0    3253       0   626.6    3253       0    3253       0   626.6
queens 6000 2     0    0.92    3187       0    3187       0   648.1    3187       0    3187       0   648.1
queens 6000 2     0    0.93    3199       0    3199       0   655.8    3199       0    3199       0   655.8
queens 6000 2     0    0.93    3230       0    3230       0   645.0    3230       0    3230       0   645.0
queens 6000 2     0    0.94    3261       0    3261       0   673.2    3261       0    3261       0   673.2
queens 6000 2     0    0.92    3193       0    3193       0   635.1    3193       0    3193       0   635.1
queens 6000 2     0    0.93    3222       0    3222       0   622.0    3222       0    3222       0   622.0
queens 6000 2     0    0.93    3210       0    3210       0   654.4    3210       0    3210       0   654.4
queens 6000 4     0    0.95    3275       0    3275       0   640.4    3275       0    3275       0   640.4
queens 6000 4     0    0.95    3257       0    3257       0   644.7    3257       0    3257       0   644.7
queens 6000 4     0    0.94    3230       0    3230       0   643.9    3230       0    3230       0   643.9
queens 6000 4     0    0.93    3188       0    3188       0   635.9    3188       0    3188       0   635.9
queens 6000 4     0    0.92    3178       0    3178       0   646.9    3178       0    3178       0   646.9
queens 6000 4     0    0.94    3257       0    3257       0   643.4    3257       0    3257       0   643.4
queens 6000 4     0    0.92    3188       0    3188       0   643.7    3188       0    3188       0   643.7
queens 6000 4     0    0.94    3246       0    3246       0   639.4    3246       0    3246       0   639.4
queens 6000 4     0    0.92    3170       0    3170       0   656.4    3170       0    3170       0   656.4
queens 6000 4     0    0.94    3250       0    3250       0   634.4    3250       0    3250       0   634.4
queens 6000 4     0    0.92    3188       0    3188       0   661.7    3188       0    3188       0   661.7
queens 6000 4     0    0.92    3180       0    3180       0   644.9    3180       0    3180       0   644.9
queens 6000 4     0    0.93    3206       0    3206       0   665.3    3206       0    3206       0   665.3
queens 6000 4     0    0.93    3184       0    3184       0   661.8    3184       0    3184       0   661.8
queens 6000 4     0    0.91    3140       0    3140       0   640.2    3140       0    3140       0   640.2
queens 6000 4     0    0.94    3231       0    3231       0   646.4    3231       0    3231       0   646.4
queens 6000 4     0    0.93    3216       0    3216       0   650.3    3216       0    3216       0   650.3
queens 6000 4     0    0.94    3234       0    3234       0   631.8    3234       0    3234       0   631.8
queens 6000 4     0    0.94    3253       0    3253       0   634.9    3253       0    3253       0   634.9
queens 6000 4     0    0.94    3244       0    3244       0   671.6    3244       0    3244       0   671.6
queens 6000 4     0    0.92    3165       0    3165       0   657.0    3165       0    3165       0   657.0
queens 6000 4     0    0.94    3227       0    3227       0   651.8    3227       0    3227       0   651.8
queens 6000 4     0    0.94    3216       0    3216       0   644.1    3216       0    3216       0   644.1
queens 6000 4     0    0.93    3214       0    3214       0   645.9    3214       0    3214       0   645.9
queens 6000 4     0    0.94    3247       0    3247       0   643.2    3247       0    3247       0   643.2
queens 6000 4     0    0.93    3214       0    3214       0   652.1    3214       0    3214       0   652.1
queens 6000 4     0    0.94    3245       0    3245       0   647.6    3245       0    3245       0   647.6
queens 6000 4     0    0.92    3185       0    3185       0   631.8    3185       0    3185       0   631.8
queens 6000 4     0    0.95    3259       0    3259       0   654.6    3259       0    3259       0   654.6
queens 6000 4     0    0.94    3225       0    3225       0   641.9    3225       0    3225       0   641.9
queens 6000 8     0    0.94    3209       0    3209       0   635.4    3209       0    3209       0   635.4
queens 6000 8     0    0.94    3195       0    3195       0   661.1    3195       0    3195       0   661.1
queens 6000 8     0    0.94    3189       0    3189       0   654.6    3189       0    3189       0   654.6
queens 6000 8     0    0.93    3181       0    3181       0   638.3    3181       0    3181       0   638.3
queens 6000 8     0    0.94    3223       0    3223       0   640.5    3223       0    3223       0   640.5
queens 6000 8     0    0.93    3195       0    3195       0   652.4    3195       0    3195       0   652.4
queens 6000 8     0    0.93    3187       0    3187       0   632.6    3187       0    3187       0   632.6
queens 6000 8     0    0.93    3201       0    3201       0   646.4    3201       0    3201       0   646.4
queens 6000 8     0    0.93    3195       0    3195       0   637.8    3195       0    3195       0   637.8
queens 6000 8     0    0.93    3196       0    3196       0   631.8    3196       0    3196       0   631.8
queens 6000 8     0    0.94    3206       0    3206       0   630.9    3206       0    3206       0   630.9
queens 6000 8     0    0.94    3224       0    3224       0   642.2    3224       0    3224       0   642.2
queens 6000 8     0    0.93    3203       0    3203       0   648.0    3203       0    3203       0   648.0
queens 6000 8     0    0.94    3239       0    3239       0   649.2    3239       0    3239       0   649.2
queens 6000 8     0    0.94    3215       0    3215       0   641.3    3215       0    3215       0   641.3
queens 6000 8     0    0.94    3220       0    3220       0   657.3    3220       0    3220       0   657.3
queens 6000 8     0    0.92    3175       0    3175       0   654.9    3175       0    3175       0   654.9
queens 6000 8     0    0.92    3173       0    3173       0   645.6    3173       0    3173       0   645.6
queens 6000 8     0    0.94    3238       0    3238       0   616.0    3238       0    3238       0   616.0
queens 6000 8     0    0.93    3196       0    3196       0   649.0    3196       0    3196       0   649.0
queens 6000 8     0    0.93    3187       0    3187       0   640.1    3187       0    3187       0   640.1
queens 6000 8     0    0.94    3225       0    3225       0   659.0    3225       0    3225       0   659.0
queens 6000 8     0    0.94    3209       0    3209       0   654.6    3209       0    3209       0   654.6
queens 6000 8     0    0.93    3181       0    3181       0   654.7    3181       0    3181       0   654.7
queens 6000 8     0    0.93    3187       0    3187       0   633.6    3187       0    3187       0   633.6
queens 6000 8     0    0.93    3187       0    3187       0   663.5    3187       0    3187       0   663.5
queens 6000 8     0    0.93    3200       0    3200       0   642.2    3200       0    3200       0   642.2
queens 6000 8     0    0.93    3200       0    3200       0   628.6    3200       0    3200       0   628.6
queens 6000 8     0    0.93    3186       0    3186       0   653.2    3186       0    3186       0   653.2
queens 6000 8     0    0.93    3194       0    3194       0   674.7    3194       0    3194       0   674.7
queens 6000 16     0    0.94    3175       0    3175       0   642.2    3175       0    3175       0   642.2
queens 6000 16     0    0.94    3206       0    3206       0   647.0    3206       0    3206       0   647.0
queens 6000 16     0    0.93    3158       0    3158       0   625.4    3158       0    3158       0   625.4
queens 6000 16     0    0.93    3142       0    3142       0   644.5    3142       0    3142       0   644.5
queens 6000 16     0    0.95    3210       0    3210       0   654.6    3210       0    3210       0   654.6
queens 6000 16     0    0.94    3175       0    3175       0   628.5    3175       0    3175       0   628.5
queens 6000 16     0    0.94    3168       0    3168       0   634.9    3168       0    3168       0   634.9
queens 6000 16     0    0.94    3175       0    3175       0   625.0    3175       0    3175       0   625.0
queens 6000 16     0    0.94    3177       0    3177       0   648.6    3177       0    3177       0   648.6
queens 6000 16     0    0.95    3216       0    3216       0   633.2    3216       0    3216       0   633.2
queens 6000 16     0    0.94    3191       0    3191       0   646.0    3191       0    3191       0   646.0
queens 6000 16     0    0.94    3205       0    3205       0   656.3    3205       0    3205       0   656.3
queens 6000 16     0    0.94    3201       0    3201       0   651.4    3201       0    3201       0   651.4
queens 6000 16     0    0.94    3193       0    3193       0   663.7    3193       0    3193       0   663.7
queens 6000 16     0    0.94    3184       0    3184       0   646.9    3184       0    3184       0   646.9
queens 6000 16     0    0.94    3203       0    3203       0   649.0    3203       0    3203       0   649.0
queens 6000 16     0    0.93    3137       0    3137       0   650.7    3137       0    3137       0   650.7
queens 6000 16     0    0.95    3197       0    3197       0   684.3    3197       0    3197       0   684.3
queens 6000 16     0    0.94    3193       0    3193       0   632.5    3193       0    3193       0   632.5
queens 6000 16     0    0.95    3213       0    3213       0   657.6    3213       0    3213       0   657.6
queens 6000 16     0    0.93    3173       0    3173       0   656.4    3173       0    3173       0   656.4
queens 6000 16     0    0.93    3139       0    3139       0   660.6    3139       0    3139       0   660.6
queens 6000 16     0    0.94    3175       0    3175       0   654.8    3175       0    3175       0   654.8
queens 6000 16     0    0.94    3195       0    3195       0   658.7    3195       0    3195       0   658.7
queens 6000 16     0    0.94    3194       0    3194       0   639.2    3194       0    3194       0   639.2
queens 6000 16     0    0.94    3180       0    3180       0   656.6    3180       0    3180       0   656.6
queens 6000 16     0    0.94    3176       0    3176       0   654.1    3176       0    3176       0   654.1
queens 6000 16     0    0.95    3222       0    3222       0   665.7    3222       0    3222       0   665.7
queens 6000 16     0    0.94    3198       0    3198       0   642.4    3198       0    3198       0   642.4
queens 6000 16     0    0.94    3193       0    3193       0   641.3    3193       0    3193       0   641.3
queens 1000 12     0    0.04     501       0     501       0    96.7     501       0     501       0    96.7
queens 1000 12     0    0.04     521       0     521       0   103.2     521       0     521       0   103.2
queens 1000 12     0    0.04     506       0     506       0    90.4     506       0     506       0    90.4
queens 1000 12     0    0.04     514       0     514       0    98.4     514       0     514       0    98.4
queens 1000 12     0    0.04     504       0     504       0   100.2     504       0     504       0   100.2
queens 1000 12     0    0.04     502       0     502       0    95.4     502       0     502       0    95.4
queens 1000 12     0    0.04     510       0     510       0   101.2     510       0     510       0   101.2
queens 1000 12     0    0.04     482       0     482       0    98.4     482       0     482       0    98.4
queens 1000 12     0    0.04     510       0     510       0    99.9     510       0     510       0    99.9
queens 1000 12     0    0.04     521       0     521       0   115.7     521       0     521       0   115.7
queens 1000 12     0    0.04     502       0     502       0   115.1     502       0     502       0   115.1
queens 1000 12     0    0.04     509       0     509       0    94.6     509       0     509       0    94.6
queens 1000 12     0    0.04     511       0     511       0    95.9     511       0     511       0    95.9
queens 1000 12     0    0.04     500       0     500       0    94.9     500       0     500       0    94.9
queens 1000 12     0    0.04     532       0     532       0    92.1     532       0     532       0    92.1
queens 1000 12     0    0.04     520       0     520       0    97.6     520       0     520       0    97.6
queens 1000 12     0    0.04     501       0     501       0    94.4     501       0     501       0    94.4
queens 1000 12     0    0.04     511       0     511       0    98.0     511       0     511       0    98.0
queens 1000 12     0    0.04     516       0     516       0   101.1     516       0     516       0   101.1
queens 1000 12     0    0.04     517       0     517       0    93.1     517       0     517       0    93.1
queens 1000 12     0    0.04     513       0     513       0   105.3     513       0     513       0   105.3
queens 1000 12     0    0.04     529       0     529       0   102.7     529       0     529       0   102.7
queens 1000 12     0    0.04     524       0     524       0   113.3     524       0     524       0   113.3
queens 1000 12     0    0.04     526       0     526       0    87.1     526       0     526       0    87.1
queens 1000 12     0    0.04     498       0     498       0   110.6     498       0     498       0   110.6
queens 1000 12     0    0.04     508       0     508       0    98.6     508       0     508       0    98.6
queens 1000 12     0    0.04     492       0     492       0   103.7     492       0     492       0   103.7
queens 1000 12     0    0.04     522       0     522       0   110.2     522       0     522       0   110.2
queens 1000 12     0    0.04     489       0     489       0    94.4     489       0     489       0    94.4
queens 1000 12     0    0.04     530       0     530       0    98.9     530       0     530       0    98.9
queens 2000 12     0    0.12    1045       0    1045       0   212.4    1045       0    1045       0   212.4
queens 2000 12     0    0.12    1015       0    1015       0   201.2    1015       0    1015       0   201.2
queens 2000 12     0    0.12    1035       0    1035       0   211.3    1035       0    1035       0   211.3
queens 2000 12     0    0.12    1020       0    1020       0   206.2    1020       0    1020       0   206.2
queens 2000 12     0    0.12    1034       0    1034       0   193.7    1034       0    1034       0   193.7
queens 2000 12     0    0.12    1014       0    1014       0   203.8    1014       0    1014       0   203.8
queens 2000 12     0    0.12    1037       0    1037       0   196.9    1037       0    1037       0   196.9
queens 2000 12     0    0.12    1035       0    1035       0   205.6    1035       0    1035       0   205.6
queens 2000 12     0    0.12    1032       0    1032       0   207.0    1032       0    1032       0   207.0
queens 2000 12     0    0.12    1026       0    1026       0   217.5    1026       0    1026       0   217.5
queens 2000 12     0    0.12    1007       0    1007       0   209.1    1007       0    1007       0   209.1
queens 2000 12     0    0.12    1034       0    1034       0   203.5    1034       0    1034       0   203.5
queens 2000 12     0    0.12    1028       0    1028       0   230.6    1028       0    1028       0   230.6
queens 2000 12     0    0.12    1043       0    1043       0   218.8    1043       0    1043       0   218.8
queens 2000 12     0    0.12    1029       0    1029       0   209.4    1029       0    1029       0   209.4
queens 2000 12     0    0.12    1037       0    1037       0   215.2    1037       0    1037       0   215.2
queens 2000 12     0    0.12    1046       0    1046       0   215.0    1046       0    1046       0   215.0
queens 2000 12     0    0.12    1050       0    1050       0   215.2    1050       0    1050       0   215.2
queens 2000 12     0    0.12    1014       0    1014       0   199.5    1014       0    1014       0   199.5
queens 2000 12     0    0.12    1052       0    1052       0   211.9    1052       0    1052       0   211.9
queens 2000 12     0    0.12    1005       0    1005       0   216.0    1005       0    1005       0   216.0
queens 2000 12     0    0.12    1002       0    1002       0   202.9    1002       0    1002       0   202.9
queens 2000 12     0    0.12    1061       0    1061       0   215.4    1061       0    1061       0   215.4
queens 2000 12     0    0.12    1044       0    1044       0   215.4    1044       0    1044       0   215.4
queens 2000 12     0    0.12    1015       0    1015       0   214.4    1015       0    1015       0   214.4
queens 2000 12     0    0.12    1054       0    1054       0   201.7    1054       0    1054       0   201.7
queens 2000 12     0    0.12    1048       0    1048       0   215.1    1048       0    1048       0   215.1
queens 2000 12     0    0.12    1055       0    1055       0   219.3    1055       0    1055       0   219.3
queens 2000 12     0    0.12    1029       0    1029       0   211.8    1029       0    1029       0   211.8
queens 2000 12     0    0.12    1031       0    1031       0   215.3    1031       0    1031       0   215.3
queens 4000 12     0    0.43    2127       0    2127       0   441.3    2127       0    2127       0   441.3
queens 4000 12     0    0.43    2143       0    2143       0   440.5    2143       0    2143       0   440.5
queens 4000 12     0    0.43    2139       0    2139       0   437.0    2139       0    2139       0   437.0
queens 4000 12     0    0.43    2122       0    2122       0   430.0    2122       0    2122       0   430.0
queens 4000 12     0    0.43    2110       0    2110       0   427.4    2110       0    2110       0   427.4
queens 4000 12     0    0.43    2117       0    2117       0   422.4    2117       0    2117       0   422.4
queens 4000 12     0    0.42    2100       0    2100       0   429.7    2100       0    2100       0   429.7
queens 4000 12     0    0.42    2098       0    2098       0   425.1    2098       0    2098       0   425.1
queens 4000 12     0    0.43    2129       0    2129       0   411.1    2129       0    2129       0   411.1
queens 4000 12     0    0.43    2134       0    2134       0   448.9    2134       0    2134       0   448.9
queens 4000 12     0    0.43    2136       0    2136       0   434.3    2136       0    2136       0   434.3
queens 4000 12     0    0.42    2104       0    2104       0   419.4    2104       0    2104       0   419.4
queens 4000 12     0    0.43    2119       0    2119       0   426.5    2119       0    2119       0   426.5
queens 4000 12     0    0.43    2109       0    2109       0   420.9    2109       0    2109       0   420.9
queens 4000 12     0    0.42    2094       0    2094       0   407.0    2094       0    2094       0   407.0
queens 4000 12     0    0.43    2120       0    2120       0   430.2    2120       0    2120       0   430.2
queens 4000 12     0    0.43    2123       0    2123       0   434.8    2123       0    2123       0   434.8
queens 4000 12     0    0.42    2107       0    2107       0   427.8    2107       0    2107       0   427.8
queens 4000 12     0    0.42    2088       0    2088       0   442.1    2088       0    2088       0   442.1
queens 4000 12     0    0.43    2147       0    2147       0   419.5    2147       0    2147       0   419.5
queens 4000 12     0    0.43    2110       0    2110       0   443.4    2110       0    2110       0   443.4
queens 4000 12     0    0.43    2126       0    2126       0   446.0    2126       0    2126       0   446.0
queens 4000 12     0    0.43    2119       0    2119       0   426.1    2119       0    2119       0   426.1
queens 4000 12     0    0.43    2135       0    2135       0   413.5    2135       0    2135       0   413.5
queens 4000 12     0    0.43    2104       0    2104       0   426.7    2104       0    2104       0   426.7
queens 4000 12     0    0.43    2124       0    2124       0   416.1    2124       0    2124       0   416.1
queens 4000 12     0    0.42    2096       0    2096       0   424.9    2096       0    2096       0   424.9
queens 4000 12     0    0.43    2119       0    2119       0   419.2    2119       0    2119       0   419.2
queens 4000 12     0    0.42    2089       0    2089       0   423.0    2089       0    2089       0   423.0
queens 4000 12     0    0.43    2122       0    2122       0   438.6    2122       0    2122       0   438.6
queens 5000 12     0    0.65    2631       0    2631       0   543.2    2631       0    2631       0   543.2
queens 5000 12     0    0.66    2673       0    2673       0   542.7    2673       0    2673       0   542.7
queens 5000 12     0    0.66    2647       0    2647       0   543.2    2647       0    2647       0   543.2
queens 5000 12     0    0.65    2635       0    2635       0   532.2    2635       0    2635       0   532.2
queens 5000 12     0    0.66    2664       0    2664       0   556.3    2664       0    2664       0   556.3
queens 5000 12     0    0.65    2616       0    2616       0   533.5    2616       0    2616       0   533.5
queens 5000 12     0    0.66    2667       0    2667       0   535.3    2667       0    2667       0   535.3
queens 5000 12     0    0.65    2637       0    2637       0   528.5    2637       0    2637       0   528.5
queens 5000 12     0    0.67    2687       0    2687       0   527.5    2687       0    2687       0   527.5
queens 5000 12     0    0.65    2646       0    2646       0   522.9    2646       0    2646       0   522.9
queens 5000 12     0    0.66    2678       0    2678       0   550.5    2678       0    2678       0   550.5
queens 5000 12     0    0.66    2626       0    2626       0   534.7    2626       0    2626       0   534.7
queens 5000 12     0    0.66    2652       0    2652       0   537.4    2652       0    2652       0   537.4
queens 5000 12     0    0.65    2643       0    2643       0   527.4    2643       0    2643       0   527.4
queens 5000 12     0    0.67    2685       0    2685       0   548.2    2685       0    2685       0   548.2
queens 5000 12     0    0.66    2680       0    2680       0   550.3    2680       0    2680       0   550.3
queens 5000 12     0    0.66    2670       0    2670       0   536.3    2670       0    2670       0   536.3
queens 5000 12     0    0.66    2692       0    2692       0   535.8    2692       0    2692       0   535.8
queens 5000 12     0    0.66    2651       0    2651       0   554.7    2651       0    2651       0   554.7
queens 5000 12     0    0.66    2672       0    2672       0   527.8    2672       0    2672       0   527.8
queens 5000 12     0    0.65    2649       0    2649       0   524.0    2649       0    2649       0   524.0
queens 5000 12     0    0.66    2686       0    2686       0   547.7    2686       0    2686       0   547.7
queens 5000 12     0    0.66    2660       0    2660       0   529.0    2660       0    2660       0   529.0
queens 5000 12     0    0.65    2634       0    2634       0   544.5    2634       0    2634       0   544.5
queens 5000 12     0    0.66    2662       0    2662       0   508.6    2662       0    2662       0   508.6
queens 5000 12     0    0.66    2674       0    2674       0   522.9    2674       0    2674       0   522.9
queens 5000 12     0    0.66    2652       0    2652       0   528.1    2652       0    2652       0   528.1
queens 5000 12     0    0.66    2650       0    2650       0   528.5    2650       0    2650       0   528.5
queens 5000 12     0    0.66    2677       0    2677       0   547.1    2677       0    2677       0   547.1
queens 5000 12     0    0.66    2646       0    2646       0   532.7    2646       0    2646       0   532.7
queens 6000 12     0    0.94    3196       0    3196       0   655.6    3196       0    3196       0   655.6
queens 6000 12     0    0.95    3216       0    3216       0   629.6    3216       0    3216       0   629.6
queens 6000 12     0    0.93    3157       0    3157       0   660.8    3157       0    3157       0   660.8
queens 6000 12     0    0.95    3215       0    3215       0   649.8    3215       0    3215       0   649.8
queens 6000 12     0    0.93    3178       0    3178       0   639.0    3178       0    3178       0   639.0
queens 6000 12     0    0.94    3217       0    3217       0   645.5    3217       0    3217       0   645.5
queens 6000 12     0    0.93    3195       0    3195       0   646.8    3195       0    3195       0   646.8
queens 6000 12     0    0.94    3215       0    3215       0   642.4    3215       0    3215       0   642.4
queens 6000 12     0    0.93    3167       0    3167       0   616.8    3167       0    3167       0   616.8
queens 6000 12     0    0.94    3207       0    3207       0   651.1    3207       0    3207       0   651.1
queens 6000 12     0    0.94    3196       0    3196       0   649.7    3196       0    3196       0   649.7
queens 6000 12     0    0.93    3188       0    3188       0   661.7    3188       0    3188       0   661.7
queens 6000 12     0    0.94    3222       0    3222       0   637.1    3222       0    3222       0   637.1
queens 6000 12     0    0.95    3214       0    3214       0   635.2    3214       0    3214       0   635.2
queens 6000 12     0    0.94    3206       0    3206       0   634.6    3206       0    3206       0   634.6
queens 6000 12     0    0.94    3224       0    3224       0   662.9    3224       0    3224       0   662.9
queens 6000 12     0    0.93    3172       0    3172       0   665.1    3172       0    3172       0   665.1
queens 6000 12     0    0.94    3194       0    3194       0   636.9    3194       0    3194       0   636.9
queens 6000 12     0    0.92    3145       0    3145       0   633.2    3145       0    3145       0   633.2
queens 6000 12     0    0.94    3212       0    3212       0   648.2    3212       0    3212       0   648.2
queens 6000 12     0    0.93    3168       0    3168       0   664.3    3168       0    3168       0   664.3
queens 6000 12     0    0.94    3221       0    3221       0   663.0    3221       0    3221       0   663.0
queens 6000 12     0    0.94    3215       0    3215       0   650.8    3215       0    3215       0   650.8
queens 6000 12     0    0.93    3177       0    3177       0   659.2    3177       0    3177       0   659.2
queens 6000 12     0    0.93    3186       0    3186       0   632.9    3186       0    3186       0   632.9
queens 6000 12     0    0.94    3200       0    3200       0   637.7    3200       0    3200       0   637.7
queens 6000 12     0    0.92    3153       0    3153       0   649.9    3153       0    3153       0   649.9
queens 6000 12     0    0.93    3173       0    3173       0   627.5    3173       0    3173       0   627.5
queens 6000 12     0    0.93    3184       0    3184       0   668.0    3184       0    3184       0   668.0
queens 6000 12     0    0.94    3192       0    3192       0   658.0    3192       0    3192       0   658.0
