queens 1000 4     0    0.03     516       0     516       0    98.1     516       0     516       0    98.1
queens 1000 4     0    0.03     520       0     520       0    93.5     520       0     520       0    93.5
queens 1000 4     0    0.03     518       0     518       0    92.5     518       0     518       0    92.5
queens 1000 4     0    0.03     534       0     534       0   102.4     534       0     534       0   102.4
queens 1000 4     0    0.03     516       0     516       0    97.5     516       0     516       0    97.5
queens 1000 4     0    0.03     528       0     528       0    99.6     528       0     528       0    99.6
queens 1000 4     0    0.03     528       0     528       0   102.8     528       0     528       0   102.8
queens 1000 4     0    0.03     504       0     504       0   105.7     504       0     504       0   105.7
queens 1000 4     0    0.03     508       0     508       0   104.1     508       0     508       0   104.1
queens 1000 4     0    0.03     519       0     519       0    96.1     519       0     519       0    96.1
queens 1000 4     0    0.03     529       0     529       0   107.9     529       0     529       0   107.9
queens 1000 4     0    0.03     522       0     522       0   107.9     522       0     522       0   107.9
queens 1000 4     0    0.03     545       0     545       0   105.9     545       0     545       0   105.9
queens 1000 4     0    0.03     518       0     518       0   105.2     518       0     518       0   105.2
queens 1000 4     0    0.03     521       0     521       0   106.7     521       0     521       0   106.7
queens 1000 4     0    0.03     521       0     521       0    93.6     521       0     521       0    93.6
queens 1000 4     0    0.03     526       0     526       0   107.8     526       0     526       0   107.8
queens 1000 4     0    0.03     532       0     532       0   101.9     532       0     532       0   101.9
queens 1000 4     0    0.03     536       0     536       0   107.6     536       0     536       0   107.6
queens 1000 4     0    0.03     516       0     516       0    97.9     516       0     516       0    97.9
queens 1000 4     0    0.03     537       0     537       0    99.8     537       0     537       0    99.8
queens 1000 4     0    0.03     516       0     516       0   101.5     516       0     516       0   101.5
queens 1000 4     0    0.03     509       0     509       0    95.1     509       0     509       0    95.1
queens 1000 4     0    0.03     509       0     509       0   102.7     509       0     509       0   102.7
queens 1000 4     0    0.03     526       0     526       0    96.1     526       0     526       0    96.1
queens 1000 4     0    0.03     512       0     512       0    97.2     512       0     512       0    97.2
queens 1000 4     0    0.03     502       0     502       0    95.4     502       0     502       0    95.4
queens 1000 4     0    0.03     522       0     522       0   103.5     522       0     522       0   103.5
queens 1000 4     0    0.03     500       0     500       0    96.8     500       0     500       0    96.8
queens 1000 4     0    0.03     524       0     524       0   104.9     524       0     524       0   104.9
queens 1000 8     0    0.04     539       0     539       0   110.7     539       0     539       0   110.7
queens 1000 8     0    0.04     537       0     537       0   108.5     537       0     537       0   108.5
queens 1000 8     0    0.04     501       0     501       0   106.6     501       0     501       0   106.6
queens 1000 8     0    0.04     517       0     517       0   101.0     517       0     517       0   101.0
queens 1000 8     0    0.04     506       0     506       0    96.9     506       0     506       0    96.9
queens 1000 8     0    0.04     521       0     521       0   100.9     521       0     521       0   100.9
queens 1000 8     0    0.04     526       0     526       0   108.5     526       0     526       0   108.5
queens 1000 8     0    0.04     523       0     523       0   104.9     523       0     523       0   104.9
queens 1000 8     0    0.04     525       0     525       0   111.3     525       0     525       0   111.3
queens 1000 8     0    0.04     515       0     515       0    99.7     515       0     515       0    99.7
queens 1000 8     0    0.04     541       0     541       0   107.1     541       0     541       0   107.1
queens 1000 8     0    0.04     534       0     534       0   102.5     534       0     534       0   102.5
queens 1000 8     0    0.04     536       0     536       0   106.6     536       0     536       0   106.6
queens 1000 8     0    0.04     520       0     520       0    94.1     520       0     520       0    94.1
queens 1000 8     0    0.04     523       0     523       0   104.3     523       0     523       0   104.3
queens 1000 8     0    0.04     532       0     532       0   108.1     532       0     532       0   108.1
queens 1000 8     0    0.04     503       0     503       0    97.7     503       0     503       0    97.7
queens 1000 8     0    0.04     512       0     512       0    96.9     512       0     512       0    96.9
queens 1000 8     0    0.04     543       0     543       0   102.3     543       0     543       0   102.3
queens 1000 8     0    0.04     504       0     504       0    91.5     504       0     504       0    91.5
queens 1000 8     0    0.04     517       0     517       0    92.9     517       0     517       0    92.9
queens 1000 8     0    0.04     522       0     522       0    97.5     522       0     522       0    97.5
queens 1000 8     0    0.04     503       0     503       0    93.2     503       0     503       0    93.2
queens 1000 8     0    0.04     526       0     526       0   106.3     526       0     526       0   106.3
queens 1000 8     0    0.04     508       0     508       0   109.7     508       0     508       0   109.7
queens 1000 8     0    0.04     506       0     506       0    91.0     506       0     506       0    91.0
queens 1000 8     0    0.04     506       0     506       0   105.1     506       0     506       0   105.1
queens 1000 8     0    0.04     519       0     519       0   101.6     519       0     519       0   101.6
queens 1000 8     0    0.04     527       0     527       0    99.0     527       0     527       0    99.0
queens 1000 8     0    0.04     521       0     521       0    99.3     521       0     521       0    99.3
queens 1000 16     0    0.04     531       0     531       0    98.9     531       0     531       0    98.9
queens 1000 16     0    0.04     549       0     549       0   104.6     549       0     549       0   104.6
queens 1000 16     0    0.04     523       0     523       0   103.0     523       0     523       0   103.0
queens 1000 16     0    0.04     523       0     523       0   104.2     523       0     523       0   104.2
queens 1000 16     0    0.05     517       0     517       0   106.9     517       0     517       0   106.9
queens 1000 16     0    0.05     533       0     533       0   101.6     533       0     533       0   101.6
queens 1000 16     0    0.04     488       0     488       0   100.4     488       0     488       0   100.4
queens 1000 16     0    0.04     505       0     505       0    99.8     505       0     505       0    99.8
queens 1000 16     0    0.04     495       0     495       0    96.0     495       0     495       0    96.0
queens 1000 16     0    0.05     533       0     533       0   104.9     533       0     533       0   104.9
queens 1000 16     0    0.04     496       0     496       0   102.5     496       0     496       0   102.5
queens 1000 16     0    0.04     522       0     522       0   104.9     522       0     522       0   104.9
queens 1000 16     0    0.04     535       0     535       0   101.3     535       0     535       0   101.3
queens 1000 16     0    0.05     515       0     515       0   103.9     515       0     515       0   103.9
queens 1000 16     0    0.05     529       0     529       0   115.6     529       0     529       0   115.6
queens 1000 16     0    0.04     521       0     521       0   100.6     521       0     521       0   100.6
queens 1000 16     0    0.04     518       0     518       0    95.2     518       0     518       0    95.2
queens 1000 16     0    0.04     516       0     516       0   102.2     516       0     516       0   102.2
queens 1000 16     0    0.04     504       0     504       0   109.3     504       0     504       0   109.3
queens 1000 16     0    0.04     502       0     502       0    96.8     502       0     502       0    96.8
queens 1000 16     0    0.04     491       0     491       0   108.8     491       0     491       0   108.8
queens 1000 16     0    0.04     526       0     526       0    98.8     526       0     526       0    98.8
queens 1000 16     0    0.05     548       0     548       0   104.4     548       0     548       0   104.4
queens 1000 16     0    0.04     516       0     516       0    95.9     516       0     516       0    95.9
queens 1000 16     0    0.05     525       0     525       0   100.0     525       0     525       0   100.0
queens 1000 16     0    0.05     530       0     530       0    94.4     530       0     530       0    94.4
queens 1000 16     0    0.05     552       0     552       0    98.1     552       0     552       0    98.1
queens 1000 16     0    0.05     502       0     502       0    97.9     502       0     502       0    97.9
queens 1000 16     0    0.04     515       0     515       0    98.0     515       0     515       0    98.0
queens 1000 16     0    0.04     526       0     526       0   105.6     526       0     526       0   105.6
queens 2000 4     0    0.11    1096       0    1096       0   214.6    1096       0    1096       0   214.6
queens 2000 4     0    0.11    1044       0    1044       0   212.6    1044       0    1044       0   212.6
queens 2000 4     0    0.11    1046       0    1046       0   218.3    1046       0    1046       0   218.3
queens 2000 4     0    0.11    1080       0    1080       0   210.4    1080       0    1080       0   210.4
queens 2000 4     0    0.11    1043       0    1043       0   219.0    1043       0    1043       0   219.0
queens 2000 4     0    0.11    1104       0    1104       0   192.8    1104       0    1104       0   192.8
queens 2000 4     0    0.11    1030       0    1030       0   205.0    1030       0    1030       0   205.0
queens 2000 4     0    0.11    1085       0    1085       0   215.5    1085       0    1085       0   215.5
queens 2000 4     0    0.11    1038       0    1038       0   208.0    1038       0    1038       0   208.0
queens 2000 4     0    0.11    1027       0    1027       0   201.0    1027       0    1027       0   201.0
queens 2000 4     0    0.11    1049       0    1049       0   214.1    1049       0    1049       0   214.1
queens 2000 4     0    0.12    1100       0    1100       0   211.1    1100       0    1100       0   211.1
queens 2000 4     0    0.11    1035       0    1035       0   223.9    1035       0    1035       0   223.9
queens 2000 4     0    0.11    1058       0    1058       0   212.4    1058       0    1058       0   212.4
queens 2000 4     0    0.11    1062       0    1062       0   216.2    1062       0    1062       0   216.2
queens 2000 4     0    0.11    1063       0    1063       0   198.4    1063       0    1063       0   198.4
queens 2000 4     0    0.11    1047       0    1047       0   202.4    1047       0    1047       0   202.4
queens 2000 4     0    0.11    1049       0    1049       0   215.0    1049       0    1049       0   215.0
queens 2000 4     0    0.11    1073       0    1073       0   210.3    1073       0    1073       0   210.3
queens 2000 4     0    0.12    1104       0    1104       0   192.8    1104       0    1104       0   192.8
queens 2000 4     0    0.11    1048       0    1048       0   208.5    1048       0    1048       0   208.5
queens 2000 4     0    0.11    1036       0    1036       0   208.1    1036       0    1036       0   208.1
queens 2000 4     0    0.11    1053       0    1053       0   223.0    1053       0    1053       0   223.0
queens 2000 4     0    0.11    1056       0    1056       0   207.8    1056       0    1056       0   207.8
queens 2000 4     0    0.11    1020       0    1020       0   207.2    1020       0    1020       0   207.2
queens 2000 4     0    0.11    1052       0    1052       0   220.8    1052       0    1052       0   220.8
queens 2000 4     0    0.11    1058       0    1058       0   209.1    1058       0    1058       0   209.1
queens 2000 4     0    0.11    1021       0    1021       0   195.6    1021       0    1021       0   195.6
queens 2000 4     0    0.11    1007       0    1007       0   224.3    1007       0    1007       0   224.3
queens 2000 4     0    0.11    1054       0    1054       0   215.4    1054       0    1054       0   215.4
queens 2000 8     0    0.12    1084       0    1084       0   219.4    1084       0    1084       0   219.4
queens 2000 8     0    0.11    1038       0    1038       0   200.5    1038       0    1038       0   200.5
queens 2000 8     0    0.12    1083       0    1083       0   189.4    1083       0    1083       0   189.4
queens 2000 8     0    0.11    1036       0    1036       0   211.1    1036       0    1036       0   211.1
queens 2000 8     0    0.12    1055       0    1055       0   193.7    1055       0    1055       0   193.7
queens 2000 8     0    0.12    1061       0    1061       0   203.6    1061       0    1061       0   203.6
queens 2000 8     0    0.12    1066       0    1066       0   209.0    1066       0    1066       0   209.0
queens 2000 8     0    0.12    1058       0    1058       0   204.4    1058       0    1058       0   204.4
queens 2000 8     0    0.12    1046       0    1046       0   197.4    1046       0    1046       0   197.4
queens 2000 8     0    0.11    1049       0    1049       0   211.5    1049       0    1049       0   211.5
queens 2000 8     0    0.11    1027       0    1027       0   211.4    1027       0    1027       0   211.4
queens 2000 8     0    0.11     996       0     996       0   198.3     996       0     996       0   198.3
queens 2000 8     0    0.11    1050       0    1050       0   209.4    1050       0    1050       0   209.4
queens 2000 8     0    0.12    1057       0    1057       0   217.1    1057       0    1057       0   217.1
queens 2000 8     0    0.12    1072       0    1072       0   214.9    1072       0    1072       0   214.9
queens 2000 8     0    0.12    1069       0    1069       0   215.7    1069       0    1069       0   215.7
queens 2000 8     0    0.12    1049       0    1049       0   220.0    1049       0    1049       0   220.0
queens 2000 8     0    0.11    1054       0    1054       0   209.3    1054       0    1054       0   209.3
queens 2000 8     0    0.11    1023       0    1023       0   212.7    1023       0    1023       0   212.7
queens 2000 8     0    0.11    1053       0    1053       0   204.8    1053       0    1053       0   204.8
queens 2000 8     0    0.11    1046       0    1046       0   214.2    1046       0    1046       0   214.2
queens 2000 8     0    0.12    1051       0    1051       0   216.7    1051       0    1051       0   216.7
queens 2000 8     0    0.11    1055       0    1055       0   216.8    1055       0    1055       0   216.8
queens 2000 8     0    0.12    1107       0    1107       0   207.2    1107       0    1107       0   207.2
queens 2000 8     0    0.11    1041       0    1041       0   202.3    1041       0    1041       0   202.3
queens 2000 8     0    0.12    1045       0    1045       0   213.5    1045       0    1045       0   213.5
queens 2000 8     0    0.11    1034       0    1034       0   203.1    1034       0    1034       0   203.1
queens 2000 8     0    0.12    1081       0    1081       0   206.7    1081       0    1081       0   206.7
queens 2000 8     0    0.11    1040       0    1040       0   218.6    1040       0    1040       0   218.6
queens 2000 8     0    0.12    1058       0    1058       0   209.4    1058       0    1058       0   209.4
queens 2000 16     0    0.13    1058       0    1058       0   220.8    1058       0    1058       0   220.8
queens 2000 16     0    0.13    1084       0    1084       0   212.4    1084       0    1084       0   212.4
queens 2000 16     0    0.12    1038       0    1038       0   190.9    1038       0    1038       0   190.9
queens 2000 16     0    0.12    1044       0    1044       0   199.7    1044       0    1044       0   199.7
queens 2000 16     0    0.12    1069       0    1069       0   203.2    1069       0    1069       0   203.2
queens 2000 16     0    0.13    1059       0    1059       0   221.0    1059       0    1059       0   221.0
queens 2000 16     0    0.12    1040       0    1040       0   209.8    1040       0    1040       0   209.8
queens 2000 16     0    0.13    1066       0    1066       0   216.0    1066       0    1066       0   216.0
queens 2000 16     0    0.12    1054       0    1054       0   210.2    1054       0    1054       0   210.2
queens 2000 16     0    0.12    1052       0    1052       0   207.7    1052       0    1052       0   207.7
queens 2000 16     0    0.13    1060       0    1060       0   205.1    1060       0    1060       0   205.1
queens 2000 16     0    0.13    1072       0    1072       0   222.9    1072       0    1072       0   222.9
queens 2000 16     0    0.12    1052       0    1052       0   210.9    1052       0    1052       0   210.9
queens 2000 16     0    0.12    1082       0    1082       0   215.7    1082       0    1082       0   215.7
queens 2000 16     0    0.12    1067       0    1067       0   195.4    1067       0    1067       0   195.4
queens 2000 16     0    0.12    1009       0    1009       0   200.4    1009       0    1009       0   200.4
queens 2000 16     0    0.12    1052       0    1052       0   196.4    1052       0    1052       0   196.4
queens 2000 16     0    0.12    1071       0    1071       0   216.2    1071       0    1071       0   216.2
queens 2000 16     0    0.12    1033       0    1033       0   219.2    1033       0    1033       0   219.2
queens 2000 16     0    0.12    1042       0    1042       0   199.3    1042       0    1042       0   199.3
queens 2000 16     0    0.12    1054       0    1054       0   220.8    1054       0    1054       0   220.8
queens 2000 16     0    0.12    1049       0    1049       0   190.2    1049       0    1049       0   190.2
queens 2000 16     0    0.12    1028       0    1028       0   211.5    1028       0    1028       0   211.5
queens 2000 16     0    0.12    1040       0    1040       0   215.6    1040       0    1040       0   215.6
queens 2000 16     0    0.12    1051       0    1051       0   223.1    1051       0    1051       0   223.1
queens 2000 16     0    0.12    1053       0    1053       0   207.3    1053       0    1053       0   207.3
queens 2000 16     0    0.12    1030       0    1030       0   200.4    1030       0    1030       0   200.4
queens 2000 16     0    0.12    1071       0    1071       0   213.5    1071       0    1071       0   213.5
queens 2000 16     0    0.12    1047       0    1047       0   204.4    1047       0    1047       0   204.4
queens 2000 16     0    0.13    1076       0    1076       0   212.4    1076       0    1076       0   212.4
queens 4000 4     0    0.42    2154       0    2154       0   447.9    2154       0    2154       0   447.9
queens 4000 4     0    0.42    2156       0    2156       0   428.4    2156       0    2156       0   428.4
queens 4000 4     0    0.42    2164       0    2164       0   444.8    2164       0    2164       0   444.8
queens 4000 4     0    0.43    2222       0    2222       0   410.8    2222       0    2222       0   410.8
queens 4000 4     0    0.41    2113       0    2113       0   422.9    2113       0    2113       0   422.9
queens 4000 4     0    0.42    2143       0    2143       0   418.9    2143       0    2143       0   418.9
queens 4000 4     0    0.41    2127       0    2127       0   416.4    2127       0    2127       0   416.4
queens 4000 4     0    0.42    2170       0    2170       0   412.8    2170       0    2170       0   412.8
queens 4000 4     0    0.41    2124       0    2124       0   435.6    2124       0    2124       0   435.6
queens 4000 4     0    0.41    2087       0    2087       0   423.9    2087       0    2087       0   423.9
queens 4000 4     0    0.42    2142       0    2142       0   422.8    2142       0    2142       0   422.8
queens 4000 4     0    0.42    2145       0    2145       0   435.7    2145       0    2145       0   435.7
queens 4000 4     0    0.41    2124       0    2124       0   416.6    2124       0    2124       0   416.6
queens 4000 4     0    0.42    2165       0    2165       0   433.8    2165       0    2165       0   433.8
queens 4000 4     0    0.41    2126       0    2126       0   421.6    2126       0    2126       0   421.6
queens 4000 4     0    0.41    2105       0    2105       0   427.8    2105       0    2105       0   427.8
queens 4000 4     0    0.42    2180       0    2180       0   440.1    2180       0    2180       0   440.1
queens 4000 4     0    0.42    2156       0    2156       0   419.9    2156       0    2156       0   419.9
queens 4000 4     0    0.42    2135       0    2135       0   421.5    2135       0    2135       0   421.5
queens 4000 4     0    0.42    2148       0    2148       0   421.3    2148       0    2148       0   421.3
queens 4000 4     0    0.41    2115       0    2115       0   427.3    2115       0    2115       0   427.3
queens 4000 4     0    0.41    2128       0    2128       0   411.3    2128       0    2128       0   411.3
queens 4000 4     0    0.42    2181       0    2181       0   416.5    2181       0    2181       0   416.5
queens 4000 4     0    0.42    2149       0    2149       0   442.6    2149       0    2149       0   442.6
queens 4000 4     0    0.42    2170       0    2170       0   434.6    2170       0    2170       0   434.6
queens 4000 4     0    0.42    2154       0    2154       0   426.6    2154       0    2154       0   426.6
queens 4000 4     0    0.42    2152       0    2152       0   416.5    2152       0    2152       0   416.5
queens 4000 4     0    0.42    2161       0    2161       0   440.9    2161       0    2161       0   440.9
queens 4000 4     0    0.42    2150       0    2150       0   418.0    2150       0    2150       0   418.0
queens 4000 4     0    0.42    2129       0    2129       0   453.3    2129       0    2129       0   453.3
queens 4000 8     0    0.40    2030       0    2030       0   424.9    2030       0    2030       0   424.9
queens 4000 8     0    0.43    2185       0    2185       0   442.2    2185       0    2185       0   442.2
queens 4000 8     0    0.42    2107       0    2107       0   427.9    2107       0    2107       0   427.9
queens 4000 8     0    0.42    2141       0    2141       0   435.8    2141       0    2141       0   435.8
queens 4000 8     0    0.41    2091       0    2091       0   427.8    2091       0    2091       0   427.8
queens 4000 8     0    0.42    2120       0    2120       0   437.0    2120       0    2120       0   437.0
queens 4000 8     0    0.43    2175       0    2175       0   431.5    2175       0    2175       0   431.5
queens 4000 8     0    0.43    2181       0    2181       0   441.2    2181       0    2181       0   441.2
queens 4000 8     0    0.41    2103       0    2103       0   427.1    2103       0    2103       0   427.1
queens 4000 8     0    0.42    2117       0    2117       0   422.1    2117       0    2117       0   422.1
queens 4000 8     0    0.42    2113       0    2113       0   431.8    2113       0    2113       0   431.8
queens 4000 8     0    0.42    2152       0    2152       0   433.1    2152       0    2152       0   433.1
queens 4000 8     0    0.42    2138       0    2138       0   405.1    2138       0    2138       0   405.1
queens 4000 8     0    0.41    2104       0    2104       0   413.6    2104       0    2104       0   413.6
queens 4000 8     0    0.42    2142       0    2142       0   418.8    2142       0    2142       0   418.8
queens 4000 8     0    0.41    2085       0    2085       0   435.2    2085       0    2085       0   435.2
queens 4000 8     0    0.42    2146       0    2146       0   434.9    2146       0    2146       0   434.9
queens 4000 8     0    0.42    2138       0    2138       0   426.8    2138       0    2138       0   426.8
queens 4000 8     0    0.42    2141       0    2141       0   440.0    2141       0    2141       0   440.0
queens 4000 8     0    0.42    2125       0    2125       0   415.3    2125       0    2125       0   415.3
queens 4000 8     0    0.43    2185       0    2185       0   428.0    2185       0    2185       0   428.0
queens 4000 8     0    0.42    2110       0    2110       0   424.8    2110       0    2110       0   424.8
queens 4000 8     0    0.42    2161       0    2161       0   427.9    2161       0    2161       0   427.9
queens 4000 8     0    0.41    2072       0    2072       0   437.4    2072       0    2072       0   437.4
queens 4000 8     0    0.42    2160       0    2160       0   429.7    2160       0    2160       0   429.7
queens 4000 8     0    0.42    2162       0    2162       0   448.1    2162       0    2162       0   448.1
queens 4000 8     0    0.41    2089       0    2089       0   432.5    2089       0    2089       0   432.5
queens 4000 8     0    0.42    2117       0    2117       0   419.1    2117       0    2117       0   419.1
queens 4000 8     0    0.42    2119       0    2119       0   435.5    2119       0    2119       0   435.5
queens 4000 8     0    0.43    2191       0    2191       0   428.5    2191       0    2191       0   428.5
queens 4000 16     0    0.42    2079       0    2079       0   447.0    2079       0    2079       0   447.0
queens 4000 16     0    0.43    2149       0    2149       0   405.7    2149       0    2149       0   405.7
queens 4000 16     0    0.43    2111       0    2111       0   445.5    2111       0    2111       0   445.5
queens 4000 16     0    0.42    2092       0    2092       0   420.3    2092       0    2092       0   420.3
queens 4000 16     0    0.43    2151       0    2151       0   452.3    2151       0    2151       0   452.3
queens 4000 16     0    0.43    2128       0    2128       0   446.8    2128       0    2128       0   446.8
queens 4000 16     0    0.43    2146       0    2146       0   435.2    2146       0    2146       0   435.2
queens 4000 16     0    0.43    2121       0    2121       0   425.8    2121       0    2121       0   425.8
queens 4000 16     0    0.43    2116       0    2116       0   437.6    2116       0    2116       0   437.6
queens 4000 16     0    0.43    2144       0    2144       0   409.3    2144       0    2144       0   409.3
queens 4000 16     0    0.43    2125       0    2125       0   420.0    2125       0    2125       0   420.0
queens 4000 16     0    0.44    2168       0    2168       0   423.4    2168       0    2168       0   423.4
queens 4000 16     0    0.44    2164       0    2164       0   439.1    2164       0    2164       0   439.1
queens 4000 16     0    0.43    2148       0    2148       0   424.5    2148       0    2148       0   424.5
queens 4000 16     0    0.43    2123       0    2123       0   422.8    2123       0    2123       0   422.8
queens 4000 16     0    0.43    2107       0    2107       0   427.8    2107       0    2107       0   427.8
queens 4000 16     0    0.43    2122       0    2122       0   413.9    2122       0    2122       0   413.9
queens 4000 16     0    0.44    2162       0    2162       0   418.0    2162       0    2162       0   418.0
queens 4000 16     0    0.42    2098       0    2098       0   422.0    2098       0    2098       0   422.0
queens 4000 16     0    0.44    2181       0    2181       0   414.4    2181       0    2181       0   414.4
queens 4000 16     0    0.43    2114       0    2114       0   441.0    2114       0    2114       0   441.0
queens 4000 16     0    0.43    2133       0    2133       0   416.4    2133       0    2133       0   416.4
queens 4000 16     0    0.43    2127       0    2127       0   422.3    2127       0    2127       0   422.3
queens 4000 16     0    0.43    2104       0    2104       0   413.7    2104       0    2104       0   413.7
queens 4000 16     0    0.43    2133       0    2133       0   427.0    2133       0    2133       0   427.0
queens 4000 16     0    0.44    2169       0    2169       0   438.8    2169       0    2169       0   438.8
queens 4000 16     0    0.42    2096       0    2096       0   441.9    2096       0    2096       0   441.9
queens 4000 16     0    0.43    2133       0    2133       0   434.6    2133       0    2133       0   434.6
queens 4000 16     0    0.44    2191       0    2191       0   447.0    2191       0    2191       0   447.0
queens 4000 16     0    0.43    2120       0    2120       0   423.6    2120       0    2120       0   423.6
queens 5000 4     0    0.65    2683       0    2683       0   527.1    2683       0    2683       0   527.1
queens 5000 4     0    0.65    2700       0    2700       0   529.6    2700       0    2700       0   529.6
queens 5000 4     0    0.64    2647       0    2647       0   538.2    2647       0    2647       0   538.2
queens 5000 4     0    0.64    2676       0    2676       0   563.5    2676       0    2676       0   563.5
queens 5000 4     0    0.65    2706       0    2706       0   526.2    2706       0    2706       0   526.2
queens 5000 4     0    0.66    2723       0    2723       0   546.1    2723       0    2723       0   546.1
queens 5000 4     0    0.65    2679       0    2679       0   552.4    2679       0    2679       0   552.4
queens 5000 4     0    0.65    2707       0    2707       0   541.9    2707       0    2707       0   541.9
queens 5000 4     0    0.65    2694       0    2694       0   540.8    2694       0    2694       0   540.8
queens 5000 4     0    0.64    2652       0    2652       0   523.5    2652       0    2652       0   523.5
queens 5000 4     0    0.66    2731       0    2731       0   561.9    2731       0    2731       0   561.9
queens 5000 4     0    0.64    2650       0    2650       0   545.1    2650       0    2650       0   545.1
queens 5000 4     0    0.66    2740       0    2740       0   537.5    2740       0    2740       0   537.5
queens 5000 4     0    0.65    2692       0    2692       0   540.4    2692       0    2692       0   540.4
queens 5000 4     0    0.64    2672       0    2672       0   551.3    2672       0    2672       0   551.3
queens 5000 4     0    0.64    2661       0    2661       0   519.1    2661       0    2661       0   519.1
queens 5000 4     0    0.66    2732       0    2732       0   552.4    2732       0    2732       0   552.4
queens 5000 4     0    0.65    2705       0    2705       0   540.0    2705       0    2705       0   540.0
queens 5000 4     0    0.66    2724       0    2724       0   560.8    2724       0    2724       0   560.8
queens 5000 4     0    0.65    2711       0    2711       0   528.4    2711       0    2711       0   528.4
queens 5000 4     0    0.65    2701       0    2701       0   532.4    2701       0    2701       0   532.4
queens 5000 4     0    0.63    2639       0    2639       0   521.7    2639       0    2639       0   521.7
queens 5000 4     0    0.65    2686       0    2686       0   533.9    2686       0    2686       0   533.9
queens 5000 4     0    0.66    2744       0    2744       0   543.4    2744       0    2744       0   543.4
queens 5000 4     0    0.64    2656       0    2656       0   525.2    2656       0    2656       0   525.2
queens 5000 4     0    0.66    2738       0    2738       0   539.7    2738       0    2738       0   539.7
queens 5000 4     0    0.65    2694       0    2694       0   522.2    2694       0    2694       0   522.2
queens 5000 4     0    0.65    2699       0    2699       0   551.6    2699       0    2699       0   551.6
queens 5000 4     0    0.65    2705       0    2705       0   548.0    2705       0    2705       0   548.0
queens 5000 4     0    0.64    2669       0    2669       0   546.7    2669       0    2669       0   546.7
queens 5000 8     0    0.65    2664       0    2664       0   535.2    2664       0    2664       0   535.2
queens 5000 8     0    0.66    2740       0    2740       0   521.7    2740       0    2740       0   521.7
queens 5000 8     0    0.66    2711       0    2711       0   543.6    2711       0    2711       0   543.6
queens 5000 8     0    0.64    2653       0    2653       0   515.2    2653       0    2653       0   515.2
queens 5000 8     0    0.64    2638       0    2638       0   547.8    2638       0    2638       0   547.8
queens 5000 8     0    0.65    2667       0    2667       0   536.9    2667       0    2667       0   536.9
queens 5000 8     0    0.64    2637       0    2637       0   547.5    2637       0    2637       0   547.5
queens 5000 8     0    0.65    2665       0    2665       0   555.6    2665       0    2665       0   555.6
queens 5000 8     0    0.65    2659       0    2659       0   535.3    2659       0    2659       0   535.3
queens 5000 8     0    0.64    2619       0    2619       0   546.1    2619       0    2619       0   546.1
queens 5000 8     0    0.65    2681       0    2681       0   560.5    2681       0    2681       0   560.5
queens 5000 8     0    0.67    2747       0    2747       0   547.4    2747       0    2747       0   547.4
queens 5000 8     0    0.65    2696       0    2696       0   529.0    2696       0    2696       0   529.0
queens 5000 8     0    0.65    2692       0    2692       0   560.9    2692       0    2692       0   560.9
queens 5000 8     0    0.64    2628       0    2628       0   532.7    2628       0    2628       0   532.7
queens 5000 8     0    0.65    2673       0    2673       0   524.9    2673       0    2673       0   524.9
queens 5000 8     0    0.65    2691       0    2691       0   530.5    2691       0    2691       0   530.5
queens 5000 8     0    0.63    2603       0    2603       0   516.0    2603       0    2603       0   516.0
queens 5000 8     0    0.65    2693       0    2693       0   516.4    2693       0    2693       0   516.4
queens 5000 8     0    0.65    2680       0    2680       0   553.5    2680       0    2680       0   553.5
queens 5000 8     0    0.66    2700       0    2700       0   552.0    2700       0    2700       0   552.0
queens 5000 8     0    0.65    2696       0    2696       0   552.1    2696       0    2696       0   552.1
queens 5000 8     0    0.65    2681       0    2681       0   550.0    2681       0    2681       0   550.0
queens 5000 8     0    0.66    2704       0    2704       0   530.4    2704       0    2704       0   530.4
queens 5000 8     0    0.64    2633       0    2633       0   534.1    2633       0    2633       0   534.1
queens 5000 8     0    0.66    2707       0    2707       0   525.7    2707       0    2707       0   525.7
queens 5000 8     0    0.66    2723       0    2723       0   516.9    2723       0    2723       0   516.9
queens 5000 8     0    0.65    2684       0    2684       0   550.8    2684       0    2684       0   550.8
queens 5000 8     0    0.65    2671       0    2671       0   531.9    2671       0    2671       0   531.9
queens 5000 8     0    0.63    2622       0    2622       0   529.7    2622       0    2622       0   529.7
queens 5000 16     0    0.66    2661       0    2661       0   543.0    2661       0    2661       0   543.0
queens 5000 16     0    0.66    2666       0    2666       0   542.8    2666       0    2666       0   542.8
queens 5000 16     0    0.65    2641       0    2641       0   542.1    2641       0    2641       0   542.1
queens 5000 16     0    0.66    2668       0    2668       0   547.2    2668       0    2668       0   547.2
queens 5000 16     0    0.65    2653       0    2653       0   564.1    2653       0    2653       0   564.1
queens 5000 16     0    0.67    2714       0    2714       0   537.9    2714       0    2714       0   537.9
queens 5000 16     0    0.65    2622       0    2622       0   530.9    2622       0    2622       0   530.9
queens 5000 16     0    0.65    2630       0    2630       0   545.6    2630       0    2630       0   545.6
queens 5000 16     0    0.68    2741       0    2741       0   535.1    2741       0    2741       0   535.1
queens 5000 16     0    0.67    2706       0    2706       0   543.0    2706       0    2706       0   543.0
queens 5000 16     0    0.66    2659       0    2659       0   517.5    2659       0    2659       0   517.5
queens 5000 16     0    0.66    2657       0    2657       0   527.1    2657       0    2657       0   527.1
queens 5000 16     0    0.65    2649       0    2649       0   554.1    2649       0    2649       0   554.1
queens 5000 16     0    0.66    2670       0    2670       0   544.6    2670       0    2670       0   544.6
queens 5000 16     0    0.65    2620       0    2620       0   534.0    2620       0    2620       0   534.0
queens 5000 16     0    0.66    2685       0    2685       0   555.7    2685       0    2685       0   555.7
queens 5000 16     0    0.64    2601       0    2601       0   513.7    2601       0    2601       0   513.7
queens 5000 16     0    0.65    2639       0    2639       0   530.7    2639       0    2639       0   530.7
queens 5000 16     0    0.67    2702       0    2702       0   556.6    2702       0    2702       0   556.6
queens 5000 16     0    0.66    2677       0    2677       0   530.4    2677       0    2677       0   530.4
queens 5000 16     0    0.66    2700       0    2700       0   545.3    2700       0    2700       0   545.3
queens 5000 16     0    0.65    2650       0    2650       0   555.9    2650       0    2650       0   555.9
queens 5000 16     0    0.66    2672       0    2672       0   546.2    2672       0    2672       0   546.2
queens 5000 16     0    0.66    2685       0    2685       0   547.4    2685       0    2685       0   547.4
queens 5000 16     0    0.65    2639       0    2639       0   538.4    2639       0    2639       0   538.4
queens 5000 16     0    0.66    2662       0    2662       0   530.2    2662       0    2662       0   530.2
queens 5000 16     0    0.66    2674       0    2674       0   571.9    2674       0    2674       0   571.9
queens 5000 16     0    0.65    2625       0    2625       0   538.4    2625       0    2625       0   538.4
queens 5000 16     0    0.65    2640       0    2640       0   523.1    2640       0    2640       0   523.1
queens 5000 16     0    0.67    2708       0    2708       0   530.7    2708       0    2708       0   530.7
queens 6000 4     0    0.93    3242       0    3242       0   655.6    3242       0    3242       0   655.6
queens 6000 4     0    0.92    3209       0    3209       0   667.5    3209       0    3209       0   667.5
queens 6000 4     0    0.91    3159       0    3159       0   644.8    3159       0    3159       0   644.8
queens 6000 4     0    0.92    3212       0    3212       0   621.6    3212       0    3212       0   621.6
queens 6000 4     0    0.92    3199       0    3199       0   645.9    3199       0    3199       0   645.9
queens 6000 4     0    0.92    3203       0    3203       0   645.3    3203       0    3203       0   645.3
queens 6000 4     0    0.95    3295       0    3295       0   644.6    3295       0    3295       0   644.6
queens 6000 4     0    0.93    3221       0    3221       0   659.8    3221       0    3221       0   659.8
queens 6000 4     0    0.92    3210       0    3210       0   652.3    3210       0    3210       0   652.3
queens 6000 4     0    0.95    3319       0    3319       0   638.2    3319       0    3319       0   638.2
queens 6000 4     0    0.94    3258       0    3258       0   651.7    3258       0    3258       0   651.7
queens 6000 4     0    0.90    3149       0    3149       0   650.9    3149       0    3149       0   650.9
queens 6000 4     0    0.94    3263       0    3263       0   668.3    3263       0    3263       0   668.3
queens 6000 4     0    0.92    3205       0    3205       0   666.6    3205       0    3205       0   666.6
queens 6000 4     0    0.92    3208       0    3208       0   645.2    3208       0    3208       0   645.2
queens 6000 4     0    0.94    3289       0    3289       0   654.3    3289       0    3289       0   654.3
queens 6000 4     0    0.95    3310       0    3310       0   646.9    3310       0    3310       0   646.9
queens 6000 4     0    0.92    3200       0    3200       0   649.1    3200       0    3200       0   649.1
queens 6000 4     0    0.94    3289       0    3289       0   645.2    3289       0    3289       0   645.2
queens 6000 4     0    0.93    3221       0    3221       0   648.8    3221       0    3221       0   648.8
queens 6000 4     0    0.91    3183       0    3183       0   638.4    3183       0    3183       0   638.4
queens 6000 4     0    0.92    3190       0    3190       0   652.9    3190       0    3190       0   652.9
queens 6000 4     0    0.92    3212       0    3212       0   631.3    3212       0    3212       0   631.3
queens 6000 4     0    0.93    3240       0    3240       0   654.0    3240       0    3240       0   654.0
queens 6000 4     0    0.92    3219       0    3219       0   636.1    3219       0    3219       0   636.1
queens 6000 4     0    0.94    3275       0    3275       0   648.9    3275       0    3275       0   648.9
queens 6000 4     0    0.93    3245       0    3245       0   633.3    3245       0    3245       0   633.3
queens 6000 4     0    0.92    3195       0    3195       0   646.1    3195       0    3195       0   646.1
queens 6000 4     0    0.93    3223       0    3223       0   638.3    3223       0    3223       0   638.3
queens 6000 4     0    0.94    3255       0    3255       0   644.2    3255       0    3255       0   644.2
queens 6000 8     0    0.93    3206       0    3206       0   664.7    3206       0    3206       0   664.7
queens 6000 8     0    0.93    3213       0    3213       0   641.9    3213       0    3213       0   641.9
queens 6000 8     0    0.93    3208       0    3208       0   648.0    3208       0    3208       0   648.0
queens 6000 8     0    0.94    3263       0    3263       0   638.7    3263       0    3263       0   638.7
queens 6000 8     0    0.93    3227       0    3227       0   669.7    3227       0    3227       0   669.7
queens 6000 8     0    0.93    3215       0    3215       0   656.7    3215       0    3215       0   656.7
queens 6000 8     0    0.93    3220       0    3220       0   662.4    3220       0    3220       0   662.4
queens 6000 8     0    0.93    3218       0    3218       0   636.4    3218       0    3218       0   636.4
queens 6000 8     0    0.92    3195       0    3195       0   657.7    3195       0    3195       0   657.7
queens 6000 8     0    0.94    3259       0    3259       0   678.8    3259       0    3259       0   678.8
queens 6000 8     0    0.93    3237       0    3237       0   642.7    3237       0    3237       0   642.7
queens 6000 8     0    0.95    3292       0    3292       0   637.1    3292       0    3292       0   637.1
queens 6000 8     0    0.93    3226       0    3226       0   672.6    3226       0    3226       0   672.6
queens 6000 8     0    0.93    3208       0    3208       0   618.8    3208       0    3208       0   618.8
queens 6000 8     0    0.92    3197       0    3197       0   645.6    3197       0    3197       0   645.6
queens 6000 8     0    0.93    3209       0    3209       0   631.8    3209       0    3209       0   631.8
queens 6000 8     0    0.93    3231       0    3231       0   650.0    3231       0    3231       0   650.0
queens 6000 8     0    0.94    3242       0    3242       0   643.9    3242       0    3242       0   643.9
queens 6000 8     0    0.92    3203       0    3203       0   663.2    3203       0    3203       0   663.2
queens 6000 8     0    0.93    3208       0    3208       0   663.6    3208       0    3208       0   663.6
queens 6000 8     0    0.94    3267       0    3267       0   620.6    3267       0    3267       0   620.6
queens 6000 8     0    0.93    3224       0    3224       0   636.6    3224       0    3224       0   636.6
queens 6000 8     0    0.93    3210       0    3210       0   662.3    3210       0    3210       0   662.3
queens 6000 8     0    0.92    3195       0    3195       0   635.2    3195       0    3195       0   635.2
queens 6000 8     0    0.93    3232       0    3232       0   635.4    3232       0    3232       0   635.4
queens 6000 8     0    0.93    3211       0    3211       0   652.9    3211       0    3211       0   652.9
queens 6000 8     0    0.94    3243       0    3243       0   658.2    3243       0    3243       0   658.2
queens 6000 8     0    0.94    3239       0    3239       0   653.5    3239       0    3239       0   653.5
queens 6000 8     0    0.91    3150       0    3150       0   638.9    3150       0    3150       0   638.9
queens 6000 8     0    0.93    3228       0    3228       0   663.5    3228       0    3228       0   663.5
queens 6000 16     0    0.94    3238       0    3238       0   624.1    3238       0    3238       0   624.1
queens 6000 16     0    0.94    3213       0    3213       0   643.0    3213       0    3213       0   643.0
queens 6000 16     0    0.94    3191       0    3191       0   656.3    3191       0    3191       0   656.3
queens 6000 16     0    0.94    3223       0    3223       0   641.3    3223       0    3223       0   641.3
queens 6000 16     0    0.94    3199       0    3199       0   647.9    3199       0    3199       0   647.9
queens 6000 16     0    0.94    3205       0    3205       0   683.6    3205       0    3205       0   683.6
queens 6000 16     0    0.93    3200       0    3200       0   644.1    3200       0    3200       0   644.1
queens 6000 16     0    0.94    3236       0    3236       0   632.6    3236       0    3236       0   632.6
queens 6000 16     0    0.93    3167       0    3167       0   644.9    3167       0    3167       0   644.9
queens 6000 16     0    0.93    3194       0    3194       0   636.3    3194       0    3194       0   636.3
queens 6000 16     0    0.94    3209       0    3209       0   650.4    3209       0    3209       0   650.4
queens 6000 16     0    0.95    3257       0    3257       0   671.7    3257       0    3257       0   671.7
queens 6000 16     0    0.95    3263       0    3263       0   673.1    3263       0    3263       0   673.1
queens 6000 16     0    0.93    3207       0    3207       0   648.3    3207       0    3207       0   648.3
queens 6000 16     0    0.92    3130       0    3130       0   674.3    3130       0    3130       0   674.3
queens 6000 16     0    0.95    3255       0    3255       0   643.8    3255       0    3255       0   643.8
queens 6000 16     0    0.94    3233       0    3233       0   650.6    3233       0    3233       0   650.6
queens 6000 16     0    0.92    3152       0    3152       0   634.9    3152       0    3152       0   634.9
queens 6000 16     0    0.94    3221       0    3221       0   634.1    3221       0    3221       0   634.1
queens 6000 16     0    0.94    3203       0    3203       0   635.7    3203       0    3203       0   635.7
queens 6000 16     0    0.94    3225       0    3225       0   665.4    3225       0    3225       0   665.4
queens 6000 16     0    0.95    3248       0    3248       0   650.4    3248       0    3248       0   650.4
queens 6000 16     0    0.94    3206       0    3206       0   660.3    3206       0    3206       0   660.3
queens 6000 16     0    0.92    3137       0    3137       0   653.4    3137       0    3137       0   653.4
queens 6000 16     0    0.93    3195       0    3195       0   665.6    3195       0    3195       0   665.6
queens 6000 16     0    0.94    3212       0    3212       0   657.2    3212       0    3212       0   657.2
queens 6000 16     0    0.95    3266       0    3266       0   652.7    3266       0    3266       0   652.7
queens 6000 16     0    0.93    3198       0    3198       0   626.0    3198       0    3198       0   626.0
queens 6000 16     0    0.94    3227       0    3227       0   624.3    3227       0    3227       0   624.3
queens 6000 16     0    0.93    3179       0    3179       0   666.7    3179       0    3179       0   666.7
