magic-square 30 1     0    2.65   31334    3060    4684       2     2.5   31334    3060    4684       2     2.5
magic-square 30 1     0    0.30    3187     216    1313       1     4.8    3187     216    1313       1     4.8
magic-square 30 1     0    0.55    6193     491    1632       1     5.0    6193     491    1632       1     5.0
magic-square 30 1     0   17.13  211848   21332   10797       2     0.9  211848   21332   10797       2     0.9
magic-square 30 1     0    5.57   66721    9173    5623       3     1.1   66721    9173    5623       3     1.1
magic-square 30 1     0    0.23    2667     149     492       0     7.7    2667     149     492       0     7.7
magic-square 30 1     0    2.70   31070    3291    6720       5     4.2   31070    3291    6720       5     4.2
magic-square 30 1     0    0.36    4041     251    1347       1     4.2    4041     251    1347       1     4.2
magic-square 30 1     0    0.40    4432     247    1552       1     5.0    4432     247    1552       1     5.0
magic-square 30 1     0    0.69    7424     528    3282       3     3.9    7424     528    3282       3     3.9
magic-square 30 1     0    2.96   33669    2542    9805       8     3.7   33669    2542    9805       8     3.7
magic-square 30 1     0    1.40   15319    1033    5761       4     5.1   15319    1033    5761       4     5.1
magic-square 30 1     0    0.31    3099     201    1746       1     4.6    3099     201    1746       1     4.6
magic-square 30 1     0    0.40    4547     406    1047       0     4.4    4547     406    1047       0     4.4
magic-square 30 1     0    0.40    4149     265    1816       0     4.6    4149     265    1816       0     4.6
magic-square 30 1     0    0.78    8623     621    2854       2     5.5    8623     621    2854       2     5.5
magic-square 30 1     0    1.10   12274     747    4193       3     4.4   12274     747    4193       3     4.4
magic-square 30 1     0    1.50   14025    1181    9484       0     2.1   14025    1181    9484       0     2.1
magic-square 30 1     0    0.14    1522     102     424       0     7.4    1522     102     424       0     7.4
magic-square 30 1     0    1.29   15028    1075    4059       5     5.5   15028    1075    4059       5     5.5
magic-square 30 2     0    0.06     567      45     344       0     4.4     567      45     344       0     4.4
magic-square 30 2     0    0.58    6611     430    1669       1     4.4    6611     430    1669       1     4.4
magic-square 30 2     0    0.14    1424      84     615       0     4.5    1424      84     615       0     4.5
magic-square 30 2     0    0.11    1201      69     314       0     8.7    1201      69     314       0     8.7
magic-square 30 2     0    0.32    3440     327    1071       0     4.8    3440     327    1071       0     4.8
magic-square 30 2     0    0.05     430      24     275       0     9.0     430      24     275       0     9.0
magic-square 30 2     0    0.70    7878    1420    1283       1     2.2    7878    1420    1283       1     2.2
magic-square 30 2     0    0.10     927     156     461       0     5.3     927     156     461       0     5.3
magic-square 30 2     0    0.24    2764     175     469       0     5.2    2764     175     469       0     5.2
magic-square 30 2     0    0.20    2192     121     510       0     6.4    2192     121     510       0     6.4
magic-square 30 2     0    0.29    3485     177     532       0     6.2    3485     177     532       0     6.2
magic-square 30 2     0    0.29    3053     220    1258       0     4.1    3053     220    1258       0     4.1
magic-square 30 2     0    0.09     876     133     425       0     4.6     876     133     425       0     4.6
magic-square 30 2     0    0.11    1135      87     504       0     4.6    1135      87     504       0     4.6
magic-square 30 2     0    0.42    4751     337    1485       2     5.2    4751     337    1485       2     5.2
magic-square 30 2     0    0.34    3727     333    1226       1     5.2    3727     333    1226       1     5.2
magic-square 30 2     0    0.41    4714     375     993       0     5.9    4714     375     993       0     5.9
magic-square 30 2     0    0.21    2030     106    1094       0     3.6    2030     106    1094       0     3.6
magic-square 30 2     0    1.15   13082     942    4030       4     3.3   13082     942    4030       4     3.3
magic-square 30 2     0    0.76    8271     553    3051       1     3.8    8271     553    3051       1     3.8
magic-square 30 4     0    0.75    8987     539    1477       1     6.7    8987     539    1477       1     6.7
magic-square 30 4     0    0.36    3975     280    1271       1     5.0    3975     280    1271       1     5.0
magic-square 30 4     0    0.28    3354     214     345       0     6.1    3354     214     345       0     6.1
magic-square 30 4     0    0.11    1082      75     399       0     6.2    1082      75     399       0     6.2
magic-square 30 4     0    0.24    2616     163     657       0     5.8    2616     163     657       0     5.8
magic-square 30 4     0    0.86   10014     663    2661       3     5.4   10014     663    2661       3     5.4
magic-square 30 4     0    0.19    1909     115     972       0     2.9    1909     115     972       0     2.9
magic-square 30 4     0    0.44    4329     243    2303       0     2.9    4329     243    2303       0     2.9
magic-square 30 4     0    0.27    2654     150    1373       0     4.0    2654     150    1373       0     4.0
magic-square 30 4     0    0.28    3124     180     788       0     5.4    3124     180     788       0     5.4
magic-square 30 4     0    0.23    2666     169     327       0     6.7    2666     169     327       0     6.7
magic-square 30 4     0    0.25    2977     160     439       0     7.2    2977     160     439       0     7.2
magic-square 30 4     0    0.10     989      64     444       0     6.5     989      64     444       0     6.5
magic-square 30 4     0    0.46    5051     331    1802       1     4.8    5051     331    1802       1     4.8
magic-square 30 4     0    0.23    2532     168    1012       1     4.5    2532     168    1012       1     4.5
magic-square 30 4     0    0.67    7977     651     930       0     6.2    7977     651     930       0     6.2
magic-square 30 4     0    0.24    2451     202    1058       0     2.8    2451     202    1058       0     2.8
magic-square 30 4     0    0.74    7908     508    3380       2     4.4    7908     508    3380       2     4.4
magic-square 30 4     0    0.26    2790     301     783       0     5.0    2790     301     783       0     5.0
magic-square 30 4     0    0.12    1286      78     311       0     6.1    1286      78     311       0     6.1
magic-square 30 8     0    0.11    1083      91     386       0     5.0    1083      91     386       0     5.0
magic-square 30 8     0    0.42    4580     261    1616       1     3.8    4580     261    1616       1     3.8
magic-square 30 8     0    0.18    1945     136     478       0     6.4    1945     136     478       0     6.4
magic-square 30 8     0    0.12    1219      70     309       0     8.5    1219      70     309       0     8.5
magic-square 30 8     0    0.31    3386     232     987       1     5.7    3386     232     987       1     5.7
magic-square 30 8     0    0.13    1259      75     442       0     7.6    1259      75     442       0     7.6
magic-square 30 8     0    0.15    1502      96     459       0     6.6    1502      96     459       0     6.6
magic-square 30 8     0    0.08     627      31     404       0     8.2     627      31     404       0     8.2
magic-square 30 8     0    0.10    1017      72     243       0     6.8    1017      72     243       0     6.8
magic-square 30 8     0    0.22    2427     153     578       0     7.0    2427     153     578       0     7.0
magic-square 30 8     0    0.59    7003     424    1195       1     6.2    7003     424    1195       1     6.2
magic-square 30 8     0    0.08     610      46     404       0     4.2     610      46     404       0     4.2
magic-square 30 8     0    0.05     395      19     293       0     8.2     395      19     293       0     8.2
magic-square 30 8     0    0.12    1159      87     543       0     4.7    1159      87     543       0     4.7
magic-square 30 8     0    0.32    3406     210    1357       1     4.4    3406     210    1357       1     4.4
magic-square 30 8     0    0.28    3067     180     739       0     6.2    3067     180     739       0     6.2
magic-square 30 8     0    0.46    4773     319    1778       0     4.5    4773     319    1778       0     4.5
magic-square 30 8     0    0.09     813      45     410       0     8.0     813      45     410       0     8.0
magic-square 30 8     0    0.06     454      24     240       0     6.0     454      24     240       0     6.0
magic-square 30 8     0    0.10    1029      65     359       0     7.3    1029      65     359       0     7.3
magic-square 30 12     0    0.10     907      80     456       0     4.5     907      80     456       0     4.5
magic-square 30 12     0    0.10     831      55     323       0     6.5     831      55     323       0     6.5
magic-square 30 12     0    0.44    4635     296    1823       1     4.6    4635     296    1823       1     4.6
magic-square 30 12     0    0.09     664      34     472       0     4.2     664      34     472       0     4.2
magic-square 30 12     0    0.09     720      36     376       0     4.5     720      36     376       0     4.5
magic-square 30 12     0    0.11    1011      73     501       0     5.7    1011      73     501       0     5.7
magic-square 30 12     0    0.14    1293     111     513       0     2.8    1293     111     513       0     2.8
magic-square 30 12     0    0.09     818      43     335       0     5.0     818      43     335       0     5.0
magic-square 30 12     0    0.10    1001      73     228       0     4.8    1001      73     228       0     4.8
magic-square 30 12     0    0.09     811      41     315       0     7.3     811      41     315       0     7.3
magic-square 30 12     0    0.25    2486     195     888       0     4.3    2486     195     888       0     4.3
magic-square 30 12     0    0.11    1145      67     256       0     4.9    1145      67     256       0     4.9
magic-square 30 12     0    0.10     883      54     407       0     5.4     883      54     407       0     5.4
magic-square 30 12     0    0.22    2208     140     888       0     3.7    2208     140     888       0     3.7
magic-square 30 12     0    0.16    1539      90     629       0     5.7    1539      90     629       0     5.7
magic-square 30 12     0    0.18    1899     120     419       0     7.0    1899     120     419       0     7.0
magic-square 30 12     0    0.23    2345     131     835       0     4.7    2345     131     835       0     4.7
magic-square 30 12     0    0.21    2225     138     634       0     5.9    2225     138     634       0     5.9
magic-square 30 12     0    0.09     707      48     392       0     3.9     707      48     392       0     3.9
magic-square 30 12     0    0.11     983      64     364       0     6.5     983      64     364       0     6.5
magic-square 30 16     0    0.09     705     117     369       0     4.2     705     117     369       0     4.2
magic-square 30 16     0    0.16    1489      93     695       0     5.1    1489      93     695       0     5.1
magic-square 30 16     0    0.13    1135      87     504       0     4.6    1135      87     504       0     4.6
magic-square 30 16     0    0.17    1746     115     359       0     6.3    1746     115     359       0     6.3
magic-square 30 16     0    0.08     572      29     305       0     4.9     572      29     305       0     4.9
magic-square 30 16     0    0.09     668      98     430       0     5.4     668      98     430       0     5.4
magic-square 30 16     0    0.09     768      40     290       0     6.9     768      40     290       0     6.9
magic-square 30 16     0    0.13    1102      64     636       0     6.4    1102      64     636       0     6.4
magic-square 30 16     0    0.10     855      57     272       0     6.1     855      57     272       0     6.1
magic-square 30 16     0    0.12    1116      65     456       0     6.4    1116      65     456       0     6.4
magic-square 30 16     0    0.10     901      51     354       0     7.3     901      51     354       0     7.3
magic-square 30 16     0    0.08     638      83     312       0     6.7     638      83     312       0     6.7
magic-square 30 16     0    0.09     638      39     346       0     8.2     638      39     346       0     8.2
magic-square 30 16     0    0.08     631      25     275       0     7.7     631      25     275       0     7.7
magic-square 30 16     0    0.21    2058     110     706       0     6.3    2058     110     706       0     6.3
magic-square 30 16     0    0.15    1423      88     441       0     4.4    1423      88     441       0     4.4
magic-square 30 16     0    0.15    1398     100     416       0     5.2    1398     100     416       0     5.2
magic-square 30 16     0    0.10     845      61     464       0     5.5     845      61     464       0     5.5
magic-square 30 16     0    0.15    1510      90     377       0     6.5    1510      90     377       0     6.5
magic-square 30 16     0    0.19    1966     138     452       0     5.8    1966     138     452       0     5.8
magic-square 40 1     0    0.33    1911     119     863       0     6.0    1911     119     863       0     6.0
magic-square 40 1     0    2.47   16040    1062    4319       2     7.6   16040    1062    4319       2     7.6
magic-square 40 1     0    0.66    4055     234    1404       0     4.9    4055     234    1404       0     4.9
magic-square 40 1     0    1.62   10067     647    3911       2     6.7   10067     647    3911       2     6.7
magic-square 40 1     0    3.66   25462    1582    2671       1     7.3   25462    1582    2671       1     7.3
magic-square 40 1     0    1.16    6896     432    3193       1     5.7    6896     432    3193       1     5.7
magic-square 40 1     0    4.10   26105    1615    8545       4     6.2   26105    1615    8545       4     6.2
magic-square 40 1     0    6.10   39667    2774   10141       4     6.4   39667    2774   10141       4     6.4
magic-square 40 1     0    3.19   21202    1398    4888       3     5.0   21202    1398    4888       3     5.0
magic-square 40 1     0    3.92   25849    1624    6161       3     6.4   25849    1624    6161       3     6.4
magic-square 40 1     0    2.96   19800    1233    4015       2     6.9   19800    1233    4015       2     6.9
magic-square 40 1     0    1.00    6058     357    2218       0     5.5    6058     357    2218       0     5.5
magic-square 40 1     0    2.27   13960     858    5160       1     5.2   13960     858    5160       1     5.2
magic-square 40 1     0    0.16     910      61     438       0     7.2     910      61     438       0     7.2
magic-square 40 1     0    1.58    9775     648    3573       1     5.0    9775     648    3573       1     5.0
magic-square 40 1     0    0.37    2245     140     808       0     9.2    2245     140     808       0     9.2
magic-square 40 1     0    1.59   10774     667    1842       1     8.5   10774     667    1842       1     8.5
magic-square 40 1     0    0.26    1615      88     426       0     9.0    1615      88     426       0     9.0
magic-square 40 1     0    0.23    1478      82     391       0    11.2    1478      82     391       0    11.2
magic-square 40 1     0    0.37    2261     130     814       0     6.1    2261     130     814       0     6.1
magic-square 40 2     0    0.20    1096      97     568       0     8.1    1096      97     568       0     8.1
magic-square 40 2     0    3.31   21243    1307    6019       2     5.9   21243    1307    6019       2     5.9
magic-square 40 2     0    0.89    5365     345    2014       0     4.6    5365     345    2014       0     4.6
magic-square 40 2     0    0.41    2634     148     633       0     8.6    2634     148     633       0     8.6
magic-square 40 2     0    1.57   10478     619    1776       0     7.3   10478     619    1776       0     7.3
magic-square 40 2     0    1.47    9550     584    2027       0     6.7    9550     584    2027       0     6.7
magic-square 40 2     0    2.97   18393    1262    6186       1     4.9   18393    1262    6186       1     4.9
magic-square 40 2     0    1.59   10084     618    2687       0     6.3   10084     618    2687       0     6.3
magic-square 40 2     0    0.62    3817     226    1604       1     6.8    3817     226    1604       1     6.8
magic-square 40 2     0    0.65    4310     251     755       0     7.7    4310     251     755       0     7.7
magic-square 40 2     0    0.84    5315     386    1764       1     9.3    5315     386    1764       1     9.3
magic-square 40 2     0    0.93    5341     345    2604       0     3.1    5341     345    2604       0     3.1
magic-square 40 2     0    0.59    3730     244     964       0     8.0    3730     244     964       0     8.0
magic-square 40 2     0    0.66    4053     242    1714       1     8.8    4053     242    1714       1     8.8
magic-square 40 2     0    0.45    2839     190     738       0     8.4    2839     190     738       0     8.4
magic-square 40 2     0    2.32   15819     922    2895       2     6.6   15819     922    2895       2     6.6
magic-square 40 2     0    3.62   23105    1388    7280       3     6.3   23105    1388    7280       3     6.3
magic-square 40 2     0    0.70    4518     302     998       0     7.8    4518     302     998       0     7.8
magic-square 40 2     0    1.13    7472     429    1767       1     6.6    7472     429    1767       1     6.6
magic-square 40 2     0    1.15    6752     398    3396       1     3.9    6752     398    3396       1     3.9
magic-square 40 4     0    0.52    3361     208     741       0     6.2    3361     208     741       0     6.2
magic-square 40 4     0    0.31    1922     115     481       0     8.9    1922     115     481       0     8.9
magic-square 40 4     0    0.49    2874     156    1233       0     6.2    2874     156    1233       0     6.2
magic-square 40 4     0    0.69    4234     258    1303       0     6.3    4234     258    1303       0     6.3
magic-square 40 4     0    0.55    3494     211    1292       1     6.4    3494     211    1292       1     6.4
magic-square 40 4     0    0.42    2501     126     936       0     4.6    2501     126     936       0     4.6
magic-square 40 4     0    0.27    1637     106     499       0     9.0    1637     106     499       0     9.0
magic-square 40 4     0    0.47    2935     167     784       0     7.2    2935     167     784       0     7.2
magic-square 40 4     0    0.19    1069      59     434       0     8.4    1069      59     434       0     8.4
magic-square 40 4     0    0.56    3223     164    1465       0     3.8    3223     164    1465       0     3.8
magic-square 40 4     0    0.20    1042      52     620       0     5.9    1042      52     620       0     5.9
magic-square 40 4     0    0.48    2975     205     845       0     8.2    2975     205     845       0     8.2
magic-square 40 4     0    0.27    1465     107     817       0     6.4    1465     107     817       0     6.4
magic-square 40 4     0    1.59    9837     666    4303       3     5.8    9837     666    4303       3     5.8
magic-square 40 4     0    0.73    4151     579    1659       0     4.7    4151     579    1659       0     4.7
magic-square 40 4     0    0.60    3957     238     654       0     7.6    3957     238     654       0     7.6
magic-square 40 4     0    0.26    1532     104     497       0    10.2    1532     104     497       0    10.2
magic-square 40 4     0    1.43    9549     589    2271       2     7.7    9549     589    2271       2     7.7
magic-square 40 4     0    0.77    5228     359     584       0     8.1    5228     359     584       0     8.1
magic-square 40 4     0    0.46    2682     164    1049       0     5.1    2682     164    1049       0     5.1
magic-square 40 8     0    0.24    1268      53     784       0     5.3    1268      53     784       0     5.3
magic-square 40 8     0    0.41    2339     142    1102       0     5.3    2339     142    1102       0     5.3
magic-square 40 8     0    0.55    3507     244     715       0     6.6    3507     244     715       0     6.6
magic-square 40 8     0    0.82    5172     405    1611       1     6.2    5172     405    1611       1     6.2
magic-square 40 8     0    0.58    3407     229    1765       1     4.6    3407     229    1765       1     4.6
magic-square 40 8     0    0.43    2836     168     411       0     8.8    2836     168     411       0     8.8
magic-square 40 8     0    0.82    5315     359    1476       1     6.6    5315     359    1476       1     6.6
magic-square 40 8     0    0.73    4271     278    1824       0     6.1    4271     278    1824       0     6.1
magic-square 40 8     0    0.74    4719     273    1192       0     7.6    4719     273    1192       0     7.6
magic-square 40 8     0    0.20    1114      63     545       0     8.0    1114      63     545       0     8.0
magic-square 40 8     0    0.48    2784     192    1174       0     5.7    2784     192    1174       0     5.7
magic-square 40 8     0    0.25    1447     106     495       0     9.7    1447     106     495       0     9.7
magic-square 40 8     0    0.22    1262      62     483       0     9.4    1262      62     483       0     9.4
magic-square 40 8     0    0.74    4589     264    1825       1     5.6    4589     264    1825       1     5.6
magic-square 40 8     0    0.17     823      54     547       0     4.9     823      54     547       0     4.9
magic-square 40 8     0    0.46    2839     190     738       0     8.4    2839     190     738       0     8.4
magic-square 40 8     0    0.52    3249     208     834       0     7.6    3249     208     834       0     7.6
magic-square 40 8     0    0.65    4020     274    1080       0     7.9    4020     274    1080       0     7.9
magic-square 40 8     0    0.60    3647     199    1634       1     6.3    3647     199    1634       1     6.3
magic-square 40 8     0    0.40    2446     144     692       0     6.0    2446     144     692       0     6.0
magic-square 40 12     0    0.32    1804     119     719       0     7.3    1804     119     719       0     7.3
magic-square 40 12     0    0.35    1973     132     833       0     4.4    1973     132     833       0     4.4
magic-square 40 12     0    0.48    2502     162    1664       0     3.4    2502     162    1664       0     3.4
magic-square 40 12     0    0.26    1585      84     416       0     8.1    1585      84     416       0     8.1
magic-square 40 12     0    0.29    1627      78     666       0     5.9    1627      78     666       0     5.9
magic-square 40 12     0    0.14     633      37     433       0     7.0     633      37     433       0     7.0
magic-square 40 12     0    0.26    1467      88     633       0     6.3    1467      88     633       0     6.3
magic-square 40 12     0    0.18     872      51     564       0     6.8     872      51     564       0     6.8
magic-square 40 12     0    0.27    1497     106     613       0     7.8    1497     106     613       0     7.8
magic-square 40 12     0    0.36    2078     159     745       0     5.9    2078     159     745       0     5.9
magic-square 40 12     0    0.55    3038     213    1509       0     3.5    3038     213    1509       0     3.5
magic-square 40 12     0    0.30    1690     119     667       0     8.8    1690     119     667       0     8.8
magic-square 40 12     0    0.83    4831     272    2028       0     4.9    4831     272    2028       0     4.9
magic-square 40 12     0    0.62    3990     264     766       0     7.0    3990     264     766       0     7.0
magic-square 40 12     0    0.40    2432     182     665       0     8.5    2432     182     665       0     8.5
magic-square 40 12     0    0.48    2580     153    1508       0     4.2    2580     153    1508       0     4.2
magic-square 40 12     0    0.17     803      38     546       0     7.2     803      38     546       0     7.2
magic-square 40 12     0    0.83    5018     315    2098       1     5.9    5018     315    2098       1     5.9
magic-square 40 12     0    0.26    1360     103     777       0     5.1    1360     103     777       0     5.1
magic-square 40 12     0    0.15     765      49     414       0     7.4     765      49     414       0     7.4
magic-square 40 16     0    0.43    2383     529     772       0     4.0    2383     529     772       0     4.0
magic-square 40 16     0    0.14     677      40     380       0     7.6     677      40     380       0     7.6
magic-square 40 16     0    0.41    2339     148     953       0     5.9    2339     148     953       0     5.9
magic-square 40 16     0    0.35    1894     113     924       0     5.7    1894     113     924       0     5.7
magic-square 40 16     0    0.42    2610     161     535       0     7.3    2610     161     535       0     7.3
magic-square 40 16     0    0.26    1410      76     661       0     7.6    1410      76     661       0     7.6
magic-square 40 16     0    0.28    1586     102     619       0     6.3    1586     102     619       0     6.3
magic-square 40 16     0    0.54    3132     186    1579       1     5.0    3132     186    1579       1     5.0
magic-square 40 16     0    0.26    1461      75     561       0     7.1    1461      75     561       0     7.1
magic-square 40 16     0    0.36    2051     143     804       0     7.3    2051     143     804       0     7.3
magic-square 40 16     0    0.22    1203      70     462       0     8.2    1203      70     462       0     8.2
magic-square 40 16     0    0.34    1906     122     760       0     9.4    1906     122     760       0     9.4
magic-square 40 16     0    0.28    1516      82     752       0     8.5    1516      82     752       0     8.5
magic-square 40 16     0    0.48    2737     173    1072       0     5.8    2737     173    1072       0     5.8
magic-square 40 16     0    0.37    2150     108     782       0     6.2    2150     108     782       0     6.2
magic-square 40 16     0    0.33    1923     116     626       0     9.5    1923     116     626       0     9.5
magic-square 40 16     0    0.33    1896      98     669       0     8.0    1896      98     669       0     8.0
magic-square 40 16     0    0.29    1480     111     827       0     6.2    1480     111     827       0     6.2
magic-square 40 16     0    0.31    1703      87     691       0     7.3    1703      87     691       0     7.3
magic-square 40 16     0    0.19     928      64     522       0     8.2     928      64     522       0     8.2
magic-square 50 1     0    2.68   11265     654    2943       1     7.8   11265     654    2943       1     7.8
magic-square 50 1     0    1.17    4486     281    1700       0     6.1    4486     281    1700       0     6.1
magic-square 50 1     0    3.88   12698     885    9765       0     2.4   12698     885    9765       0     2.4
magic-square 50 1     0   17.91   75101    4697   17619       3     7.2   75101    4697   17619       3     7.2
magic-square 50 1     0    1.22    4350     305    2383       0     5.1    4350     305    2383       0     5.1
magic-square 50 1     0    2.97   12187     780    4317       2     9.4   12187     780    4317       2     9.4
magic-square 50 1     0    0.38    1325      66     746       0     8.6    1325      66     746       0     8.6
magic-square 50 1     0    5.07   20389    1191    6708       1     6.5   20389    1191    6708       1     6.5
magic-square 50 1     0  165.18  755554   58937   23134       2     1.2  755554   58937   23134       2     1.2
magic-square 50 1     0    4.94   21158    1371    4743       2     8.7   21158    1371    4743       2     8.7
magic-square 50 1     0    9.89   32591    1973   25519       1     2.4   32591    1973   25519       1     2.4
magic-square 50 1     0    5.01   20409    1281    7368       3     7.6   20409    1281    7368       3     7.6
magic-square 50 1     0    9.42   37711    2662   15001       6     7.9   37711    2662   15001       6     7.9
magic-square 50 1     0    8.73   36670    2177    9572       3     6.8   36670    2177    9572       3     6.8
magic-square 50 1     0    1.46    5511     383    2895       1     6.5    5511     383    2895       1     6.5
magic-square 50 1     0    1.78    6899     426    3846       2     6.6    6899     426    3846       2     6.6
magic-square 50 1     0    1.40    5778     335    1383       0     8.4    5778     335    1383       0     8.4
magic-square 50 1     0    2.30    8929     514    3927       1     6.5    8929     514    3927       1     6.5
magic-square 50 1     0    1.10    4440     262    1266       0     6.3    4440     262    1266       0     6.3
magic-square 50 1     0    2.12    8293     503    2895       0     6.8    8293     503    2895       0     6.8
magic-square 50 2     0    2.17    9125     695    2325       1    11.0    9125     695    2325       1    11.0
magic-square 50 2     0    3.42   14675     910    2399       0     8.8   14675     910    2399       0     8.8
magic-square 50 2     0    2.28    9304     547    2443       0     7.6    9304     547    2443       0     7.6
magic-square 50 2     0    0.55    2148     111     754       0    10.4    2148     111     754       0    10.4
magic-square 50 2     0    5.59   23176    1358    7947       4     7.4   23176    1358    7947       4     7.4
magic-square 50 2     0    2.40    9943     612    2889       1     7.4    9943     612    2889       1     7.4
magic-square 50 2     0    3.50   14071     883    4718       1     7.7   14071     883    4718       1     7.7
magic-square 50 2     0    1.36    5788     423     968       0     9.1    5788     423     968       0     9.1
magic-square 50 2     0    1.39    5470     331    1830       0     6.0    5470     331    1830       0     6.0
magic-square 50 2     0    1.05    4036     237    1547       0     7.5    4036     237    1547       0     7.5
magic-square 50 2     0    3.87   15337    1196    5340       1     6.2   15337    1196    5340       1     6.2
magic-square 50 2     0    4.86   20187    1381    5720       2     7.8   20187    1381    5720       2     7.8
magic-square 50 2     0    4.75   19905    1201    5446       2     6.7   19905    1201    5446       2     6.7
magic-square 50 2     0    1.86    7667     430    1854       0     8.3    7667     430    1854       0     8.3
magic-square 50 2     0    0.94    3661     219    1276       0     8.9    3661     219    1276       0     8.9
magic-square 50 2     0    0.60    2522     152     464       0    10.3    2522     152     464       0    10.3
magic-square 50 2     0    0.96    3795     239    1199       0     7.3    3795     239    1199       0     7.3
magic-square 50 2     0    2.83   11075     720    5099       2     7.0   11075     720    5099       2     7.0
magic-square 50 2     0    7.23   29511    1950    9550       3     7.0   29511    1950    9550       3     7.0
magic-square 50 2     0    0.99    3699     235    1654       0     5.6    3699     235    1654       0     5.6
magic-square 50 4     0    1.47    5999     360    1490       0     8.0    5999     360    1490       0     8.0
magic-square 50 4     0    0.34    1257      70     520       0    13.3    1257      70     520       0    13.3
magic-square 50 4     0    0.85    3299     203    1160       0     6.1    3299     203    1160       0     6.1
magic-square 50 4     0    1.58    6070     361    2355       0     5.2    6070     361    2355       0     5.2
magic-square 50 4     0    0.93    3648     200    1216       0     7.3    3648     200    1216       0     7.3
magic-square 50 4     0    0.90    3322     209    1557       0     6.8    3322     209    1557       0     6.8
magic-square 50 4     0    0.74    2618     408    1231       0     6.4    2618     408    1231       0     6.4
magic-square 50 4     0    0.57    2324     145     593       0    11.3    2324     145     593       0    11.3
magic-square 50 4     0    1.05    4065     233    1486       0     7.6    4065     233    1486       0     7.6
magic-square 50 4     0    0.83    2882     153    1735       0     6.2    2882     153    1735       0     6.2
magic-square 50 4     0    0.69    2549     169    1191       0     5.8    2549     169    1191       0     5.8
magic-square 50 4     0    1.63    6223     366    3117       1     5.7    6223     366    3117       1     5.7
magic-square 50 4     0    3.23   12551     731    5868       2     5.9   12551     731    5868       2     5.9
magic-square 50 4     0    0.73    2880     142     932       0     9.9    2880     142     932       0     9.9
magic-square 50 4     0    0.70    2726     143     946       0    10.0    2726     143     946       0    10.0
magic-square 50 4     0    1.18    4342     264    2082       0     5.6    4342     264    2082       0     5.6
magic-square 50 4     0    4.92   19391    1089    8534       3     5.7   19391    1089    8534       3     5.7
magic-square 50 4     0    0.99    3699     235    1654       0     5.6    3699     235    1654       0     5.6
magic-square 50 4     0    1.75    6579     675    2586       0     6.3    6579     675    2586       0     6.3
magic-square 50 4     0    1.53    6606     381     961       0     8.6    6606     381     961       0     8.6
magic-square 50 8     0    2.30    8903     530    3305       0     6.0    8903     530    3305       0     6.0
magic-square 50 8     0    1.56    6750     399     936       0     8.1    6750     399     936       0     8.1
magic-square 50 8     0    0.92    3371     173    1663       0     8.3    3371     173    1663       0     8.3
magic-square 50 8     0    0.69    2739     141     795       0     8.8    2739     141     795       0     8.8
magic-square 50 8     0    0.72    2612     152    1297       0     6.0    2612     152    1297       0     6.0
magic-square 50 8     0    0.65    2554     115     840       0     9.4    2554     115     840       0     9.4
magic-square 50 8     0    1.26    5263     314    1018       0    10.0    5263     314    1018       0    10.0
magic-square 50 8     0    0.84    3490     211     704       0    11.0    3490     211     704       0    11.0
magic-square 50 8     0    1.00    3728     196    1652       0     5.7    3728     196    1652       0     5.7
magic-square 50 8     0    0.58    2263     115     742       0     9.4    2263     115     742       0     9.4
magic-square 50 8     0    0.61    2292     117     961       0     8.9    2292     117     961       0     8.9
magic-square 50 8     0    0.40    1381      83     825       0     8.2    1381      83     825       0     8.2
magic-square 50 8     0    0.90    3396     248    1299       0     7.4    3396     248    1299       0     7.4
magic-square 50 8     0    1.29    5172     275    1527       0     7.7    5172     275    1527       0     7.7
magic-square 50 8     0    0.50    1706     102    1065       0     6.0    1706     102    1065       0     6.0
magic-square 50 8     0    1.10    4367     224    1380       0     8.2    4367     224    1380       0     8.2
magic-square 50 8     0    0.72    2699     141    1155       0     8.1    2699     141    1155       0     8.1
magic-square 50 8     0    0.79    3001     168    1141       0     7.3    3001     168    1141       0     7.3
magic-square 50 8     0    1.02    3972     245    1350       0     8.2    3972     245    1350       0     8.2
magic-square 50 8     0    0.63    2370     143     966       0     7.9    2370     143     966       0     7.9
magic-square 50 12     0    0.95    3749     269    1095       0     7.6    3749     269    1095       0     7.6
magic-square 50 12     0    1.12    4197     284    1706       0     5.6    4197     284    1706       0     5.6
magic-square 50 12     0    0.82    2932     209    1494       0     5.9    2932     209    1494       0     5.9
magic-square 50 12     0    0.98    4014     242     931       0    10.1    4014     242     931       0    10.1
magic-square 50 12     0    0.54    2057     124     686       0    11.6    2057     124     686       0    11.6
magic-square 50 12     0    0.23     690      39     527       0    10.7     690      39     527       0    10.7
magic-square 50 12     0    0.41    1391      81     805       0    11.7    1391      81     805       0    11.7
magic-square 50 12     0    0.70    2702     165     924       0     8.5    2702     165     924       0     8.5
magic-square 50 12     0    0.32    1049      64     637       0    10.5    1049      64     637       0    10.5
magic-square 50 12     0    1.07    4478     319     762       0    10.0    4478     319     762       0    10.0
magic-square 50 12     0    0.56    2073     131     800       0    10.8    2073     131     800       0    10.8
magic-square 50 12     0    0.40    1483      98     511       0    10.7    1483      98     511       0    10.7
magic-square 50 12     0    1.08    4055     228    1655       0     6.8    4055     228    1655       0     6.8
magic-square 50 12     0    0.50    1686      96    1024       0     6.1    1686      96    1024       0     6.1
magic-square 50 12     0    1.70    6479     434    2519       0     5.3    6479     434    2519       0     5.3
magic-square 50 12     0    0.98    3870     224    1165       0     8.8    3870     224    1165       0     8.8
magic-square 50 12     0    0.94    3986     247     607       0    10.8    3986     247     607       0    10.8
magic-square 50 12     0    0.92    3796     228     774       0    11.7    3796     228     774       0    11.7
magic-square 50 12     0    0.44    1587      94     734       0     9.2    1587      94     734       0     9.2
magic-square 50 12     0    0.36    1251      96     627       0    10.6    1251      96     627       0    10.6
magic-square 50 16     0    0.34    1187      73     543       0    13.1    1187      73     543       0    13.1
magic-square 50 16     0    0.54    1756      81    1223       0     5.0    1756      81    1223       0     5.0
magic-square 50 16     0    0.46    1517     108     954       0     7.4    1517     108     954       0     7.4
magic-square 50 16     0    0.76    2868     180    1042       0     7.2    2868     180    1042       0     7.2
magic-square 50 16     0    0.45    1493      69     982       0     9.6    1493      69     982       0     9.6
magic-square 50 16     0    1.04    3812     209    1747       0     8.1    3812     209    1747       0     8.1
magic-square 50 16     0    0.90    3299     207    1491       0     6.0    3299     207    1491       0     6.0
magic-square 50 16     0    0.38    1283     123     632       0     9.9    1283     123     632       0     9.9
magic-square 50 16     0    0.92    3327     215    1574       0     6.9    3327     215    1574       0     6.9
magic-square 50 16     0    0.70    2417     135    1401       0     7.3    2417     135    1401       0     7.3
magic-square 50 16     0    0.83    3148     169    1135       0     7.4    3148     169    1135       0     7.4
magic-square 50 16     0    0.61    2339     151     747       0     9.0    2339     151     747       0     9.0
magic-square 50 16     0    0.55    2044     116     794       0     7.0    2044     116     794       0     7.0
magic-square 50 16     0    0.86    2712     175    2178       0     4.1    2712     175    2178       0     4.1
magic-square 50 16     0    0.44    1498      86     830       0     8.4    1498      86     830       0     8.4
magic-square 50 16     0    0.36    1170      89     688       0    11.6    1170      89     688       0    11.6
magic-square 50 16     0    0.36    1279      62     547       0    12.7    1279      62     547       0    12.7
magic-square 50 16     0    1.09    4055     249    1699       0     6.3    4055     249    1699       0     6.3
magic-square 50 16     0    0.56    2049     104     822       0     8.7    2049     104     822       0     8.7
magic-square 50 16     0    1.34    5530     303    1219       0     9.4    5530     303    1219       0     9.4
magic-square 60 1     0   29.92   91075    5863   15712       5     6.3   91075    5863   15712       5     6.3
magic-square 60 1     0    7.32   21469    1263    6080       2     9.1   21469    1263    6080       2     9.1
magic-square 60 1     0    1.02    2489     152    1473       0     9.7    2489     152    1473       0     9.7
magic-square 60 1     0   21.39   61698    3990   17728       4     6.8   61698    3990   17728       4     6.8
magic-square 60 1     0    9.20   25759    1491    9443       2     6.9   25759    1491    9443       2     6.9
magic-square 60 1     0    2.74    7338     416    2820       0     7.3    7338     416    2820       0     7.3
magic-square 60 1     0   21.67   62620    3723   18894       5     9.0   62620    3723   18894       5     9.0
magic-square 60 1     0   12.07   35191    2159   10053       3     8.7   35191    2159   10053       3     8.7
magic-square 60 1     0    1.43    3770     204    1591       0     8.6    3770     204    1591       0     8.6
magic-square 60 1     0    5.64   16357     958    4503       1     9.9   16357     958    4503       1     9.9
magic-square 60 1     0    5.63   15826     944    4546       0     7.4   15826     944    4546       0     7.4
magic-square 60 1     0    1.21    3235     165    1292       0    11.8    3235     165    1292       0    11.8
magic-square 60 1     0    1.30    3329     187    1616       0     6.8    3329     187    1616       0     6.8
magic-square 60 1     0    5.01   14062     892    4011       0     5.4   14062     892    4011       0     5.4
magic-square 60 1     0    8.91   25568    1616    9753       4     8.6   25568    1616    9753       4     8.6
magic-square 60 1     0    7.56   22421    1330    4842       1     9.1   22421    1330    4842       1     9.1
magic-square 60 1     0    4.01   11390     740    3838       1     9.4   11390     740    3838       1     9.4
magic-square 60 1     0    3.40    9959     594    1998       0     9.3    9959     594    1998       0     9.3
magic-square 60 1     0    2.75    7172     448    3182       0     6.2    7172     448    3182       0     6.2
magic-square 60 1     0    6.76   19433    1185    6453       2     8.5   19433    1185    6453       2     8.5
magic-square 60 2     0    4.42   11604     656    5053       0     5.3   11604     656    5053       0     5.3
magic-square 60 2     0    3.49    9567     590    3195       0     4.7    9567     590    3195       0     4.7
magic-square 60 2     0    8.89   25925    1575    7208       2     9.3   25925    1575    7208       2     9.3
magic-square 60 2     0   10.36   29126    1801   11846       4     8.9   29126    1801   11846       4     8.9
magic-square 60 2     0    1.50    4040     254    1450       0     7.2    4040     254    1450       0     7.2
magic-square 60 2     0    2.29    6165     365    2331       0     6.7    6165     365    2331       0     6.7
magic-square 60 2     0    1.54    3963     226    1899       0     7.0    3963     226    1899       0     7.0
magic-square 60 2     0    2.55    6591     396    3040       0     7.2    6591     396    3040       0     7.2
magic-square 60 2     0    1.61    4648     260    1075       0     9.7    4648     260    1075       0     9.7
magic-square 60 2     0    3.79   10268     625    3702       0     6.7   10268     625    3702       0     6.7
magic-square 60 2     0    2.28    5992     345    2575       0     6.8    5992     345    2575       0     6.8
magic-square 60 2     0    1.82    4716     281    2137       0     7.4    4716     281    2137       0     7.4
magic-square 60 2     0    0.89    2413     161     794       0    11.7    2413     161     794       0    11.7
magic-square 60 2     0    5.67   16890    1020    3728       1    10.1   16890    1020    3728       1    10.1
magic-square 60 2     0    4.27   11420    1922    4132       1     7.8   11420    1922    4132       1     7.8
magic-square 60 2     0    1.93    5784     324     854       0    11.8    5784     324     854       0    11.8
magic-square 60 2     0    0.83    2005     238    1096       0     7.4    2005     238    1096       0     7.4
magic-square 60 2     0    5.22   14946     839    5560       2     8.3   14946     839    5560       2     8.3
magic-square 60 2     0    2.21    6214     362    1723       0     9.7    6214     362    1723       0     9.7
magic-square 60 2     0    2.39    6707     406    1887       0     9.8    6707     406    1887       0     9.8
magic-square 60 4     0    5.59   15028     905    5689       0     5.5   15028     905    5689       0     5.5
magic-square 60 4     0    0.99    2455     128    1327       0    11.3    2455     128    1327       0    11.3
magic-square 60 4     0    1.76    4690     271    1808       0     7.9    4690     271    1808       0     7.9
magic-square 60 4     0    2.53    6824     396    2502       0     8.7    6824     396    2502       0     8.7
magic-square 60 4     0    5.18   14685    1205    4520       1     7.3   14685    1205    4520       1     7.3
magic-square 60 4     0    3.80   10980     678    2465       0     9.5   10980     678    2465       0     9.5
magic-square 60 4     0    1.29    3231     181    1686       0     6.5    3231     181    1686       0     6.5
magic-square 60 4     0    3.20    8503     461    3483       0     5.3    8503     461    3483       0     5.3
magic-square 60 4     0    6.25   18145    1078    4867       1     8.8   18145    1078    4867       1     8.8
magic-square 60 4     0    3.46   10308     680    1636       0     9.6   10308     680    1636       0     9.6
magic-square 60 4     0    3.29    9415     565    2292       0     7.4    9415     565    2292       0     7.4
magic-square 60 4     0    6.44   17413    1312    7039       1     7.3   17413    1312    7039       1     7.3
magic-square 60 4     0    1.10    2956     186    1088       0    11.2    2956     186    1088       0    11.2
magic-square 60 4     0    3.35    8682     535    3967       0     5.2    8682     535    3967       0     5.2
magic-square 60 4     0    3.17    8615     581    3849       1     8.1    8615     581    3849       1     8.1
magic-square 60 4     0    1.41    3624     214    1706       0     9.2    3624     214    1706       0     9.2
magic-square 60 4     0    0.94    2485     124     985       0    13.5    2485     124     985       0    13.5
magic-square 60 4     0    1.49    4032     280    1391       0     7.9    4032     280    1391       0     7.9
magic-square 60 4     0    3.93   10886     707    4236       1     8.4   10886     707    4236       1     8.4
magic-square 60 4     0    1.39    3506     231    1769       0     7.3    3506     231    1769       0     7.3
magic-square 60 8     0    2.62    7131     402    2491       0     8.0    7131     402    2491       0     8.0
magic-square 60 8     0    2.48    6965     375    1943       0    10.2    6965     375    1943       0    10.2
magic-square 60 8     0    2.00    5637     333    1467       0    11.1    5637     333    1467       0    11.1
magic-square 60 8     0    2.34    5932     840    2496       0     4.8    5932     840    2496       0     4.8
magic-square 60 8     0    1.64    4581     282    1301       0    10.4    4581     282    1301       0    10.4
magic-square 60 8     0    1.16    2914     151    1530       0    10.0    2914     151    1530       0    10.0
magic-square 60 8     0    1.75    4486     330    2023       0     4.8    4486     330    2023       0     4.8
magic-square 60 8     0    1.51    3895     200    1788       0     5.9    3895     200    1788       0     5.9
magic-square 60 8     0    0.63    1492      93     903       0    15.0    1492      93     903       0    15.0
magic-square 60 8     0    2.83    7439     435    4046       1     8.3    7439     435    4046       1     8.3
magic-square 60 8     0    1.22    2983     210    1709       0     9.5    2983     210    1709       0     9.5
magic-square 60 8     0    1.11    2974     160    1089       0    10.8    2974     160    1089       0    10.8
magic-square 60 8     0    1.49    3826     235    1788       0     7.5    3826     235    1788       0     7.5
magic-square 60 8     0    2.76    7719     444    2215       0     8.1    7719     444    2215       0     8.1
magic-square 60 8     0    2.83    8088     486    1956       0     7.9    8088     486    1956       0     7.9
magic-square 60 8     0    1.11    2954     163    1158       0     8.3    2954     163    1158       0     8.3
magic-square 60 8     0    1.55    3844     232    2118       0     6.5    3844     232    2118       0     6.5
magic-square 60 8     0    3.20    8631     515    3183       0     6.5    8631     515    3183       0     6.5
magic-square 60 8     0    1.78    4917     346    1451       0     8.7    4917     346    1451       0     8.7
magic-square 60 8     0    2.36    7035     417    1103       0    10.9    7035     417    1103       0    10.9
magic-square 60 12     0    1.42    3983     253    1026       0     9.9    3983     253    1026       0     9.9
magic-square 60 12     0    2.00    5631     378    1411       0    11.2    5631     378    1411       0    11.2
magic-square 60 12     0    1.10    3031     154     919       0    11.2    3031     154     919       0    11.2
magic-square 60 12     0    1.11    2655     169    1614       0     6.7    2655     169    1614       0     6.7
magic-square 60 12     0    1.30    3481     192    1253       0    10.7    3481     192    1253       0    10.7
magic-square 60 12     0    1.11    3065     157     909       0     9.6    3065     157     909       0     9.6
magic-square 60 12     0    2.02    5698     326    1500       0    11.2    5698     326    1500       0    11.2
magic-square 60 12     0    1.65    4305     250    1844       0     7.2    4305     250    1844       0     7.2
magic-square 60 12     0    1.60    4269     236    1617       0     8.7    4269     236    1617       0     8.7
magic-square 60 12     0    0.60    1501      77     722       0    11.9    1501      77     722       0    11.9
magic-square 60 12     0    0.81    1928     130    1174       0    10.1    1928     130    1174       0    10.1
magic-square 60 12     0    1.32    3425     217    1434       0     8.9    3425     217    1434       0     8.9
magic-square 60 12     0    0.66    1679      93     738       0    16.3    1679      93     738       0    16.3
magic-square 60 12     0    1.40    4024     211     859       0    11.5    4024     211     859       0    11.5
magic-square 60 12     0    1.92    5183     297    1820       0     9.2    5183     297    1820       0     9.2
magic-square 60 12     0    1.38    3696     209    1295       0     9.4    3696     209    1295       0     9.4
magic-square 60 12     0    0.77    1942      97     898       0    14.6    1942      97     898       0    14.6
magic-square 60 12     0    1.29    3339     193    1429       0    10.8    3339     193    1429       0    10.8
magic-square 60 12     0    3.26    8313     501    4037       0     5.1    8313     501    4037       0     5.1
magic-square 60 12     0    1.60    4538     221    1141       0    10.9    4538     221    1141       0    10.9
magic-square 60 16     0    0.72    1776      95     866       0     8.1    1776      95     866       0     8.1
magic-square 60 16     0    1.82    4590     260    2326       0     6.8    4590     260    2326       0     6.8
magic-square 60 16     0    3.03    8677     494    2059       0    10.4    8677     494    2059       0    10.4
magic-square 60 16     0    2.47    7206     458    1348       0    11.3    7206     458    1348       0    11.3
magic-square 60 16     0    2.26    6207     632    1690       0     8.1    6207     632    1690       0     8.1
magic-square 60 16     0    1.32    3403     199    1491       0    11.1    3403     199    1491       0    11.1
magic-square 60 16     0    1.86    5076     278    1645       0    11.3    5076     278    1645       0    11.3
magic-square 60 16     0    0.74    1811     103     962       0    11.9    1811     103     962       0    11.9
magic-square 60 16     0    1.48    3960     214    1430       0    12.1    3960     214    1430       0    12.1
magic-square 60 16     0    0.95    2221     115    1455       0     9.0    2221     115    1455       0     9.0
magic-square 60 16     0    0.80    2031     133     873       0    10.6    2031     133     873       0    10.6
magic-square 60 16     0    1.10    2771     171    1332       0     8.5    2771     171    1332       0     8.5
magic-square 60 16     0    1.84    4644     355    2224       0     6.2    4644     355    2224       0     6.2
magic-square 60 16     0    1.52    4249     246    1157       0    11.3    4249     246    1157       0    11.3
magic-square 60 16     0    2.16    5854     357    2010       0     8.6    5854     357    2010       0     8.6
magic-square 60 16     0    0.86    2220     121     928       0    11.5    2220     121     928       0    11.5
magic-square 60 16     0    0.89    2189     109    1157       0    10.9    2189     109    1157       0    10.9
magic-square 60 16     0    0.65    1633      78     724       0    11.2    1633      78     724       0    11.2
magic-square 60 16     0    1.01    2705     153     908       0    11.9    2705     153     908       0    11.9
magic-square 60 16     0    1.33    3672     201    1050       0    10.1    3672     201    1050       0    10.1
magic-square 70 1     0   30.52   63487    3829   22223       4     7.5   63487    3829   22223       4     7.5
magic-square 70 1     0   11.61   24620    1481    6924       1     9.0   24620    1481    6924       1     9.0
magic-square 70 1     0   15.76   32394    2803    9985       1     8.3   32394    2803    9985       1     8.3
magic-square 70 1     0   28.08   58170    3598   19970       3     8.3   58170    3598   19970       3     8.3
magic-square 70 1     0    3.97    8573     519    1664       0     7.3    8573     519    1664       0     7.3
magic-square 70 1     0   19.92   39571    2339   19649       4     6.9   39571    2339   19649       4     6.9
magic-square 70 1     0    8.59   18134    1034    5648       1     9.9   18134    1034    5648       1     9.9
magic-square 70 1     0    8.71   18530    1116    6614       2    11.3   18530    1116    6614       2    11.3
magic-square 70 1     0   11.16   23895    1357    6406       1     9.6   23895    1357    6406       1     9.6
magic-square 70 1     0   24.32   49552    2862   21943       5     8.4   49552    2862   21943       5     8.4
magic-square 70 1     0   29.19   61122    3735   21894       5     9.5   61122    3735   21894       5     9.5
magic-square 70 1     0    8.56   18392    1406    4681       1    10.5   18392    1406    4681       1    10.5
magic-square 70 1     0    2.18    4145     246    1921       0    10.1    4145     246    1921       0    10.1
magic-square 70 1     0   16.77   37355    2167    6283       1    10.5   37355    2167    6283       1    10.5
magic-square 70 1     0    8.41   16481     937    7853       1     7.6   16481     937    7853       1     7.6
magic-square 70 1 