all-interval 500 16     0  126.15    3130      26    6354      26     4.2    3130      26    6354      26     4.2
all-interval 500 16     0   75.14     974       3    1346       3     1.0     974       3    1346       3     1.0
all-interval 500 16     0   87.13    1913      14    3649      14     3.1    1913      14    3649      14     3.1
all-interval 500 16     0   78.14    1830      12    3318      12     3.1    1830      12    3318      12     3.1
all-interval 500 16     0  224.00    8325      81   18369      81     4.3    8325      81   18369      81     4.3
all-interval 500 16     0   99.70    1383       3    1755       3     1.4    1383       3    1755       3     1.4
all-interval 500 16     0  159.73    4277      34    8493      34     3.6    4277      34    8493      34     3.6
all-interval 500 16     0  316.47   11152     108   24544     108     3.7   11152     108   24544     108     3.7
all-interval 500 16     0  137.10    2234       9    3350       9     0.9    2234       9    3350       9     0.9
all-interval 500 16     0   52.18     493       0     493       0     0.0     493       0     493       0     0.0
all-interval 500 16     0  258.83    4519      23    7371      23     1.4    4519      23    7371      23     1.4
all-interval 500 16     0   95.52    1707       7    2575       7     1.4    1707       7    2575       7     1.4
all-interval 500 16     0   78.14    1830      12    3318      12     3.1    1830      12    3318      12     3.1
all-interval 500 16     0   76.02    1463       7    2331       7     1.9    1463       7    2331       7     1.9
all-interval 500 16     0  186.84    5342      35    9682      35     3.2    5342      35    9682      35     3.2
all-interval 500 16     0  114.66    2749      18    4981      18     1.5    2749      18    4981      18     1.5
all-interval 500 16     0  168.91    4651      32    8619      32     3.4    4651      32    8619      32     3.4
all-interval 500 16     0  170.55    4675      37    9263      37     3.7    4675      37    9263      37     3.7
all-interval 500 16     0   83.96    1996      13    3608      13     1.8    1996      13    3608      13     1.8
all-interval 500 16     0  169.97    2865      15    4725      15     1.6    2865      15    4725      15     1.6
all-interval 500 16     0  131.82    3634      26    6858      26     3.1    3634      26    6858      26     3.1
all-interval 500 16     0  348.30    8966      63   16778      63     2.6    8966      63   16778      63     2.6
all-interval 500 16     0  172.19    3766      22    6494      22     2.3    3766      22    6494      22     2.3
all-interval 500 16     0  303.10    8743      79   18539      79     3.2    8743      79   18539      79     3.2
all-interval 500 16     0  170.02    5944      53   12516      53     2.8    5944      53   12516      53     2.8
all-interval 500 16     0  178.93    2489       7    3357       7     0.5    2489       7    3357       7     0.5
all-interval 500 16     0   52.06     494       0     494       0     0.0     494       0     494       0     0.0
all-interval 500 16     0   58.37     878       3    1250       3     0.7     878       3    1250       3     0.7
all-interval 500 16     0   54.64     630       1     754       1     0.5     630       1     754       1     0.5
all-interval 500 16     0   74.20    1254       5    1874       5     1.4    1254       5    1874       5     1.4
all-interval 500 16     0   87.90    1437       6    2181       6     1.5    1437       6    2181       6     1.5
all-interval 500 16     0  346.41   11060     101   23584     101     2.8   11060     101   23584     101     2.8
all-interval 500 16     0  104.74    2484      18    4716      18     2.3    2484      18    4716      18     2.3
all-interval 500 16     0   75.98    1468       9    2584       9     3.2    1468       9    2584       9     3.2
all-interval 500 16     0  155.83    3277      22    6005      22     2.1    3277      22    6005      22     2.1
all-interval 500 16     0  106.82    1963       9    3079       9     3.5    1963       9    3079       9     3.5
all-interval 500 16     0  144.97    3404      25    6504      25     3.2    3404      25    6504      25     3.2
all-interval 500 16     0  197.03    5707      46   11411      46     3.5    5707      46   11411      46     3.5
all-interval 500 16     0  283.48    8973      77   18521      77     2.8    8973      77   18521      77     2.8
all-interval 500 16     0  123.98    3765      31    7609      31     2.3    3765      31    7609      31     2.3
all-interval 500 16     0   56.81     643       2     891       2     0.4     643       2     891       2     0.4
all-interval 500 16     0  389.26    8104      48   14056      48     2.2    8104      48   14056      48     2.2
all-interval 500 16     0   52.62     496       0     496       0     0.0     496       0     496       0     0.0
all-interval 500 16     0   99.54    2514      18    4746      18     2.2    2514      18    4746      18     2.2
all-interval 500 16     0   69.92    1366       8    2358       8     2.6    1366       8    2358       8     2.6
all-interval 500 16     0  121.73    3008      27    6356      27     3.0    3008      27    6356      27     3.0
all-interval 500 16     0  273.77    7405      62   15093      62     3.0    7405      62   15093      62     3.0
all-interval 500 16     0  129.47    2880      25    5980      25     3.8    2880      25    5980      25     3.8
all-interval 500 16     0   76.46    1400       8    2392       8     1.8    1400       8    2392       8     1.8
all-interval 500 16     0  148.84    4234      30    7954      30     2.7    4234      30    7954      30     2.7
all-interval 500 1     0  642.20   15951     113   29963     113     2.7   15951     113   29963     113     2.7
all-interval 500 1     0 1122.54   32886     258   64878     258     3.2   32886     258   64878     258     3.2
all-interval 500 1     0  218.99    5594      42   10802      42     2.3    5594      42   10802      42     2.3
all-interval 500 1     0  715.34   20254     161   40218     161     2.9   20254     161   40218     161     2.9
all-interval 500 1     0 2423.68   69595     537  136183     537     2.8   69595     537  136183     537     2.8
all-interval 500 1     0  492.44   13660     110   27300     110     2.5   13660     110   27300     110     2.5
all-interval 500 1     0  293.36    8698      71   17502      71     3.2    8698      71   17502      71     3.2
all-interval 500 1     0  381.28   10833      92   22241      92     3.1   10833      92   22241      92     3.1
all-interval 500 1     0 1199.85   33066     253   64438     253     2.9   33066     253   64438     253     2.9
all-interval 500 1     0  883.91   19413     145   37393     145     2.4   19413     145   37393     145     2.4
all-interval 500 1     0  244.82    6511      47   12339      47     2.3    6511      47   12339      47     2.3
all-interval 500 1     0 1744.47   48139     375   94639     375     2.9   48139     375   94639     375     2.9
all-interval 500 1     0 2243.71   67024     541  134108     541     2.9   67024     541  134108     541     2.9
all-interval 500 1     0  743.62   16927     109   30443     109     2.4   16927     109   30443     109     2.4
all-interval 500 1     0 1764.97   49878     373   96130     373     2.7   49878     373   96130     373     2.7
all-interval 500 1     0  947.19   28877     228   57149     228     3.0   28877     228   57149     228     3.0
all-interval 500 1     0  615.56   16865     140   34225     140     3.0   16865     140   34225     140     3.0
all-interval 500 1     0 1747.21   54411     439  108847     439     3.0   54411     439  108847     439     3.0
all-interval 500 1     0  903.11   31342     277   65690     277     3.7   31342     277   65690     277     3.7
all-interval 500 1     0 1085.00   32905     262   65393     262     3.0   32905     262   65393     262     3.0
all-interval 500 1     0  390.58   11112      85   21652      85     2.7   11112      85   21652      85     2.7
all-interval 500 1     0  336.91    9478      71   18282      71     2.7    9478      71   18282      71     2.7
all-interval 500 1     0  537.22   12773      84   23189      84     2.6   12773      84   23189      84     2.6
all-interval 500 1     0 2597.65   71725     530  137445     530     2.7   71725     530  137445     530     2.7
all-interval 500 1     0   98.25    2055      15    3915      15     2.2    2055      15    3915      15     2.2
all-interval 500 1     0 1053.61   31384     254   62880     254     3.0   31384     254   62880     254     3.0
all-interval 500 1     0  287.36    7534      65   15594      65     3.6    7534      65   15594      65     3.6
all-interval 500 1     0 1608.84   50094     401   99818     401     3.1   50094     401   99818     401     3.1
all-interval 500 1     0  991.46   26507     197   50935     197     2.6   26507     197   50935     197     2.6
all-interval 500 1     0   73.00    1586      14    3322      14     3.9    1586      14    3322      14     3.9
all-interval 500 1     0   63.32    1190       9    2306       9     2.0    1190       9    2306       9     2.0
all-interval 500 1     0 2622.34   68900     511  132264     511     2.8   68900     511  132264     511     2.8
all-interval 500 1     0  892.50   27051     221   54455     221     2.9   27051     221   54455     221     2.9
all-interval 500 1     0 -4292450.38   72446     539  139282     539     2.8   72446     539  139282     539     2.8
all-interval 500 1     0 1447.77   34974     235   64114     235     2.6   34974     235   64114     235     2.6
all-interval 500 1     0  781.15   17728     108   31120     108     2.2   17728     108   31120     108     2.2
all-interval 500 1     0  155.14    3736      19    6092      19     1.7    3736      19    6092      19     1.7
all-interval 500 1     0  565.01   19114     158   38706     158     2.9   19114     158   38706     158     2.9
all-interval 500 1     0 1750.40   42601     293   78933     293     2.5   42601     293   78933     293     2.5
all-interval 500 1     0  666.65   17630     132   33998     132     3.0   17630     132   33998     132     3.0
all-interval 500 1     0 2438.50   76795     628  154667     628     3.1   76795     628  154667     628     3.1
all-interval 500 1     0 1770.38   46800     351   90324     351     2.8   46800     351   90324     351     2.8
all-interval 500 1     0 2811.99   81679     626  159303     626     2.7   81679     626  159303     626     2.7
all-interval 500 1     0  870.30   24771     202   49819     202     3.1   24771     202   49819     202     3.1
all-interval 500 1     0  314.07    5788      38   10500      38     2.6    5788      38   10500      38     2.6
all-interval 500 1     0 9836.10  290217    2285  573557    2285     3.0  290217    2285  573557    2285     3.0
all-interval 500 1     0  134.77    3913      35    8253      35     4.2    3913      35    8253      35     4.2
all-interval 500 1     0 1270.15   39897     333   81189     333     3.1   39897     333   81189     333     3.1
all-interval 500 1     0  520.92   15657     125   31157     125     2.6   15657     125   31157     125     2.6
all-interval 500 1     0  357.48    9540      74   18716      74     2.6    9540      74   18716      74     2.6
