all-interval 450 2     0   65.40    1692      12    3036      12     1.5    1692      12    3036      12     1.5
all-interval 450 2     0  348.96    9786      64   16954      64     1.7    9786      64   16954      64     1.7
all-interval 450 2     0   94.82    2620      16    4412      16     1.2    2620      16    4412      16     1.2
all-interval 450 2     0  245.31    9964     101   21276     101     3.4    9964     101   21276     101     3.4
all-interval 450 2     0 1316.63   38298     276   69210     276     2.2   38298     276   69210     276     2.2
all-interval 450 2     0 1397.01   55144     460  106664     460     2.8   55144     460  106664     460     2.8
all-interval 450 2     0 1912.20   72468     625  142468     625     2.7   72468     625  142468     625     2.7
all-interval 450 2     0   94.50    2889      22    5353      22     2.4    2889      22    5353      22     2.4
all-interval 450 2     0  871.10   34822     302   68646     302     2.6   34822     302   68646     302     2.6
all-interval 450 2     0  315.63   13709     114   26477     114     2.9   13709     114   26477     114     2.9
all-interval 450 2     0  180.65    6655      63   13711      63     3.7    6655      63   13711      63     3.7
all-interval 450 2     0  536.19   21028     202   43652     202     3.2   21028     202   43652     202     3.2
all-interval 450 2     0  366.03   15058     127   29282     127     2.7   15058     127   29282     127     2.7
all-interval 450 2     0  254.45    8884      72   16948      72     3.2    8884      72   16948      72     3.2
all-interval 450 2     0  772.44   26035     198   48211     198     2.4   26035     198   48211     198     2.4
all-interval 450 2     0 1346.55   53975     463  105831     463     2.8   53975     463  105831     463     2.8
all-interval 450 2     0  433.66   18660     173   38036     173     3.2   18660     173   38036     173     3.2
all-interval 450 2     0  992.26   41979     382   84763     382     2.8   41979     382   84763     382     2.8
all-interval 450 2     0  317.39   13419     119   26747     119     2.8   13419     119   26747     119     2.8
all-interval 450 2     0  191.65    5992      51   11704      51     2.6    5992      51   11704      51     2.6
all-interval 450 2     0  247.60    8595      70   16435      70     2.5    8595      70   16435      70     2.5
all-interval 450 2     0 1306.93   46200     361   86632     361     2.4   46200     361   86632     361     2.4
all-interval 450 2     0  142.28    4040      29    7288      29     2.1    4040      29    7288      29     2.1
all-interval 450 2     0  473.87   16771     140   32451     140     2.7   16771     140   32451     140     2.7
all-interval 450 2     0   40.92     942       4    1390       4     2.9     942       4    1390       4     2.9
all-interval 450 2     0  514.75   20199     184   40807     184     2.9   20199     184   40807     184     2.9
all-interval 450 2     0  208.02    7441      64   14609      64     2.7    7441      64   14609      64     2.7
all-interval 450 2     0   78.97    2707      22    5171      22     3.2    2707      22    5171      22     3.2
all-interval 450 2     0   67.28    2057      15    3737      15     2.3    2057      15    3737      15     2.3
all-interval 450 2     0  155.35    3567      31    7039      31     3.1    3567      31    7039      31     3.1
all-interval 450 2     0  251.00    8669      67   16173      67     2.6    8669      67   16173      67     2.6
all-interval 450 2     0  335.63   13933     120   27373     120     2.8   13933     120   27373     120     2.8
all-interval 450 2     0  146.35    4029      24    6717      24     2.4    4029      24    6717      24     2.4
all-interval 450 2     0 1596.50   59756     480  113516     480     2.6   59756     480  113516     480     2.6
all-interval 450 2     0   88.32    2059       9    3067       9     1.1    2059       9    3067       9     1.1
all-interval 450 2     0  147.89    4539      38    8795      38     1.6    4539      38    8795      38     1.6
all-interval 450 2     0   85.48    4101      38    8357      38     3.1    4101      38    8357      38     3.1
all-interval 450 2     0 1150.50   31587     214   55555     214     2.1   31587     214   55555     214     2.1
all-interval 450 2     0 1083.50   40944     360   81264     360     2.8   40944     360   81264     360     2.8
all-interval 450 2     0  564.98   20685     166   39277     166     2.4   20685     166   39277     166     2.4
all-interval 450 2     0  107.32    4298      34    8106      34     2.7    4298      34    8106      34     2.7
all-interval 450 2     0   34.79     445       0     445       0     0.0     445       0     445       0     0.0
all-interval 450 2     0  294.69   13927     132   28711     132     2.8   13927     132   28711     132     2.8
all-interval 450 2     0   59.29    1575      12    2919      12     2.7    1575      12    2919      12     2.7
all-interval 450 2     0 1588.22   56042     438  105098     438     2.6   56042     438  105098     438     2.6
all-interval 450 2     0  221.81    7430      63   14486      63     3.0    7430      63   14486      63     3.0
all-interval 450 2     0   61.21    1393       6    2065       6     1.7    1393       6    2065       6     1.7
all-interval 450 2     0  627.41   26467     241   53459     241     2.7   26467     241   53459     241     2.7
all-interval 450 2     0   49.07     926       3    1262       3     1.1     926       3    1262       3     1.1
all-interval 450 2     0  744.43   28667     257   57451     257     3.0   28667     257   57451     257     3.0
all-interval 450 4     0  105.56    4353      44    9281      44     2.5    4353      44    9281      44     2.5
all-interval 450 4     0  128.15    2961      19    5089      19     1.9    2961      19    5089      19     1.9
all-interval 450 4     0   55.97    1429       9    2437       9     1.7    1429       9    2437       9     1.7
all-interval 450 4     0   77.22    1831       8    2727       8     1.2    1831       8    2727       8     1.2
all-interval 450 4     0  222.41    7485      66   14877      66     2.7    7485      66   14877      66     2.7
all-interval 450 4     0  161.60    6470      62   13414      62     3.5    6470      62   13414      62     3.5
all-interval 450 4     0   69.57    2629      24    5317      24     3.4    2629      24    5317      24     3.4
all-interval 450 4     0  179.17    4585      32    8169      32     2.3    4585      32    8169      32     2.3
all-interval 450 4     0  877.40   31506     278   62642     278     2.7   31506     278   62642     278     2.7
all-interval 450 4     0  116.50    3749      22    6213      22     1.2    3749      22    6213      22     1.2
all-interval 450 4     0  633.91   19406     148   35982     148     2.7   19406     148   35982     148     2.7
all-interval 450 4     0   65.70    1833      13    3289      13     1.8    1833      13    3289      13     1.8
all-interval 450 4     0  137.88    3880      28    7016      28     2.1    3880      28    7016      28     2.1
all-interval 450 4     0   69.24    1974      10    3094      10     1.6    1974      10    3094      10     1.6
all-interval 450 4     0  385.33   14808     131   29480     131     3.2   14808     131   29480     131     3.2
all-interval 450 4     0  771.48   31232     279   62480     279     2.9   31232     279   62480     279     2.9
all-interval 450 4     0   68.89    1904      14    3472      14     2.0    1904      14    3472      14     2.0
all-interval 450 4     0   94.50    2544      19    4672      19     2.4    2544      19    4672      19     2.4
all-interval 450 4     0   86.07    1884      11    3116      11     1.8    1884      11    3116      11     1.8
all-interval 450 4     0   47.70     918       5    1478       5     2.0     918       5    1478       5     2.0
all-interval 450 4     0  754.26   30987     275   61787     275     3.0   30987     275   61787     275     3.0
all-interval 450 4     0  988.22   41014     352   80438     352     2.6   41014     352   80438     352     2.6
all-interval 450 4     0   34.54     442       0     442       0     0.0     442       0     442       0     0.0
all-interval 450 4     0  130.39    2299       8    3195       8     1.5    2299       8    3195       8     1.5
all-interval 450 4     0  229.72    5629      34    9437      34     2.0    5629      34    9437      34     2.0
all-interval 450 4     0   81.02    2906      23    5482      23     2.7    2906      23    5482      23     2.7
all-interval 450 4     0  239.37    7868      62   14812      62     2.3    7868      62   14812      62     2.3
all-interval 450 4     0  486.23   11699      81   20771      81     2.3   11699      81   20771      81     2.3
all-interval 450 4     0  286.65    7148      43   11964      43     1.9    7148      43   11964      43     1.9
all-interval 450 4     0  171.54    5128      40    9608      40     2.8    5128      40    9608      40     2.8
all-interval 450 4     0   45.95    1345      11    2577      11     3.1    1345      11    2577      11     3.1
all-interval 450 4     0   80.12    2257      13    3713      13     1.9    2257      13    3713      13     1.9
all-interval 450 4     0   79.89    3526      41    8118      41     3.9    3526      41    8118      41     3.9
all-interval 450 4     0  771.97   30546     271   60898     271     2.9   30546     271   60898     271     2.9
all-interval 450 4     0  125.82    3365      20    5605      20     1.5    3365      20    5605      20     1.5
all-interval 450 4     0  359.13   11534      94   22062      94     2.8   11534      94   22062      94     2.8
all-interval 450 4     0  255.70   10393      90   20473      90     2.6   10393      90   20473      90     2.6
all-interval 450 4     0  101.88    3091      20    5331      20     1.7    3091      20    5331      20     1.7
all-interval 450 4     0  222.81    8790      75   17190      75     2.5    8790      75   17190      75     2.5
all-interval 450 4     0   63.18     853       1     965       1     0.1     853       1     965       1     0.1
all-interval 450 4     0  108.52    2714      18    4730      18     1.6    2714      18    4730      18     1.6
all-interval 450 4     0   96.58    3490      28    6626      28     2.1    3490      28    6626      28     2.1
all-interval 450 4     0   42.56     913       4    1361       4     1.5     913       4    1361       4     1.5
all-interval 450 4     0  511.58   18943     163   37199     163     2.5   18943     163   37199     163     2.5
all-interval 450 4     0   60.09    1665      11    2897      11     2.0    1665      11    2897      11     2.0
all-interval 450 4     0  124.89    3868      26    6780      26     2.6    3868      26    6780      26     2.6
all-interval 450 4     0   54.01    1302       7    2086       7     1.8    1302       7    2086       7     1.8
all-interval 450 4     0  302.83   10650      83   19946      83     2.7   10650      83   19946      83     2.7
all-interval 450 4     0  218.95    5182      31    8654      31     2.4    5182      31    8654      31     2.4
all-interval 450 4     0  598.20   25416     215   49496     215     2.8   25416     215   49496     215     2.8
