partit-nr 1200 1     0    0.87      55       7     132       7     0.9      55       7     132       7     0.9
partit-nr 1200 1     0    1.68     106      19     315      19     0.8     106      19     315      19     0.8
partit-nr 1200 1     0   11.78     746     163    2539     163     0.8     746     163    2539     163     0.8
partit-nr 1200 1     0    5.84     370      70    1140      70     0.8     370      70    1140      70     0.8
partit-nr 1200 1     0    6.19     392      83    1305      83     0.8     392      83    1305      83     0.8
partit-nr 1200 1     0    2.97     188      36     584      36     0.8     188      36     584      36     0.8
partit-nr 1200 1     0    0.37      23       3      56       3     0.9      23       3      56       3     0.9
partit-nr 1200 1     0    3.51     222      46     728      46     0.8     222      46     728      46     0.8
partit-nr 1200 1     0    6.57     416      79    1285      79     0.8     416      79    1285      79     0.8
partit-nr 1200 1     0    2.40     152      29     471      29     0.8     152      29     471      29     0.8
partit-nr 1200 1     0    0.30      19       2      41       2     0.9      19       2      41       2     0.9
partit-nr 1200 1     0   16.86    1068     213    3411     213     0.8    1068     213    3411     213     0.8
partit-nr 1200 1     0    1.46      92      15     257      15     0.8      92      15     257      15     0.8
partit-nr 1200 1     0    3.79     240      54     834      54     0.8     240      54     834      54     0.8
partit-nr 1200 1     0    0.73      46       9     145       9     0.8      46       9     145       9     0.8
partit-nr 1200 1     0    1.93     122      24     386      24     0.8     122      24     386      24     0.8
partit-nr 1200 1     0    0.71      45       9     144       9     0.8      45       9     144       9     0.8
partit-nr 1200 1     0    2.72     172      39     601      39     0.8     172      39     601      39     0.8
partit-nr 1200 1     0    1.17      74      16     250      16     0.8      74      16     250      16     0.8
partit-nr 1200 1     0   18.95    1200     249    3939     249     0.8    1200     249    3939     249     0.8
partit-nr 1200 2     0    4.71     298      59     947      59     0.8     298      59     947      59     0.8
partit-nr 1200 2     0    2.80     177      36     573      36     0.8     177      36     573      36     0.8
partit-nr 1200 2     0    2.04     129      22     371      22     0.8     129      22     371      22     0.8
partit-nr 1200 2     0    1.20      76      16     252      16     0.8      76      16     252      16     0.8
partit-nr 1200 2     0    2.07     131      27     428      27     0.8     131      27     428      27     0.8
partit-nr 1200 2     0   10.12     641     133    2104     133     0.8     641     133    2104     133     0.8
partit-nr 1200 2     0    1.63     103      20     323      20     0.8     103      20     323      20     0.8
partit-nr 1200 2     0    2.62     166      30     496      30     0.8     166      30     496      30     0.8
partit-nr 1200 2     0    1.63     103      22     345      22     0.8     103      22     345      22     0.8
partit-nr 1200 2     0    0.59      37       4      81       4     0.9      37       4      81       4     0.9
partit-nr 1200 2     0    2.97     188      33     551      33     0.8     188      33     551      33     0.8
partit-nr 1200 2     0    1.77     112      22     354      22     0.8     112      22     354      22     0.8
partit-nr 1200 2     0    1.50      95      19     304      19     0.8      95      19     304      19     0.8
partit-nr 1200 2     0    1.08      68      10     178      10     0.9      68      10     178      10     0.9
partit-nr 1200 2     0    4.88     309      61     980      61     0.8     309      61     980      61     0.8
partit-nr 1200 2     0    0.54      34       7     111       7     0.8      34       7     111       7     0.8
partit-nr 1200 2     0    1.66     105      17     292      17     0.9     105      17     292      17     0.9
partit-nr 1200 2     0    1.85     117      22     359      22     0.8     117      22     359      22     0.8
partit-nr 1200 2     0    2.44     154      35     539      35     0.8     154      35     539      35     0.8
partit-nr 1200 2     0    0.95      60      10     170      10     0.9      60      10     170      10     0.9
partit-nr 1200 4     0    0.42      26       2      48       2     0.9      26       2      48       2     0.9
partit-nr 1200 4     0    0.73      46       6     112       6     0.9      46       6     112       6     0.9
partit-nr 1200 4     0    1.89     119      21     350      21     0.9     119      21     350      21     0.9
partit-nr 1200 4     0    3.34     211      43     684      43     0.8     211      43     684      43     0.8
partit-nr 1200 4     0    0.81      51       7     128       7     0.9      51       7     128       7     0.9
partit-nr 1200 4     0    0.43      27       4      71       4     0.9      27       4      71       4     0.9
partit-nr 1200 4     0    0.35      22       4      66       4     0.8      22       4      66       4     0.8
partit-nr 1200 4     0    0.37      23       5      78       5     0.8      23       5      78       5     0.8
partit-nr 1200 4     0    0.40      25       2      47       2     1.0      25       2      47       2     1.0
partit-nr 1200 4     0    1.00      63      12     195      12     0.8      63      12     195      12     0.8
partit-nr 1200 4     0    0.59      37       6     103       6     0.8      37       6     103       6     0.8
partit-nr 1200 4     0    0.31      19       2      41       2     0.9      19       2      41       2     0.9
partit-nr 1200 4     0    1.13      71      12     203      12     0.8      71      12     203      12     0.8
partit-nr 1200 4     0    1.65     104      19     313      19     0.8     104      19     313      19     0.8
partit-nr 1200 4     0    1.21      76      17     263      17     0.8      76      17     263      17     0.8
partit-nr 1200 4     0    1.13      71      11     192      11     0.9      71      11     192      11     0.9
partit-nr 1200 4     0    0.54      34       5      89       5     0.9      34       5      89       5     0.9
partit-nr 1200 4     0    0.28      17       1      28       1     1.0      17       1      28       1     1.0
partit-nr 1200 4     0    0.65      41       4      85       4     1.0      41       4      85       4     1.0
partit-nr 1200 4     0    0.92      58      10     168      10     0.8      58      10     168      10     0.8
partit-nr 1200 8     0    0.42      26       6      92       6     0.8      26       6      92       6     0.8
partit-nr 1200 8     0    0.64      40       6     106       6     0.9      40       6     106       6     0.9
partit-nr 1200 8     0    0.88      55       8     143       8     0.9      55       8     143       8     0.9
partit-nr 1200 8     0    0.50      31       5      86       5     0.8      31       5      86       5     0.8
partit-nr 1200 8     0    1.02      64      12     196      12     0.8      64      12     196      12     0.8
partit-nr 1200 8     0    0.93      58       8     146       8     0.9      58       8     146       8     0.9
partit-nr 1200 8     0    0.66      41       9     140       9     0.8      41       9     140       9     0.8
partit-nr 1200 8     0    1.53      96      20     316      20     0.8      96      20     316      20     0.8
partit-nr 1200 8     0    0.53      33       4      77       4     0.9      33       4      77       4     0.9
partit-nr 1200 8     0    0.50      31       3      64       3     1.0      31       3      64       3     1.0
partit-nr 1200 8     0    0.42      26       6      92       6     0.8      26       6      92       6     0.8
partit-nr 1200 8     0    1.72     108      24     372      24     0.8     108      24     372      24     0.8
partit-nr 1200 8     0    0.39      24       4      68       4     0.9      24       4      68       4     0.9
partit-nr 1200 8     0    0.34      21       3      54       3     0.9      21       3      54       3     0.9
partit-nr 1200 8     0    0.36      22       3      55       3     0.9      22       3      55       3     0.9
partit-nr 1200 8     0    0.77      48       6     114       6     1.0      48       6     114       6     1.0
partit-nr 1200 8     0    0.83      52      10     162      10     0.8      52      10     162      10     0.8
partit-nr 1200 8     0    0.66      41       3      74       3     1.0      41       3      74       3     1.0
partit-nr 1200 8     0    0.26      16       2      38       2     0.9      16       2      38       2     0.9
partit-nr 1200 8     0    0.12       7       0       7       0     1.0       7       0       7       0     1.0
partit-nr 1200 12     0    0.66      41       8     129       8     0.8      41       8     129       8     0.8
partit-nr 1200 12     0    0.44      27       4      71       4     0.9      27       4      71       4     0.9
partit-nr 1200 12     0    0.30      18       3      51       3     0.9      18       3      51       3     0.9
partit-nr 1200 12     0    0.27      16       2      38       2     0.9      16       2      38       2     0.9
partit-nr 1200 12     0    0.39      24       6      90       6     0.8      24       6      90       6     0.8
partit-nr 1200 12     0    0.46      28       3      61       3     0.9      28       3      61       3     0.9
partit-nr 1200 12     0    0.22      13       2      35       2     0.8      13       2      35       2     0.8
partit-nr 1200 12     0    0.47      29       4      73       4     0.9      29       4      73       4     0.9
partit-nr 1200 12     0    0.80      50       8     138       8     0.8      50       8     138       8     0.8
partit-nr 1200 12     0    0.41      25       3      58       3     0.9      25       3      58       3     0.9
partit-nr 1200 12     0    0.22      13       1      24       1     0.9      13       1      24       1     0.9
partit-nr 1200 12     0    0.30      18       3      51       3     0.8      18       3      51       3     0.8
partit-nr 1200 12     0    1.03      64      14     218      14     0.8      64      14     218      14     0.8
partit-nr 1200 12     0    0.27      16       1      27       1     0.9      16       1      27       1     0.9
partit-nr 1200 12     0    0.35      21       5      76       5     0.8      21       5      76       5     0.8
partit-nr 1200 12     0    0.38      23       2      45       2     1.0      23       2      45       2     1.0
partit-nr 1200 12     0    0.41      25       1      36       1     1.1      25       1      36       1     1.1
partit-nr 1200 12     0    0.20      12       2      34       2     0.8      12       2      34       2     0.8
partit-nr 1200 12     0    0.14       8       0       8       0     1.0       8       0       8       0     1.0
partit-nr 1200 12     0    0.27      16       1      27       1     1.0      16       1      27       1     1.0
partit-nr 1200 16     0    0.48      29       4      73       4     0.9      29       4      73       4     0.9
partit-nr 1200 16     0    0.77      47       9     146       9     0.8      47       9     146       9     0.8
partit-nr 1200 16     0    0.43      26       4      70       4     0.9      26       4      70       4     0.9
partit-nr 1200 16     0    0.13       7       0       7       0     1.0       7       0       7       0     1.0
partit-nr 1200 16     0    0.48      29       6      95       6     0.8      29       6      95       6     0.8
partit-nr 1200 16     0    0.40      24       3      57       3     0.9      24       3      57       3     0.9
partit-nr 1200 16     0    0.56      34       5      89       5     0.9      34       5      89       5     0.9
partit-nr 1200 16     0    0.08       4       0       4       0     1.0       4       0       4       0     1.0
partit-nr 1200 16     0    0.84      52      11     173      11     0.8      52      11     173      11     0.8
partit-nr 1200 16     0    0.68      42       7     119       7     0.8      42       7     119       7     0.8
partit-nr 1200 16     0    0.98      61      10     171      10     0.8      61      10     171      10     0.8
partit-nr 1200 16     0    0.09       4       0       4       0     1.2       4       0       4       0     1.2
partit-nr 1200 16     0    0.61      37       5      92       5     0.9      37       5      92       5     0.9
partit-nr 1200 16     0    0.38      23       2      45       2     1.0      23       2      45       2     1.0
partit-nr 1200 16     0    0.35      21       2      43       2     0.9      21       2      43       2     0.9
partit-nr 1200 16     0    0.18      10       1      21       1     0.9      10       1      21       1     0.9
partit-nr 1200 16     0    0.68      42       7     119       7     0.8      42       7     119       7     0.8
partit-nr 1200 16     0    0.70      43       9     142       9     0.8      43       9     142       9     0.8
partit-nr 1200 16     0    0.38      23       3      56       3     0.9      23       3      56       3     0.9
partit-nr 1200 16     0    0.30      18       3      51       3     0.8      18       3      51       3     0.8
partit-nr 1400 1     0    1.25      58      10     188      10     0.8      58      10     188      10     0.8
partit-nr 1400 1     0    7.78     362      73    1311      73     0.8     362      73    1311      73     0.8
partit-nr 1400 1     0    3.96     184      31     587      31     0.9     184      31     587      31     0.9
partit-nr 1400 1     0    7.74     360      69    1257      69     0.8     360      69    1257      69     0.8
partit-nr 1400 1     0   18.17     846     168    3030     168     0.8     846     168    3030     168     0.8
partit-nr 1400 1     0   19.06     887     189    3344     189     0.8     887     189    3344     189     0.8
partit-nr 1400 1     0    3.85     179      35     634      35     0.8     179      35     634      35     0.8
partit-nr 1400 1     0    1.42      66      13     235      13     0.8      66      13     235      13     0.8
partit-nr 1400 1     0    2.00      93      16     301      16     0.9      93      16     301      16     0.9
partit-nr 1400 1     0   10.96     510      91    1693      91     0.8     510      91    1693      91     0.8
partit-nr 1400 1     0    5.89     274      56    1002      56     0.8     274      56    1002      56     0.8
partit-nr 1400 1     0    0.84      39       7     130       7     0.8      39       7     130       7     0.8
partit-nr 1400 1     0    0.56      26       4      78       4     0.9      26       4      78       4     0.9
partit-nr 1400 1     0    2.45     114      22     400      22     0.8     114      22     400      22     0.8
partit-nr 1400 1     0   15.25     710     139    2517     139     0.8     710     139    2517     139     0.8
partit-nr 1400 1     0    6.66     310      63    1129      63     0.8     310      63    1129      63     0.8
partit-nr 1400 1     0    5.09     237      43     796      43     0.9     237      43     796      43     0.9
partit-nr 1400 1     0    1.76      82      14     264      14     0.8      82      14     264      14     0.8
partit-nr 1400 1     0    3.46     161      29     538      29     0.8     161      29     538      29     0.8
partit-nr 1400 1     0    6.19     288      64    1120      64     0.8     288      64    1120      64     0.8
partit-nr 1400 2     0    2.62     122      22     408      22     0.8     122      22     408      22     0.8
partit-nr 1400 2     0    5.31     247      48     871      48     0.8     247      48     871      48     0.8
partit-nr 1400 2     0    1.81      84      10     214      10     0.9      84      10     214      10     0.9
partit-nr 1400 2     0    0.82      38       3      77       3     1.0      38       3      77       3     1.0
partit-nr 1400 2     0    1.04      48       9     165       9     0.9      48       9     165       9     0.9
partit-nr 1400 2     0    3.72     173      37     654      37     0.8     173      37     654      37     0.8
partit-nr 1400 2     0    0.82      38       4      90       4     0.9      38       4      90       4     0.9
partit-nr 1400 2     0    2.56     119      20     379      20     0.9     119      20     379      20     0.9
partit-nr 1400 2     0    1.36      63       6     141       6     1.0      63       6     141       6     1.0
partit-nr 1400 2     0    2.41     112      20     372      20     0.8     112      20     372      20     0.8
partit-nr 1400 2     0    3.03     141      28     505      28     0.8     141      28     505      28     0.8
partit-nr 1400 2     0    1.92      89      19     336      19     0.8      89      19     336      19     0.8
partit-nr 1400 2     0    0.54      25       1      38       1     1.0      25       1      38       1     1.0
partit-nr 1400 2     0    0.82      38       4      90       4     1.0      38       4      90       4     1.0
partit-nr 1400 2     0    1.42      66       9     183       9     0.9      66       9     183       9     0.9
partit-nr 1400 2     0    0.33      15       0      15       0     1.0      15       0      15       0     1.0
partit-nr 1400 2     0    5.44     253      46     851      46     0.8     253      46     851      46     0.8
partit-nr 1400 2     0    1.36      63      13     232      13     0.8      63      13     232      13     0.8
partit-nr 1400 2     0    4.84     225      44     797      44     0.8     225      44     797      44     0.8
partit-nr 1400 2     0    1.66      77      14     259      14     0.8      77      14     259      14     0.8
partit-nr 1400 4     0    1.06      49       8     153       8     0.9      49       8     153       8     0.9
partit-nr 1400 4     0    4.17     194      44     766      44     0.8     194      44     766      44     0.8
partit-nr 1400 4     0    0.71      33       6     111       6     0.9      33       6     111       6     0.9
partit-nr 1400 4     0    0.52      24       3      63       3     0.9      24       3      63       3     0.9
partit-nr 1400 4     0    1.40      65       9     182       9     0.9      65       9     182       9     0.9
partit-nr 1400 4     0    1.40      65      11     208      11     0.9      65      11     208      11     0.9
partit-nr 1400 4     0    3.34     155      31     558      31     0.8     155      31     558      31     0.8
partit-nr 1400 4     0    3.53     164      30     554      30     0.8     164      30     554      30     0.8
partit-nr 1400 4     0    1.77      82      11     225      11     1.0      82      11     225      11     1.0
partit-nr 1400 4     0    0.76      35       4      87       4     0.9      35       4      87       4     0.9
partit-nr 1400 4     0    2.69     125      19     372      19     0.9     125      19     372      19     0.9
partit-nr 1400 4     0    6.62     308      63    1127      63     0.8     308      63    1127      63     0.8
partit-nr 1400 4     0    2.65     123      21     396      21     0.9     123      21     396      21     0.9
partit-nr 1400 4     0    0.74      34       4      86       4     0.9      34       4      86       4     0.9
partit-nr 1400 4     0    0.74      34       5      99       5     0.9      34       5      99       5     0.9
partit-nr 1400 4     0    3.96     184      33     613      33     0.9     184      33     613      33     0.9
partit-nr 1400 4     0    2.73     127      23     426      23     0.9     127      23     426      23     0.9
partit-nr 1400 4     0    1.47      68      10     198      10     0.9      68      10     198      10     0.9
partit-nr 1400 4     0    0.69      32       5      97       5     0.8      32       5      97       5     0.8
partit-nr 1400 4     0    3.83     178      30     568      30     0.8     178      30     568      30     0.8
partit-nr 1400 8     0    0.74      34       4      86       4     0.9      34       4      86       4     0.9
partit-nr 1400 8     0    0.40      18       1      31       1     0.9      18       1      31       1     0.9
partit-nr 1400 8     0    1.06      49       7     140       7     0.9      49       7     140       7     0.9
partit-nr 1400 8     0    0.87      40       7     131       7     0.8      40       7     131       7     0.8
partit-nr 1400 8     0    0.61      28       4      80       4     0.9      28       4      80       4     0.9
partit-nr 1400 8     0    0.53      24       4      76       4     0.8      24       4      76       4     0.8
partit-nr 1400 8     0    0.51      23       2      49       2     1.0      23       2      49       2     1.0
partit-nr 1400 8     0    1.08      50      10     180      10     0.8      50      10     180      10     0.8
partit-nr 1400 8     0    2.22     103      17     324      17     0.9     103      17     324      17     0.9
partit-nr 1400 8     0    1.06      49       7     140       7     0.9      49       7     140       7     0.9
partit-nr 1400 8     0    1.00      46       5     111       5     0.9      46       5     111       5     0.9
partit-nr 1400 8     0    0.38      17       2      43       2     0.9      17       2      43       2     0.9
partit-nr 1400 8     0    1.84      85      15     280      15     0.8      85      15     280      15     0.8
partit-nr 1400 8     0    2.09      97      16     305      16     0.9      97      16     305      16     0.9
partit-nr 1400 8     0    0.76      35       7     126       7     0.8      35       7     126       7     0.8
partit-nr 1400 8     0    0.83      38       5     103       5     0.9      38       5     103       5     0.9
partit-nr 1400 8     0    0.20       9       0       9       0     1.0       9       0       9       0     1.0
partit-nr 1400 8     0    1.41      65      11     208      11     0.8      65      11     208      11     0.8
partit-nr 1400 8     0    0.51      23       3      62       3     0.9      23       3      62       3     0.9
partit-nr 1400 8     0    1.90      88      11     231      11     0.9      88      11     231      11     0.9
partit-nr 1400 12     0    1.35      62      13     231      13     0.8      62      13     231      13     0.8
partit-nr 1400 12     0    1.11      51       9     168       9     0.8      51       9     168       9     0.8
partit-nr 1400 12     0    0.66      30       3      69       3     1.0      30       3      69       3     1.0
partit-nr 1400 12     0    0.06       2       0       2       0     1.0       2       0       2       0     1.0
partit-nr 1400 12     0    1.80      83      17     304      17     0.8      83      17     304      17     0.8
partit-nr 1400 12     0    2.17     100      15     295      15     0.9     100      15     295      15     0.9
partit-nr 1400 12     0    0.25      11       1      24       1     1.0      11       1      24       1     1.0
partit-nr 1400 12     0    0.88      40       5     105       5     0.9      40       5     105       5     0.9
partit-nr 1400 12     0    0.85      39       6     117       6     0.9      39       6     117       6     0.9
partit-nr 1400 12     0    0.49      22       2      48       2     1.0      22       2      48       2     1.0
partit-nr 1400 12     0    0.90      41       6     119       6     0.9      41       6     119       6     0.9
partit-nr 1400 12     0    1.71      79      11     222      11     0.9      79      11     222      11     0.9
partit-nr 1400 12     0    0.19       8       2      34       2     0.8       8       2      34       2     0.8
partit-nr 1400 12     0    0.43      19       2      45       2     0.9      19       2      45       2     0.9
partit-nr 1400 12     0    0.92      42       5     107       5     0.9      42       5     107       5     0.9
partit-nr 1400 12     0    0.77      35       4      87       4     0.9      35       4      87       4     0.9
partit-nr 1400 12     0    0.94      43       8     147       8     0.9      43       8     147       8     0.9
partit-nr 1400 12     0    0.23      10       1      23       1     0.9      10       1      23       1     0.9
partit-nr 1400 12     0    0.38      17       2      43       2     0.9      17       2      43       2     0.9
partit-nr 1400 12     0    1.13      52       7     143       7     0.9      52       7     143       7     0.9
partit-nr 1400 16     0    0.19       8       0       8       0     1.0       8       0       8       0     1.0
partit-nr 1400 16     0    0.47      21       1      34       1     1.0      21       1      34       1     1.0
partit-nr 1400 16     0    0.62      28       3      67       3     0.9      28       3      67       3     0.9
partit-nr 1400 16     0    0.32      14       3      53       3     0.8      14       3      53       3     0.8
partit-nr 1400 16     0    0.84      38       3      77       3     1.0      38       3      77       3     1.0
partit-nr 1400 16     0    0.73      33       4      85       4     0.9      33       4      85       4     0.9
partit-nr 1400 16     0    0.71      32       4      84       4     0.9      32       4      84       4     0.9
partit-nr 1400 16     0    1.12      51       9     168       9     0.9      51       9     168       9     0.9
partit-nr 1400 16     0    0.47      21       1      34       1     1.0      21       1      34       1     1.0
partit-nr 1400 16     0    0.39      17       4      69       4     0.8      17       4      69       4     0.8
partit-nr 1400 16     0    0.52      23       2      49       2     1.0      23       2      49       2     1.0
partit-nr 1400 16     0    0.90      41      10     171      10     0.8      41      10     171      10     0.8
partit-nr 1400 16     0    0.39      17       3      56       3     0.8      17       3      56       3     0.8
partit-nr 1400 16     0    1.16      53       8     157       8     0.9      53       8     157       8     0.9
partit-nr 1400 16     0    0.45      20       1      33       1     1.0      20       1      33       1     1.0
partit-nr 1400 16     0    0.56      25       2      51       2     1.0      25       2      51       2     1.0
partit-nr 1400 16     0    0.09       3       0       3       0     1.0       3       0       3       0     1.0
partit-nr 1400 16     0    0.09       3       0       3       0     1.0       3       0       3       0     1.0
partit-nr 1400 16     0    0.34      15       1      28       1     1.0      15       1      28       1     1.0
partit-nr 1400 16     0    0.77      35       3      74       3     1.0      35       3      74       3     1.0
partit-nr 1600 1     0    0.82      29       3      74       3     0.9      29       3      74       3     0.9
partit-nr 1600 1     0    1.88      67       9     202       9     0.9      67       9     202       9     0.9
partit-nr 1600 1     0    3.48     124      21     439      21     0.9     124      21     439      21     0.9
partit-nr 1600 1     0    3.51     125      21     440      21     0.9     125      21     440      21     0.9
partit-nr 1600 1     0   16.41     585     111    2250     111     0.8     585     111    2250     111     0.8
partit-nr 1600 1     0    5.81     207      34     717      34     0.9     207      34     717      34     0.9
partit-nr 1600 1     0    7.01     250      44     910      44     0.9     250      44     910      44     0.9
partit-nr 1600 1     0   17.14     611     113    2306     113     0.8     611     113    2306     113     0.8
partit-nr 1600 1     0    6.34     226      41     841      41     0.8     226      41     841      41     0.8
partit-nr 1600 1     0    7.13     254      46     944      46     0.8     254      46     944      46     0.8
partit-nr 1600 1     0    1.04      37       4      97       4     0.9      37       4      97       4     0.9
partit-nr 1600 1     0    7.91     282      54    1092      54     0.8     282      54    1092      54     0.8
partit-nr 1600 1     0    1.80      64      15     289      15     0.8      64      15     289      15     0.8
partit-nr 1600 1     0    2.75      98      17     353      17     0.8      98      17     353      17     0.8
partit-nr 1600 1     0   20.79     741     134    2751     134     0.8     741     134    2751     134     0.8
partit-nr 1600 1     0   18.49     659     127    2564     127     0.8     659     127    2564     127     0.8
partit-nr 1600 1     0   14.70     524     103    2069     103     0.8     524     103    2069     103     0.8
partit-nr 1600 1     0    7.21     257      46     947      46     0.8     257      46     947      46     0.8
partit-nr 1600 1     0   11.87     423      87    1728      87     0.8     423      87    1728      87     0.8
partit-nr 1600 1     0    7.18     256      45     931      45     0.9     256      45     931      45     0.9
partit-nr 1600 2     0    1.66      59       7     164       7     0.9      59       7     164       7     0.9
partit-nr 1600 2     0    2.47      88      14     298      14     0.9      88      14     298      14     0.9
partit-nr 1600 2     0   11.78     420      89    1755      89     0.8     420      89    1755      89     0.8
partit-nr 1600 2     0    4.66     166      31     631      31     0.8     166      31     631      31     0.8
partit-nr 1600 2     0    2.33      83      17     338      17     0.8      83      17     338      17     0.8
partit-nr 1600 2     0    4.58     163      35     688      35     0.8     163      35     688      35     0.8
partit-nr 1600 2     0    1.63      58      10     208      10     0.9      58      10     208      10     0.9
partit-nr 1600 2     0    1.16      41       7     146       7     0.8      41       7     146       7     0.8
partit-nr 1600 2     0    0.29      10       0      10       0     1.0      10       0      10       0     1.0
partit-nr 1600 2     0    1.63      58       8     178       8     0.9      58       8     178       8     0.9
partit-nr 1600 2     0   10.83     386      67    1391      67     0.8     386      67    1391      67     0.8
partit-nr 1600 2     0   12.63     450      86    1740      86     0.8     450      86    1740      86     0.8
partit-nr 1600 2     0    1.10      39       7     144       7     0.8      39       7     144       7     0.8
partit-nr 1600 2     0    2.81     100      18     370      18     0.8     100      18     370      18     0.8
partit-nr 1600 2     0    1.91      68      12     248      12     0.9      68      12     248      12     0.9
partit-nr 1600 2     0    3.09     110      20     410      20     0.9     110      20     410      20     0.9
partit-nr 1600 2     0    1.35      48       8     168       8     0.8      48       8     168       8     0.8
partit-nr 1600 2     0   18.99     677     131    2642     131     0.8     677     131    2642     131     0.8
partit-nr 1600 2     0    1.83      65       9     200       9     0.9      65       9     200       9     0.9
partit-nr 1600 2     0    1.13      40       4     100       4     0.9      40       4     100       4     0.9
partit-nr 1600 4     0    1.35      48       7     153       7     0.9      48       7     153       7     0.9
partit-nr 1600 4     0    1.19      42       5     117       5     0.9      42       5     117       5     0.9
partit-nr 1600 4     0    2.19      78      16     318      16     0.8      78      16     318      16     0.8
partit-nr 1600 4     0    2.62      93      17     348      17     0.8      93      17     348      17     0.8
partit-nr 1600 4     0    0.51      18       2      48       2     0.9      18       2      48       2     0.9
partit-nr 1600 4     0    0.62      22       4      82       4     0.8      22       4      82       4     0.8
partit-nr 1600 4     0    1.77      63      10     213      10     0.8      63      10     213      10     0.8
partit-nr 1600 4     0    0.12       4       0       4       0     1.0       4       0       4       0     1.0
partit-nr 1600 4     0    1.04      37       5     112       5     0.9      37       5     112       5     0.9
partit-nr 1600 4     0    0.60      21       1      36       1     1.0      21       1      36       1     1.0
partit-nr 1600 4     0    0.32      11       1      26       1     0.9      11       1      26       1     0.9
partit-nr 1600 4     0    6.12     218      40     818      40     0.8     218      40     818      40     0.8
partit-nr 1600 4     0    4.22     150      29     585      29     0.8     150      29     585      29     0.8
partit-nr 1600 4     0    1.83      65      10     215      10     0.9      65      10     215      10     0.9
partit-nr 1600 4     0    3.71     132      23     477      23     0.8     132      23     477      23     0.8
partit-nr 1600 4     0    0.62      22       2      52       2     1.0      22       2      52       2     1.0
partit-nr 1600 4     0    0.06       2       0       2       0     1.0       2       0       2       0     1.0
partit-nr 1600 4     0    2.14      76      13     271      13     0.9      76      13     271      13     0.9
partit-nr 1600 4     0    0.06       2       0       2       0     1.0       2       0       2       0     1.0
partit-nr 1600 4     0    2.39      85      15     310      15     0.8      85      15     310      15     0.8
partit-nr 1600 8     0    2.03      72      12     252      12     0.9      72      12     252      12     0.9
partit-nr 1600 8     0    0.35      12       1      27       1     0.9      12       1      27       1     0.9
partit-nr 1600 8     0    1.08      38       6     128       6     0.8      38       6     128       6     0.8
partit-nr 1600 8     0    4.28     152      32     632      32     0.8     152      32     632      32     0.8
partit-nr 1600 8     0    0.63      22       2      52       2     0.9      22       2      52       2     0.9
partit-nr 1600 8     0    0.85      30       4      90       4     0.9      30       4      90       4     0.9
partit-nr 1600 8     0    1.02      36       3      81       3     0.9      36       3      81       3     0.9
partit-nr 1600 8     0    1.83      65      10     215      10     0.9      65      10     215      10     0.9
partit-nr 1600 8     0    0.66      23       1      38       1     1.0      23       1      38       1     1.0
partit-nr 1600 8     0    0.82      29       3      74       3     0.9      29       3      74       3     0.9
partit-nr 1600 8     0    2.26      80      10     230      10     0.9      80      10     230      10     0.9
partit-nr 1600 8     0    1.47      52       8     172       8     1.0      52       8     172       8     1.0
partit-nr 1600 8     0    1.67      59      11     224      11     0.8      59      11     224      11     0.8
partit-nr 1600 8     0    0.43      15       1      30       1     1.0      15       1      30       1     1.0
partit-nr 1600 8     0    1.55      55       9     190       9     0.9      55       9     190       9     0.9
partit-nr 1600 8     0    0.55      19       2      49       2     0.9      19       2      49       2     0.9
partit-nr 1600 8     0    1.08      38       5     113       5     0.9      38       5     113       5     0.9
partit-nr 1600 8     0    1.22      43       6     133       6     0.9      43       6     133       6     0.9
partit-nr 1600 8     0    0.55      19       2      49       2     0.9      19       2      49       2     0.9
partit-nr 1600 8     0    1.16      41       8     161       8     0.8      41       8     161       8     0.8
partit-nr 1600 12     0    0.86      30       3      75       3     1.0      30       3      75       3     1.0
partit-nr 1600 12     0    0.41      14       0      14       0     1.0      14       0      14       0     1.0
partit-nr 1600 12     0    1.33      47       6     137       6     0.9      47       6     137       6     0.9
partit-nr 1600 12     0    0.80      28       5     103       5     0.9      28       5     103       5     0.9
partit-nr 1600 12     0    0.24       8       0       8       0     1.1       8       0       8       0     1.1
partit-nr 1600 12     0    1.70      60       9     195       9     0.9      60       9     195       9     0.9
partit-nr 1600 12     0    1.59      56      11     221      11     0.8      56      11     221      11     0.8
partit-nr 1600 12     0    2.99     106      21     421      21     0.8     106      21     421      21     0.8
partit-nr 1600 12     0    0.66      23       3      68       3     0.9      23       3      68       3     0.9
partit-nr 1600 12     0    0.77      27       2      57       2     0.9      27       2      57       2     0.9
partit-nr 1600 12     0    1.64      58      12     238      12     0.8      58      12     238      12     0.8
partit-nr 1600 12     0    1.78      63       9     198       9     0.9      63       9     198       9     0.9
partit-nr 1600 12     0    2.37      84      12     264      12     0.9      84      12     264      12     0.9
partit-nr 1600 12     0    4.89     174      29     609      29     0.9     174      29     609      29     0.9
partit-nr 1600 12     0    0.07       2       0       2       0     1.0       2       0       2       0     1.0
partit-nr 1600 12     0    0.55      19       2      49       2     0.9      19       2      49       2     0.9
partit-nr 1600 12     0    1.84      65      14     275      14     0.8      65      14     275      14     0.8
partit-nr 1600 12     0    0.38      13       1      28       1     0.9      13       1      28       1     0.9
partit-nr 1600 12     0    1.36      48       8     168       8     0.9      48       8     168       8     0.9
partit-nr 1600 12     0    0.66      23       3      68       3     0.9      23       3      68       3     0.9
partit-nr 1600 16     0    0.47      16       2      46       2     0.9      16       2      46       2     0.9
partit-nr 1600 16     0    0.50      17       1      32       1     1.0      17       1      32       1     1.0
partit-nr 1600 16     0    1.59      56       8     176       8     0.9      56       8     176       8     0.9
partit-nr 1600 16     0    1.53      54      10     204      10     0.9      54      10     204      10     0.9
partit-nr 1600 16     0    0.86      30       4      90       4     0.9      30       4      90       4     0.9
partit-nr 1600 16     0    0.30      10       0      10       0     1.0      10       0      10       0     1.0
partit-nr 1600 16     0    0.83      29       3      74       3     0.9      29       3      74       3     0.9
partit-nr 1600 16     0    0.64      22       3      67       3     0.9      22       3      67       3     0.9
partit-nr 1600 16     0    2.94     104      20     404      20     0.8     104      20     404      20     0.8
partit-nr 1600 16     0    0.25       8       0       8       0     1.1       8       0       8       0     1.1
partit-nr 1600 16     0    0.86      30       4      90       4     0.9      30       4      90       4     0.9
partit-nr 1600 16     0    0.14       4       1      19       1     0.8       4       1      19       1     0.8
partit-nr 1600 16     0    0.53      18       1      33       1     0.9      18       1      33       1     0.9
partit-nr 1600 16     0    0.64      22       2      52       2     1.0      22       2      52       2     1.0
partit-nr 1600 16     0    0.67      23       2      53       2     0.9      23       2      53       2     0.9
partit-nr 1600 16     0    0.55      19       3      64       3     0.9      19       3      64       3     0.9
partit-nr 1600 16     0    1.48      52       8     172       8     0.9      52       8     172       8     0.9
partit-nr 1600 16     0    0.36      12       1      27       1     0.9      12       1      27       1     0.9
partit-nr 1600 16     0    0.67      23       2      53       2     1.0      23       2      53       2     1.0
partit-nr 1600 16     0    0.50      17       2      47       2     0.9      17       2      47       2     0.9
partit-nr 1800 1     0   26.59     749     128    2925     128     0.9     749     128    2925     128     0.9
partit-nr 1800 1     0   13.46     379      71    1586      71     0.8     379      71    1586      71     0.8
partit-nr 1800 1     0   11.43     322      59    1325      59     0.8     322      59    1325      59     0.8
partit-nr 1800 1     0    8.31     234      45     999      45     0.8     234      45     999      45     0.8
partit-nr 1800 1     0   31.59     890     164    3678     164     0.8     890     164    3678     164     0.8
partit-nr 1800 1     0   13.38     377      66    1499      66     0.8     377      66    1499      66     0.8
partit-nr 1800 1     0    1.00      28       1      45       1     1.0      28       1      45       1     1.0
partit-nr 1800 1     0    4.58     129      24     537      24     0.8     129      24     537      24     0.8
partit-nr 1800 1     0    3.87     109      14     347      14     0.9     109      14     347      14     0.9
partit-nr 1800 1     0   30.21     851     161    3588     161     0.8     851     161    3588     161     0.8
partit-nr 1800 1     0    3.45      97      15     352      15     0.9      97      15     352      15     0.9
partit-nr 1800 1     0    0.39      11       1      28       1     0.9      11       1      28       1     0.9
partit-nr 1800 1     0    9.98     281      52    1165      52     0.8     281      52    1165      52     0.8
partit-nr 1800 1     0   16.36     461      84    1889      84     0.8     461      84    1889      84     0.8
partit-nr 1800 1     0    2.03      57       9     210       9     0.8      57       9     210       9     0.8
partit-nr 1800 1     0   23.92     674     125    2799     125     0.8     674     125    2799     125     0.8
partit-nr 1800 1     0   21.55     607     106    2409     106     0.8     607     106    2409     106     0.8
partit-nr 1800 1     0    3.66     103      15     358      15     0.9     103      15     358      15     0.9
partit-nr 1800 1     0    7.46     210      33     771      33     0.9     210      33     771      33     0.9
partit-nr 1800 1     0   23.36     658     110    2528     110     0.8     658     110    2528     110     0.8
partit-nr 1800 2     0    1.50      42       8     178       8     0.8      42       8     178       8     0.8
partit-nr 1800 2     0    6.22     175      32     719      32     0.8     175      32     719      32     0.8
partit-nr 1800 2     0   12.29     346      62    1400      62     0.8     346      62    1400      62     0.8
partit-nr 1800 2     0    0.68      19       2      53       2     0.9      19       2      53       2     0.9
partit-nr 1800 2     0   16.69     470      83    1881      83     0.8     470      83    1881      83     0.8
partit-nr 1800 2     0    5.01     141      23     532      23     0.9     141      23     532      23     0.9
partit-nr 1800 2     0    6.64     187      33     748      33     0.9     187      33     748      33     0.9
partit-nr 1800 2     0    2.31      65       8     201       8     0.9      65       8     201       8     0.9
partit-nr 1800 2     0    6.29     177      28     653      28     0.9     177      28     653      28     0.9
partit-nr 1800 2     0    4.62     130      20     470      20     0.9     130      20     470      20     0.9
partit-nr 1800 2     0    3.70     104      15     359      15     0.9     104      15     359      15     0.9
partit-nr 1800 2     0    1.81      51       5     136       5     0.9      51       5     136       5     0.9
partit-nr 1800 2     0   15.23     429      74    1687      74     0.8     429      74    1687      74     0.8
partit-nr 1800 2     0   10.19     287      50    1137      50     0.8     287      50    1137      50     0.8
partit-nr 1800 2     0    1.64      46       8     182       8     0.9      46       8     182       8     0.9
partit-nr 1800 2     0    2.35      66      11     253      11     0.8      66      11     253      11     0.8
partit-nr 1800 2     0   23.96     675     128    2851     128     0.8     675     128    2851     128     0.8
partit-nr 1800 2     0    3.52      99      17     388      17     0.9      99      17     388      17     0.9
partit-nr 1800 2     0    3.62     102      15     357      15     0.9     102      15     357      15     0.9
partit-nr 1800 2     0    2.70      76       9     229       9     0.9      76       9     229       9     0.9
partit-nr 1800 4     0    4.23     119      18     425      18     0.9     119      18     425      18     0.9
partit-nr 1800 4     0    3.84     108      18     414      18     0.8     108      18     414      18     0.8
partit-nr 1800 4     0    2.74      77      10     247      10     0.9      77      10     247      10     0.9
partit-nr 1800 4     0    6.50     183      36     795      36     0.8     183      36     795      36     0.8
partit-nr 1800 4     0    3.42      96      14     334      14     0.9      96      14     334      14     0.9
partit-nr 1800 4     0    1.32      37       4     105       4     0.9      37       4     105       4     0.9
partit-nr 1800 4     0    3.31      93      13     314      13     0.9      93      13     314      13     0.9
partit-nr 1800 4     0    2.85      80      16     352      16     0.8      80      16     352      16     0.8
partit-nr 1800 4     0    7.04     198      37     827      37     0.8     198      37     827      37     0.8
partit-nr 1800 4     0    0.96      27       4      95       4     0.9      27       4      95       4     0.9
partit-nr 1800 4     0    2.42      68      15     323      15     0.8      68      15     323      15     0.8
partit-nr 1800 4     0    0.61      17       2      51       2     0.9      17       2      51       2     0.9
partit-nr 1800 4     0    0.93      26       3      77       3     1.0      26       3      77       3     1.0
partit-nr 1800 4     0    0.97      27       4      95       4     0.9      27       4      95       4     0.9
partit-nr 1800 4     0    2.07      58       4     126       4     1.0      58       4     126       4     1.0
partit-nr 1800 4     0    1.57      44       7     163       7     0.9      44       7     163       7     0.9
partit-nr 1800 4     0    2.85      80      13     301      13     0.8      80      13     301      13     0.8
partit-nr 1800 4     0    0.57      16       1      33       1     1.0      16       1      33       1     1.0
partit-nr 1800 4     0    1.11      31       5     116       5     0.8      31       5     116       5     0.8
partit-nr 1800 4     0    1.92      54       7     173       7     0.9      54       7     173       7     0.9
partit-nr 1800 8     0    1.08      30       3      81       3     1.0      30       3      81       3     1.0
partit-nr 1800 8     0    0.69      19       2      53       2     0.9      19       2      53       2     0.9
partit-nr 1800 8     0    3.10      87      14     325      14     0.9      87      14     325      14     0.9
partit-nr 1800 8     0    0.69      19       2      53       2     0.9      19       2      53       2     0.9
partit-nr 1800 8     0    5.87     165      32     709      32     0.8     165      32     709      32     0.8
partit-nr 1800 8     0    1.43      40       4     108       4     0.9      40       4     108       4     0.9
partit-nr 1800 8     0    1.57      44       4     112       4     0.9      44       4     112       4     0.9
partit-nr 1800 8     0    0.26       7       1      24       1     0.9       7       1      24       1     0.9
partit-nr 1800 8     0    1.04      29       2      63       2     1.0      29       2      63       2     1.0
partit-nr 1800 8     0    0.58      16       2      50       2     0.9      16       2      50       2     0.9
partit-nr 1800 8     0    1.40      39       4     107       4     0.9      39       4     107       4     0.9
partit-nr 1800 8     0    4.48     126      20     466      20     0.9     126      20     466      20     0.9
partit-nr 1800 8     0    3.03      85      12     289      12     0.9      85      12     289      12     0.9
partit-nr 1800 8     0    4.98     140      24     548      24     0.9     140      24     548      24     0.9
partit-nr 1800 8     0    2.21      62       8     198       8     0.9      62       8     198       8     0.9
partit-nr 1800 8     0    1.72      48       8     184       8     0.8      48       8     184       8     0.8
partit-nr 1800 8     0    4.06     114      20     454      20     0.8     114      20     454      20     0.8
partit-nr 1800 8     0    4.17     117      19     440      19     0.8     117      19     440      19     0.8
partit-nr 1800 8     0    0.33       9       1      26       1     1.0       9       1      26       1     1.0
partit-nr 1800 8     0    0.94      26       1      43       1     1.0      26       1      43       1     1.0
partit-nr 1800 12     0    0.66      18       2      52       2     0.9      18       2      52       2     0.9
partit-nr 1800 12     0    1.36      38       7     157       7     0.8      38       7     157       7     0.8
partit-nr 1800 12     0    0.73      20       2      54       2     0.9      20       2      54       2     0.9
partit-nr 1800 12     0    1.33      37       3      88       3     0.9      37       3      88       3     0.9
partit-nr 1800 12     0    1.05      29       4      97       4     0.9      29       4      97       4     0.9
partit-nr 1800 12     0    0.94      26       5     111       5     0.8      26       5     111       5     0.8
partit-nr 1800 12     0    1.97      55       8     191       8     0.9      55       8     191       8     0.9
partit-nr 1800 12     0    2.00      56       5     141       5     1.0      56       5     141       5     1.0
partit-nr 1800 12     0    1.86      52       6     154       6     0.9      52       6     154       6     0.9
partit-nr 1800 12     0    0.65      18       2      52       2     0.9      18       2      52       2     0.9
partit-nr 1800 12     0    1.29      36       3      87       3     0.9      36       3      87       3     0.9
partit-nr 1800 12     0    0.69      19       1      36       1     1.0      19       1      36       1     1.0
partit-nr 1800 12     0    0.66      18       1      35       1     1.1      18       1      35       1     1.1
partit-nr 1800 12     0    1.04      29       2      63       2     1.1      29       2      63       2     1.1
partit-nr 1800 12     0    1.12      31       3      82       3     1.0      31       3      82       3     1.0
partit-nr 1800 12     0    2.78      78      14     316      14     0.8      78      14     316      14     0.8
partit-nr 1800 12     0    0.94      26       4      94       4     0.8      26       4      94       4     0.8
partit-nr 1800 12     0    0.94      26       3      77       3     0.9      26       3      77       3     0.9
partit-nr 1800 12     0    0.48      13       1      30       1     0.9      13       1      30       1     0.9
partit-nr 1800 12     0    1.51      42       7     161       7     0.9      42       7     161       7     0.9
partit-nr 1800 16     0    1.30      36       4     104       4     0.9      36       4     104       4     0.9
partit-nr 1800 16     0    1.48      41       4     109       4     0.9      41       4     109       4     0.9
partit-nr 1800 16     0    1.65      46       4     114       4     1.0      46       4     114       4     1.0
partit-nr 1800 16     0    0.70      19       1      36       1     1.0      19       1      36       1     1.0
partit-nr 1800 16     0    0.59      16       2      50       2     0.9      16       2      50       2     0.9
partit-nr 1800 16     0    0.45      12       1      29       1     0.9      12       1      29       1     0.9
partit-nr 1800 16     0    0.91      25       2      59       2     1.0      25       2      59       2     1.0
partit-nr 1800 16     0    0.52      14       1      31       1     0.9      14       1      31       1     0.9
partit-nr 1800 16     0    0.98      27       3      78       3     0.9      27       3      78       3     0.9
partit-nr 1800 16     0    0.91      25       2      59       2     1.0      25       2      59       2     1.0
partit-nr 1800 16     0    1.86      52       6     154       6     0.9      52       6     154       6     0.9
partit-nr 1800 16     0    0.16       4       0       4       0     1.0       4       0       4       0     1.0
partit-nr 1800 16     0    0.34       9       0       9       0     1.0       9       0       9       0     1.0
partit-nr 1800 16     0    0.73      20       4      88       4     0.8      20       4      88       4     0.8
partit-nr 1800 16     0    1.37      38       3      89       3     0.9      38       3      89       3     0.9
partit-nr 1800 16     0    1.41      39       4     107       4     0.9      39       4     107       4     0.9
partit-nr 1800 16     0    1.30      36       4     104       4     0.9      36       4     104       4     0.9
partit-nr 1800 16     0    0.59      16       2      50       2     0.9      16       2      50       2     0.9
partit-nr 1800 16     0    0.70      19       1      36       1     1.1      19       1      36       1     1.1
partit-nr 1800 16     0    1.26      35       8     171       8     0.8      35       8     171       8     0.8
partit-nr 2000 1     0   10.52     240      41    1019      41     0.9     240      41    1019      41     0.9
partit-nr 2000 1     0    2.54      58       6     172       6     0.9      58       6     172       6     0.9
partit-nr 2000 1     0   10.74     245      41    1024      41     0.9     245      41    1024      41     0.9
partit-nr 2000 1     0   21.52     491      82    2049      82     0.9     491      82    2049      82     0.9
partit-nr 2000 1     0   10.61     242      39     983      39     0.9     242      39     983      39     0.9
partit-nr 2000 1     0    9.20     210      38     932      38     0.8     210      38     932      38     0.8
partit-nr 2000 1     0   11.35     259      46    1133      46     0.8     259      46    1133      46     0.8
partit-nr 2000 1     0   35.09     801     149    3632     149     0.8     801     149    3632     149     0.8
partit-nr 2000 1     0   11.39     260      43    1077      43     0.9     260      43    1077      43     0.9
partit-nr 2000 1     0   11.18     255      41    1034      41     0.9     255      41    1034      41     0.9
partit-nr 2000 1     0    7.71     176      29     727      29     0.8     176      29     727      29     0.8
partit-nr 2000 1     0   10.78     246      40    1006      40     0.9     246      40    1006      40     0.9
partit-nr 2000 1     0   23.36     533      87    2186      87     0.9     533      87    2186      87     0.9
partit-nr 2000 1     0    5.09     116      17     439      17     0.9     116      17     439      17     0.9
partit-nr 2000 1     0    6.31     144      26     638      26     0.8     144      26     638      26     0.8
partit-nr 2000 1     0   22.00     502      77    1965      77     0.9     502      77    1965      77     0.9
partit-nr 2000 1     0    2.90      66      11     275      11     0.8      66      11     275      11     0.8
partit-nr 2000 1     0   37.85     864     167    4037     167     0.8     864     167    4037     167     0.8
partit-nr 2000 1     0    3.55      81      14     347      14     0.9      81      14     347      14     0.9
partit-nr 2000 1     0    7.67     175      32     783      32     0.8     175      32     783      32     0.8
partit-nr 2000 2     0   21.39     488      86    2122      86     0.9     488      86    2122      86     0.9
partit-nr 2000 2     0   17.14     391      75    1816      75     0.8     391      75    1816      75     0.8
partit-nr 2000 2     0    9.12     208      35     873      35     0.9     208      35     873      35     0.9
partit-nr 2000 2     0    3.03      69       9     240       9     0.9      69       9     240       9     0.9
partit-nr 2000 2     0   20.33     464      82    2022      82     0.8     464      82    2022      82     0.8
partit-nr 2000 2     0    4.04      92      15     377      15     0.9      92      15     377      15     0.9
partit-nr 2000 2     0    1.98      45       4     121       4     1.0      45       4     121       4     1.0
partit-nr 2000 2     0   17.75     405      74    1811      74     0.8     405      74    1811      74     0.8
partit-nr 2000 2     0   18.58     424      75    1849      75     0.8     424      75    1849      75     0.8
partit-nr 2000 2     0    6.36     145      21     544      21     0.9     145      21     544      21     0.9
partit-nr 2000 2     0    3.47      79      12     307      12     0.9      79      12     307      12     0.9
partit-nr 2000 2     0    1.58      36       3      93       3     1.0      36       3      93       3     1.0
partit-nr 2000 2     0    1.19      27       2      65       2     0.9      27       2      65       2     0.9
partit-nr 2000 2     0    4.47     102      17     425      17     0.9     102      17     425      17     0.9
partit-nr 2000 2     0    1.28      29       4     105       4     0.9      29       4     105       4     0.9
partit-nr 2000 2     0   20.46     467      85    2082      85     0.8     467      85    2082      85     0.8
partit-nr 2000 2     0   10.65     243      45    1098      45     0.8     243      45    1098      45     0.8
partit-nr 2000 2     0   18.05     412      66    1666      66     0.9     412      66    1666      66     0.9
partit-nr 2000 2     0   10.13     231      38     953      38     0.9     231      38     953      38     0.9
partit-nr 2000 2     0   10.91     249      40    1009      40     0.9     249      40    1009      40     0.9
partit-nr 2000 4     0    0.58      13       2      51       2     0.8      13       2      51       2     0.8
partit-nr 2000 4     0    1.94      44       5     139       5     1.0      44       5     139       5     1.0
partit-nr 2000 4     0    0.71      16       1      35       1     1.0      16       1      35       1     1.0
partit-nr 2000 4     0    2.42      55       5     150       5     1.0      55       5     150       5     1.0
partit-nr 2000 4     0    9.38     214      35     879      35     0.9     214      35     879      35     0.9
partit-nr 2000 4     0    3.69      84      14     350      14     0.9      84      14     350      14     0.9
partit-nr 2000 4     0    1.50      34       4     110       4     0.9      34       4     110       4     0.9
partit-nr 2000 4     0    4.26      97      15     382      15     0.9      97      15     382      15     0.9
partit-nr 2000 4     0    1.76      40       5     135       5     0.9      40       5     135       5     0.9
partit-nr 2000 4     0    8.86     202      36     886      36     0.8     202      36     886      36     0.8
partit-nr 2000 4     0    9.87     225      38     947      38     0.8     225      38     947      38     0.8
partit-nr 2000 4     0   12.23     279      48    1191      48     0.8     279      48    1191      48     0.8
partit-nr 2000 4     0    3.07      70      10     260      10     0.9      70      10     260      10     0.9
partit-nr 2000 4     0    6.93     158      30     728      30     0.8     158      30     728      30     0.8
partit-nr 2000 4     0    1.32      30       3      87       3     1.0      30       3      87       3     1.0
partit-nr 2000 4     0    5.40     123      19     484      19     0.9     123      19     484      19     0.9
partit-nr 2000 4     0    4.21      96      13     343      13     0.9      96      13     343      13     0.9
partit-nr 2000 4     0   11.57     264      45    1119      45     0.9     264      45    1119      45     0.9
partit-nr 2000 4     0    6.75     154      24     610      24     0.9     154      24     610      24     0.9
partit-nr 2000 4     0    1.76      40       5     135       5     0.9      40       5     135       5     0.9
partit-nr 2000 8     0    1.98      45       3     102       3     1.0      45       3     102       3     1.0
partit-nr 2000 8     0    3.91      89      14     355      14     0.9      89      14     355      14     0.9
partit-nr 2000 8     0    1.02      23       2      61       2     1.0      23       2      61       2     1.0
partit-nr 2000 8     0    5.40     123      20     503      20     0.9     123      20     503      20     0.9
partit-nr 2000 8     0    0.93      21       3      78       3     0.9      21       3      78       3     0.9
partit-nr 2000 8     0    5.58     127      26     621      26     0.8     127      26     621      26     0.8
partit-nr 2000 8     0    6.28     143      26     637      26     0.8     143      26     637      26     0.8
partit-nr 2000 8     0    0.62      14       2      52       2     0.9      14       2      52       2     0.9
partit-nr 2000 8     0    1.02      23       2      61       2     0.9      23       2      61       2     0.9
partit-nr 2000 8     0    0.67      15       0      15       0     1.0      15       0      15       0     1.0
partit-nr 2000 8     0    1.94      44       4     120       4     1.0      44       4     120       4     1.0
partit-nr 2000 8     0    1.85      42       8     194       8     0.8      42       8     194       8     0.8
partit-nr 2000 8     0    1.77      40       3      97       3     1.0      40       3      97       3     1.0
partit-nr 2000 8     0    1.68      38       4     114       4     0.9      38       4     114       4     0.9
partit-nr 2000 8     0    5.44     124      20     504      20     0.9     124      20     504      20     0.9
partit-nr 2000 8     0    0.67      15       1      34       1     0.9      15       1      34       1     0.9
partit-nr 2000 8     0    2.86      65      11     274      11     0.8      65      11     274      11     0.8
partit-nr 2000 8     0    3.34      76       9     247       9     1.0      76       9     247       9     1.0
partit-nr 2000 8     0    3.65      83      15     368      15     0.8      83      15     368      15     0.8
partit-nr 2000 8     0    0.71      16       3      73       3     0.8      16       3      73       3     0.8
partit-nr 2000 12     0    2.47      56       9     227       9     0.9      56       9     227       9     0.9
partit-nr 2000 12     0    0.85      19       2      57       2     0.9      19       2      57       2     0.9
partit-nr 2000 12     0    0.72      16       1      35       1     1.0      16       1      35       1     1.0
partit-nr 2000 12     0    0.28       6       0       6       0     1.0       6       0       6       0     1.0
partit-nr 2000 12     0    1.11      25       2      63       2     0.9      25       2      63       2     0.9
partit-nr 2000 12     0    2.51      57      10     247      10     0.8      57      10     247      10     0.8
partit-nr 2000 12     0    2.03      46       5     141       5     0.9      46       5     141       5     0.9
partit-nr 2000 12     0    3.57      81      13     328      13     0.9      81      13     328      13     0.9
partit-nr 2000 12     0    1.24      28       3      85       3     0.9      28       3      85       3     0.9
partit-nr 2000 12     0    1.07      24       2      62       2     0.9      24       2      62       2     0.9
partit-nr 2000 12     0    0.81      18       1      37       1     1.0      18       1      37       1     1.0
partit-nr 2000 12     0    2.47      56       8     208       8     0.9      56       8     208       8     0.9
partit-nr 2000 12     0    0.50      11       1      30       1     0.9      11       1      30       1     0.9
partit-nr 2000 12     0    1.51      34       2      72       2     1.1      34       2      72       2     1.1
partit-nr 2000 12     0    0.85      19       1      38       1     1.1      19       1      38       1     1.1
partit-nr 2000 12     0    0.59      13       0      13       0     1.0      13       0      13       0     1.0
partit-nr 2000 12     0    2.12      48       6     162       6     0.9      48       6     162       6     0.9
partit-nr 2000 12     0    0.76      17       2      55       2     0.9      17       2      55       2     0.9
partit-nr 2000 12     0    1.46      33       3      90       3     1.0      33       3      90       3     1.0
partit-nr 2000 12     0    2.17      49       6     163       6     0.9      49       6     163       6     0.9
partit-nr 2000 16     0    1.47      33       4     109       4     0.9      33       4     109       4     0.9
partit-nr 2000 16     0    2.96      67       8     219       8     1.0      67       8     219       8     1.0
partit-nr 2000 16     0    0.28       6       0       6       0     1.0       6       0       6       0     1.0
partit-nr 2000 16     0    0.50      11       0      11       0     1.0      11       0      11       0     1.0
partit-nr 2000 16     0    0.94      21       2      59       2     1.0      21       2      59       2     1.0
partit-nr 2000 16     0    1.82      41       3      98       3     1.0      41       3      98       3     1.0
partit-nr 2000 16     0    1.82      41       5     136       5     0.9      41       5     136       5     0.9
partit-nr 2000 16     0    1.55      35       4     111       4     0.9      35       4     111       4     0.9
partit-nr 2000 16     0    0.85      19       2      57       2     0.9      19       2      57       2     0.9
partit-nr 2000 16     0    1.07      24       4     100       4     0.8      24       4     100       4     0.8
partit-nr 2000 16     0    1.91      43       4     119       4     1.0      43       4     119       4     1.0
partit-nr 2000 16     0    2.13      48       6     162       6     0.9      48       6     162       6     0.9
partit-nr 2000 16     0    0.50      11       1      30       1     1.0      11       1      30       1     1.0
partit-nr 2000 16     0    0.59      13       1      32       1     1.0      13       1      32       1     1.0
partit-nr 2000 16     0    1.12      25       2      63       2     1.0      25       2      63       2     1.0
partit-nr 2000 16     0    1.16      26       4     102       4     0.9      26       4     102       4     0.9
partit-nr 2000 16     0    1.77      40       5     135       5     0.9      40       5     135       5     0.9
partit-nr 2000 16     0    0.46      10       1      29       1     0.9      10       1      29       1     0.9
partit-nr 2000 16     0    0.55      12       1      31       1     0.9      12       1      31       1     0.9
partit-nr 2000 16     0    2.17      49       4     125       4     1.0      49       4     125       4     1.0
partit-nr 2200 1     0   60.43    1140     192    5172     192     0.9    1140     192    5172     192     0.9
partit-nr 2200 1     0    1.91      36       2      78       2     1.1      36       2      78       2     1.1
partit-nr 2200 1     0   56.66    1069     181    4870     181     0.9    1069     181    4870     181     0.9
partit-nr 2200 1     0    7.85     148      23     631      23     0.9     148      23     631      23     0.9
partit-nr 2200 1     0   13.10     247      42    1129      42     0.9     247      42    1129      42     0.9
partit-nr 2200 1     0   15.75     297      50    1347      50     0.8     297      50    1347      50     0.8
partit-nr 2200 1     0   24.17     456      76    2052      76     0.8     456      76    2052      76     0.8
partit-nr 2200 1     0    4.03      76      13     349      13     0.8      76      13     349      13     0.8
partit-nr 2200 1     0   26.08     492      80    2172      80     0.9     492      80    2172      80     0.9
partit-nr 2200 1     0   48.40     913     158    4231     158     0.9     913     158    4231     158     0.9
partit-nr 2200 1     0   10.98     207      32     879      32     0.9     207      32     879      32     0.9
partit-nr 2200 1     0    8.54     161      26     707      26     0.8     161      26     707      26     0.8
partit-nr 2200 1     0    7.90     149      25     674      25     0.9     149      25     674      25     0.9
partit-nr 2200 1     0   33.08     624     117    3081     117     0.8     624     117    3081     117     0.8
partit-nr 2200 1     0    1.81      34       4     118       4     0.9      34       4     118       4     0.9
partit-nr 2200 1     0   16.28     307      51    1378      51     0.9     307      51    1378      51     0.9
partit-nr 2200 1     0    4.19      79      13     352      13     0.8      79      13     352      13     0.8
partit-nr 2200 1     0    3.77      71      13     344      13     0.8      71      13     344      13     0.8
partit-nr 2200 1     0    6.10     115      17     472      17     0.9     115      17     472      17     0.9
partit-nr 2200 1     0    4.77      90      14     384      14     0.8      90      14     384      14     0.8
partit-nr 2200 2     0    1.86      35       3      98       3     1.0      35       3      98       3     1.0
partit-nr 2200 2     0    7.58     143      20     563      20     0.9     143      20     563      20     0.9
partit-nr 2200 2     0   15.75     297      49    1326      49     0.9     297      49    1326      49     0.9
partit-nr 2200 2     0    2.55      48       8     216       8     0.9      48       8     216       8     0.9
partit-nr 2200 2     0    7.32     138      23     621      23     0.9     138      23     621      23     0.9
partit-nr 2200 2     0    9.86     186      29     795      29     0.9     186      29     795      29     0.9
partit-nr 2200 2     0    4.03      76       8     244       8     0.9      76       8     244       8     0.9
partit-nr 2200 2     0   13.73     259      47    1246      47     0.8     259      47    1246      47     0.8
partit-nr 2200 2     0   21.10     398      65    1763      65     0.9     398      65    1763      65     0.9
partit-nr 2200 2     0    5.89     111      18     489      18     0.9     111      18     489      18     0.9
partit-nr 2200 2     0   15.96     301      50    1351      50     0.9     301      50    1351      50     0.9
partit-nr 2200 2     0    8.59     162      23     645      23     0.9     162      23     645      23     0.9
partit-nr 2200 2     0    3.03      57       9     246       9     0.9      57       9     246       9     0.9
partit-nr 2200 2     0    3.50      66       8     234       8     0.9      66       8     234       8     0.9
partit-nr 2200 2     0    2.18      41       6     167       6     0.9      41       6     167       6     0.9
partit-nr 2200 2     0    8.28     156      24     660      24     0.9     156      24     660      24     0.9
partit-nr 2200 2     0    4.25      80      14     374      14     0.8      80      14     374      14     0.8
partit-nr 2200 2     0    6.74     127      22     589      22     0.9     127      22     589      22     0.9
partit-nr 2200 2     0    9.39     177      26     723      26     0.9     177      26     723      26     0.9
partit-nr 2200 2     0   11.19     211      37     988      37     0.8     211      37     988      37     0.8
partit-nr 2200 4     0    2.02      38       4     122       4     0.9      38       4     122       4     0.9
partit-nr 2200 4     0    4.62      87      12     339      12     0.9      87      12     339      12     0.9
partit-nr 2200 4     0    4.04      76      11     307      11     0.9      76      11     307      11     0.9
partit-nr 2200 4     0    2.77      52       6     178       6     0.9      52       6     178       6     0.9
partit-nr 2200 4     0    6.26     118      20     538      20     0.9     118      20     538      20     0.9
partit-nr 2200 4     0   20.73     391      64    1735      64     0.9     391      64    1735      64     0.9
partit-nr 2200 4     0   15.75     297      49    1326      49     0.9     297      49    1326      49     0.9
partit-nr 2200 4     0    1.49      28       6     154       6     0.8      28       6     154       6     0.8
partit-nr 2200 4     0    4.99      94      14     388      14     0.9      94      14     388      14     0.9
partit-nr 2200 4     0    9.55     180      31     831      31     0.8     180      31     831      31     0.8
partit-nr 2200 4     0    5.26      99      14     393      14     0.9      99      14     393      14     0.9
partit-nr 2200 4     0    2.13      40       5     145       5     0.9      40       5     145       5     0.9
partit-nr 2200 4     0    3.13      59       9     248       9     0.9      59       9     248       9     0.9
partit-nr 2200 4     0    5.84     110      17     467      17     0.9     110      17     467      17     0.9
partit-nr 2200 4     0    7.85     148      23     631      23     0.9     148      23     631      23     0.9
partit-nr 2200 4     0    1.54      29       1      50       1     1.0      29       1      50       1     1.0
partit-nr 2200 4     0    7.96     150      23     633      23     0.9     150      23     633      23     0.9
partit-nr 2200 4     0    6.74     127      19     526      19     0.9     127      19     526      19     0.9
partit-nr 2200 4     0    0.80      15       1      36       1     1.0      15       1      36       1     1.0
partit-nr 2200 4     0    1.76      33       3      96       3     1.0      33       3      96       3     1.0
partit-nr 2200 8     0    3.88      73      10     283      10     0.9      73      10     283      10     0.9
partit-nr 2200 8     0    4.83      91      14     385      14     0.9      91      14     385      14     0.9
partit-nr 2200 8     0    2.24      42       5     147       5     1.0      42       5     147       5     1.0
partit-nr 2200 8     0    1.55      29       4     113       4     0.9      29       4     113       4     0.9
partit-nr 2200 8     0    2.98      56       5     161       5     1.0      56       5     161       5     1.0
partit-nr 2200 8     0    7.70     145      23     628      23     0.9     145      23     628      23     0.9
partit-nr 2200 8     0    2.93      55       9     244       9     0.9      55       9     244       9     0.9
partit-nr 2200 8     0    1.66      31       2      73       2     1.0      31       2      73       2     1.0
partit-nr 2200 8     0    2.35      44       5     149       5     0.9      44       5     149       5     0.9
partit-nr 2200 8     0    2.66      50       6     176       6     0.9      50       6     176       6     0.9
partit-nr 2200 8     0    1.76      33       4     117       4     0.9      33       4     117       4     0.9
partit-nr 2200 8     0    2.61      49       3     112       3     1.0      49       3     112       3     1.0
partit-nr 2200 8     0    2.71      51       6     177       6     0.9      51       6     177       6     0.9
partit-nr 2200 8     0    4.83      91      10     301      10     0.9      91      10     301      10     0.9
partit-nr 2200 8     0    2.82      53       4     137       4     1.0      53       4     137       4     1.0
partit-nr 2200 8     0    5.37     101      15     416      15     0.9     101      15     416      15     0.9
partit-nr 2200 8     0    1.65      31       1      52       1     1.0      31       1      52       1     1.0
partit-nr 2200 8     0    1.76      33       6     159       6     0.8      33       6     159       6     0.8
partit-nr 2200 8     0    9.66     182      28     770      28     0.9     182      28     770      28     0.9
partit-nr 2200 8     0    2.66      50       7     197       7     0.9      50       7     197       7     0.9
partit-nr 2200 12     0    2.24      42       5     147       5     0.9      42       5     147       5     0.9
partit-nr 2200 12     0    1.87      35       2      77       2     1.1      35       2      77       2     1.1
partit-nr 2200 12     0    1.87      35       5     140       5     0.9      35       5     140       5     0.9
partit-nr 2200 12     0    2.40      45       7     192       7     0.8      45       7     192       7     0.8
partit-nr 2200 12     0    1.08      20       2      62       2     0.9      20       2      62       2     0.9
partit-nr 2200 12     0    0.60      11       1      32       1     0.9      11       1      32       1     0.9
partit-nr 2200 12     0    2.51      47       7     194       7     0.9      47       7     194       7     0.9
partit-nr 2200 12     0    0.71      13       0      13       0     1.0      13       0      13       0     1.0
partit-nr 2200 12     0    2.30      43       6     169       6     0.9      43       6     169       6     0.9
partit-nr 2200 12     0    1.76      33       5     138       5     0.9      33       5     138       5     0.9
partit-nr 2200 12     0    1.24      23       1      44       1     1.0      23       1      44       1     1.0
partit-nr 2200 12     0    1.40      26       4     110       4     0.9      26       4     110       4     0.9
partit-nr 2200 12     0    2.35      44       6     170       6     0.9      44       6     170       6     0.9
partit-nr 2200 12     0    1.71      32       3      95       3     1.0      32       3      95       3     1.0
partit-nr 2200 12     0    1.61      30       5     135       5     0.9      30       5     135       5     0.9
partit-nr 2200 12     0    2.24      42       5     147       5     0.9      42       5     147       5     0.9
partit-nr 2200 12     0    1.71      32       4     116       4     1.0      32       4     116       4     1.0
partit-nr 2200 12     0    0.92      17       3      80       3     0.8      17       3      80       3     0.8
partit-nr 2200 12     0    1.02      19       3      82       3     0.8      19       3      82       3     0.8
partit-nr 2200 12     0    5.11      96      16     432      16     0.9      96      16     432      16     0.9
partit-nr 2200 16     0    1.03      19       1      40       1     1.0      19       1      40       1     1.0
partit-nr 2200 16     0    1.24      23       3      86       3     0.9      23       3      86       3     0.9
partit-nr 2200 16     0    1.29      24       4     108       4     0.8      24       4     108       4     0.8
partit-nr 2200 16     0    4.63      87      15     402      15     0.9      87      15     402      15     0.9
partit-nr 2200 16     0    0.29       5       0       5       0     1.0       5       0       5       0     1.0
partit-nr 2200 16     0    0.92      17       1      38       1     1.0      17       1      38       1     1.0
partit-nr 2200 16     0    2.19      41       5     146       5     0.9      41       5     146       5     0.9
partit-nr 2200 16     0    0.92      17       1      38       1     0.9      17       1      38       1     0.9
partit-nr 2200 16     0    2.46      46       6     172       6     0.9      46       6     172       6     0.9
partit-nr 2200 16     0    1.88      35       3      98       3     1.0      35       3      98       3     1.0
partit-nr 2200 16     0    1.66      31       3      94       3     1.0      31       3      94       3     1.0
partit-nr 2200 16     0    1.35      25       2      67       2     1.0      25       2      67       2     1.0
partit-nr 2200 16     0    1.13      21       3      84       3     0.9      21       3      84       3     0.9
partit-nr 2200 16     0    1.40      26       4     110       4     0.9      26       4     110       4     0.9
partit-nr 2200 16     0    1.99      37       7     184       7     0.8      37       7     184       7     0.8
partit-nr 2200 16     0    2.19      41       6     167       6     0.9      41       6     167       6     0.9
partit-nr 2200 16     0    2.46      46       4     130       4     1.0      46       4     130       4     1.0
partit-nr 2200 16     0    1.72      32       4     116       4     0.9      32       4     116       4     0.9
partit-nr 2200 16     0    1.29      24       3      87       3     0.9      24       3      87       3     0.9
partit-nr 2200 16     0    2.25      42       5     147       5     0.9      42       5     147       5     0.9
partit-nr 2400 1     0   36.97     586      98    2840      98     0.9     586      98    2840      98     0.9
partit-nr 2400 1     0   25.42     403      71    2036      71     0.8     403      71    2036      71     0.8
partit-nr 2400 1     0    6.94     110      17     501      17     0.9     110      17     501      17     0.9
partit-nr 2400 1     0   41.95     665     111    3218     111     0.9     665     111    3218     111     0.9
partit-nr 2400 1     0    8.84     140      27     761      27     0.8     140      27     761      27     0.8
partit-nr 2400 1     0    6.75     107      14     429      14     0.9     107      14     429      14     0.9
partit-nr 2400 1     0   13.94     221      36    1049      36     0.9     221      36    1049      36     0.9
partit-nr 2400 1     0   23.03     365      62    1791      62     0.9     365      62    1791      62     0.9
partit-nr 2400 1     0   22.21     352      56    1640      56     0.8     352      56    1640      56     0.8
partit-nr 2400 1     0   16.09     255      41    1198      41     0.9     255      41    1198      41     0.9
partit-nr 2400 1     0   25.11     398      66    1916      66     0.8     398      66    1916      66     0.8
partit-nr 2400 1     0    6.18      98      13     397      13     0.9      98      13     397      13     0.9
partit-nr 2400 1     0    8.52     135      22     641      22     0.9     135      22     641      22     0.9
partit-nr 2400 1     0   20.63     327      60    1707      60     0.8     327      60    1707      60     0.8
partit-nr 2400 1     0    1.27      20       1      43       1     0.9      20       1      43       1     0.9
partit-nr 2400 1     0   14.39     228      39    1125      39     0.9     228      39    1125      39     0.9
partit-nr 2400 1     0    4.17      66       8     250       8     0.9      66       8     250       8     0.9
partit-nr 2400 1     0    8.64     137      20     597      20     0.9     137      20     597      20     0.9
partit-nr 2400 1     0   26.81     425      64    1897      64     0.9     425      64    1897      64     0.9
partit-nr 2400 1     0    5.05      80      10     310      10     0.9      80      10     310      10     0.9
partit-nr 2400 2     0    0.89      14       1      37       1     0.9      14       1      37       1     0.9
partit-nr 2400 2     0    3.35      53       7     214       7     0.9      53       7     214       7     0.9
partit-nr 2400 2     0   10.92     173      28     817      28     0.9     173      28     817      28     0.9
partit-nr 2400 2     0   18.55     294      52    1490      52     0.8     294      52    1490      52     0.8
partit-nr 2400 2     0   14.77     234      40    1154      40     0.8     234      40    1154      40     0.8
partit-nr 2400 2     0   13.88     220      38    1094      38     0.8     220      38    1094      38     0.8
partit-nr 2400 2     0    1.77      28       3      97       3     0.9      28       3      97       3     0.9
partit-nr 2400 2     0    8.71     138      19     575      19     0.9     138      19     575      19     0.9
partit-nr 2400 2     0    6.75     107      15     452      15     0.9     107      15     452      15     0.9
partit-nr 2400 2     0   51.22     812     137    3963     137     0.8     812     137    3963     137     0.8
partit-nr 2400 2     0   30.79     488      84    2420      84     0.9     488      84    2420      84     0.9
partit-nr 2400 2     0   11.36     180      27     801      27     0.9     180      27     801      27     0.9
partit-nr 2400 2     0    3.41      54       6     192       6     0.9      54       6     192       6     0.9
partit-nr 2400 2     0    3.41      54       9     261       9     0.9      54       9     261       9     0.9
partit-nr 2400 2     0   10.22     162      23     691      23     0.9     162      23     691      23     0.9
partit-nr 2400 2     0   22.71     360      57    1671      57     0.9     360      57    1671      57     0.9
partit-nr 2400 2     0   10.35     164      26     762      26     0.9     164      26     762      26     0.9
partit-nr 2400 2     0   11.80     187      32     923      32     0.9     187      32     923      32     0.9
partit-nr 2400 2     0   25.49     404      68    1968      68     0.8     404      68    1968      68     0.8
partit-nr 2400 2     0    6.06      96      15     441      15     0.8      96      15     441      15     0.8
partit-nr 2400 4     0    5.88      93      13     392      13     0.9      93      13     392      13     0.9
partit-nr 2400 4     0    5.56      88      13     387      13     0.9      88      13     387      13     0.9
partit-nr 2400 4     0    1.58      25       2      71       2     0.9      25       2      71       2     0.9
partit-nr 2400 4     0    8.65     137      24     689      24     0.8     137      24     689      24     0.8
partit-nr 2400 4     0    2.53      40       5     155       5     0.9      40       5     155       5     0.9
partit-nr 2400 4     0    5.18      82      11     335      11     0.9      82      11     335      11     0.9
partit-nr 2400 4     0    7.39     117      13     416      13     0.9     117      13     416      13     0.9
partit-nr 2400 4     0    5.94      94      13     393      13     0.9      94      13     393      13     0.9
partit-nr 2400 4     0    3.35      53       6     191       6     0.9      53       6     191       6     0.9
partit-nr 2400 4     0    2.15      34       4     126       4     0.9      34       4     126       4     0.9
partit-nr 2400 4     0    2.15      34       1      57       1     1.0      34       1      57       1     1.0
partit-nr 2400 4     0    3.10      49       7     210       7     0.9      49       7     210       7     0.9
partit-nr 2400 4     0    8.33     132      15     477      15     0.9     132      15     477      15     0.9
partit-nr 2400 4     0    0.58       9       1      32       1     0.9       9       1      32       1     0.9
partit-nr 2400 4     0    8.33     132      21     615      21     0.8     132      21     615      21     0.8
partit-nr 2400 4     0    7.70     122      20     582      20     0.8     122      20     582      20     0.8
partit-nr 2400 4     0    9.28     147      18     561      18     0.9     147      18     561      18     0.9
partit-nr 2400 4     0    3.42      54       8     238       8     0.9      54       8     238       8     0.9
partit-nr 2400 4     0   10.54     167      31     880      31     0.8     167      31     880      31     0.8
partit-nr 2400 4     0   27.25     432      70    2042      70     0.9     432      70    2042      70     0.9
partit-nr 2400 8     0    1.59      25       2      71       2     0.9      25       2      71       2     0.9
partit-nr 2400 8     0    1.90      30       2      76       2     1.0      30       2      76       2     1.0
partit-nr 2400 8     0    3.04      48       6     186       6     1.0      48       6     186       6     1.0
partit-nr 2400 8     0    3.80      60       9     267       9     0.8      60       9     267       9     0.8
partit-nr 2400 8     0    9.41     149      25     724      25     0.8     149      25     724      25     0.8
partit-nr 2400 8     0    2.22      35       2      81       2     1.1      35       2      81       2     1.1
partit-nr 2400 8     0    7.01     111      18     525      18     0.9     111      18     525      18     0.9
partit-nr 2400 8     0    5.82      92      13     391      13     0.9      92      13     391      13     0.9
partit-nr 2400 8     0    2.16      34       4     126       4     0.9      34       4     126       4     0.9
partit-nr 2400 8     0    2.60      41       5     156       5     0.9      41       5     156       5     0.9
partit-nr 2400 8     0   17.55     278      41    1221      41     0.9     278      41    1221      41     0.9
partit-nr 2400 8     0    4.30      68      11     321      11     0.8      68      11     321      11     0.8
partit-nr 2400 8     0    5.56      88      12     364      12     1.0      88      12     364      12     1.0
partit-nr 2400 8     0    3.67      58       7     219       7     0.9      58       7     219       7     0.9
partit-nr 2400 8     0    6.63     105      14     427      14     0.9     105      14     427      14     0.9
partit-nr 2400 8     0    6.51     103      15     448      15     0.9     103      15     448      15     0.9
partit-nr 2400 8     0    4.11      65      13     364      13     0.8      65      13     364      13     0.8
partit-nr 2400 8     0    4.17      66       8     250       8     0.9      66       8     250       8     0.9
partit-nr 2400 8     0    1.91      30       4     122       4     0.9      30       4     122       4     0.9
partit-nr 2400 8     0    2.16      34       3     103       3     0.9      34       3     103       3     0.9
partit-nr 2400 12     0    3.80      60       6     198       6     0.9      60       6     198       6     0.9
partit-nr 2400 12     0    3.68      58       8     242       8     0.9      58       8     242       8     0.9
partit-nr 2400 12     0    2.35      37       5     152       5     0.9      37       5     152       5     0.9
partit-nr 2400 12     0    3.30      52       7     213       7     0.9      52       7     213       7     0.9
partit-nr 2400 12     0    4.62      73      11     326      11     0.9      73      11     326      11     0.9
partit-nr 2400 12     0    5.57      88      14     410      14     0.9      88      14     410      14     0.9
partit-nr 2400 12     0    3.74      59       8     243       8     0.9      59       8     243       8     0.9
partit-nr 2400 12     0    2.04      32       5     147       5     0.9      32       5     147       5     0.9
partit-nr 2400 12     0    2.42      38       4     130       4     0.9      38       4     130       4     0.9
partit-nr 2400 12     0    3.67      58       9     265       9     0.9      58       9     265       9     0.9
partit-nr 2400 12     0    4.69      74      11     327      11     0.9      74      11     327      11     0.9
partit-nr 2400 12     0    1.53      24       3      93       3     1.0      24       3      93       3     1.0
partit-nr 2400 12     0    1.47      23       3      92       3     0.9      23       3      92       3     0.9
partit-nr 2400 12     0    1.85      29       5     144       5     0.9      29       5     144       5     0.9
partit-nr 2400 12     0    1.66      26       1      49       1     1.1      26       1      49       1     1.1
partit-nr 2400 12     0    3.42      54       6     192       6     0.9      54       6     192       6     0.9
partit-nr 2400 12     0    1.47      23       4     115       4     0.8      23       4     115       4     0.8
partit-nr 2400 12     0    1.09      17       2      63       2     0.9      17       2      63       2     0.9
partit-nr 2400 12     0    1.47      23       1      46       1     1.0      23       1      46       1     1.0
partit-nr 2400 12     0    1.47      23       3      92       3     0.9      23       3      92       3     0.9
partit-nr 2400 16     0    1.98      31       2      77       2     0.9      31       2      77       2     0.9
partit-nr 2400 16     0    1.54      24       2      70       2     0.9      24       2      70       2     0.9
partit-nr 2400 16     0    1.66      26       1      49       1     1.1      26       1      49       1     1.1
partit-nr 2400 16     0    1.98      31       1      54       1     1.1      31       1      54       1     1.1
partit-nr 2400 16     0    1.85      29       5     144       5     0.9      29       5     144       5     0.9
partit-nr 2400 16     0    1.66      26       2      72       2     1.0      26       2      72       2     1.0
partit-nr 2400 16     0    3.56      56      10     286      10     0.8      56      10     286      10     0.8
partit-nr 2400 16     0    2.23      35       3     104       3     0.9      35       3     104       3     0.9
partit-nr 2400 16     0    1.66      26       3      95       3     1.0      26       3      95       3     1.0
partit-nr 2400 16     0    1.03      16       1      39       1     1.0      16       1      39       1     1.0
partit-nr 2400 16     0    2.48      39       3     108       3     1.0      39       3     108       3     1.0
partit-nr 2400 16     0    1.35      21       1      44       1     1.0      21       1      44       1     1.0
partit-nr 2400 16     0    2.55      40       4     132       4     0.9      40       4     132       4     0.9
partit-nr 2400 16     0    0.84      13       1      36       1     0.9      13       1      36       1     0.9
partit-nr 2400 16     0    2.61      41       6     179       6     0.9      41       6     179       6     0.9
partit-nr 2400 16     0    1.41      22       2      68       2     0.9      22       2      68       2     0.9
partit-nr 2400 16     0    0.84      13       1      36       1     0.9      13       1      36       1     0.9
partit-nr 2400 16     0    3.43      54       6     192       6     0.9      54       6     192       6     0.9
partit-nr 2400 16     0    4.75      75      12     351      12     0.8      75      12     351      12     0.8
partit-nr 2400 16     0   10.30     163      23     692      23     0.9     163      23     692      23     0.9
