perfect-square 1 1     0   19.55    9137    3670   12807    3670     4.5    9137    3670   12807    3670     4.5
perfect-square 1 1     0    4.64    2165     823    2988     823     4.4    2165     823    2988     823     4.4
perfect-square 1 1     0    4.46    2012     759    2771     759     4.2    2012     759    2771     759     4.2
perfect-square 1 1     0   10.09    4855    2032    6887    2032     5.1    4855    2032    6887    2032     5.1
perfect-square 1 1     0    6.59    3160    1317    4477    1317     4.6    3160    1317    4477    1317     4.6
perfect-square 1 1     0    7.23    3397    1328    4725    1328     4.5    3397    1328    4725    1328     4.5
perfect-square 1 1     0   62.82   29374   11724   41098   11724     4.8   29374   11724   41098   11724     4.8
perfect-square 1 1     0   30.20   14024    5554   19578    5554     4.7   14024    5554   19578    5554     4.7
perfect-square 1 1     0    4.89    2241     866    3107     866     4.4    2241     866    3107     866     4.4
perfect-square 1 1     0    1.63     774     291    1065     291     5.1     774     291    1065     291     5.1
perfect-square 1 1     0   39.91   18449    7273   25722    7273     4.7   18449    7273   25722    7273     4.7
perfect-square 1 1     0    6.98    3175    1228    4403    1228     4.2    3175    1228    4403    1228     4.2
perfect-square 1 1     0   25.96   11953    4639   16592    4639     4.7   11953    4639   16592    4639     4.7
perfect-square 1 1     0   22.82   10510    4153   14663    4153     5.0   10510    4153   14663    4153     5.0
perfect-square 1 1     0   16.96    7995    3170   11165    3170     4.8    7995    3170   11165    3170     4.8
perfect-square 1 1     0    9.89    4440    1719    6159    1719     4.5    4440    1719    6159    1719     4.5
perfect-square 1 1     0   10.81    5059    1977    7036    1977     4.4    5059    1977    7036    1977     4.4
perfect-square 1 1     0   13.79    6528    2649    9177    2649     5.0    6528    2649    9177    2649     5.0
perfect-square 1 1     0    4.81    2221     856    3077     856     4.7    2221     856    3077     856     4.7
perfect-square 1 1     0   11.16    5229    2070    7299    2070     4.5    5229    2070    7299    2070     4.5
perfect-square 1 2     0    6.30    2865    1109    3974    1109     4.9    2865    1109    3974    1109     4.9
perfect-square 1 2     0    8.98    4094    1615    5709    1615     4.5    4094    1615    5709    1615     4.5
perfect-square 1 2     0    0.43     194      71     265      71     6.4     194      71     265      71     6.4
perfect-square 1 2     0   25.97   12181    4928   17109    4928     4.9   12181    4928   17109    4928     4.9
perfect-square 1 2     0    3.17    1511     607    2118     607     5.0    1511     607    2118     607     5.0
perfect-square 1 2     0   10.43    4899    1944    6843    1944     4.7    4899    1944    6843    1944     4.7
perfect-square 1 2     0    1.59     748     300    1048     300     5.2     748     300    1048     300     5.2
perfect-square 1 2     0    0.57     252      86     338      86     4.3     252      86     338      86     4.3
perfect-square 1 2     0    1.59     748     300    1048     300     5.2     748     300    1048     300     5.2
perfect-square 1 2     0   14.69    6738    2683    9421    2683     4.7    6738    2683    9421    2683     4.7
perfect-square 1 2     0    8.09    3680    1436    5116    1436     4.8    3680    1436    5116    1436     4.8
perfect-square 1 2     0   13.83    6607    2658    9265    2658     4.6    6607    2658    9265    2658     4.6
perfect-square 1 2     0    2.28    1079     455    1534     455     4.9    1079     455    1534     455     4.9
perfect-square 1 2     0   18.92    8832    3486   12318    3486     4.5    8832    3486   12318    3486     4.5
perfect-square 1 2     0    8.80    4118    1624    5742    1624     4.8    4118    1624    5742    1624     4.8
perfect-square 1 2     0    5.33    2556    1034    3590    1034     5.0    2556    1034    3590    1034     5.0
perfect-square 1 2     0   13.68    6433    2575    9008    2575     4.9    6433    2575    9008    2575     4.9
perfect-square 1 2     0   26.54   12316    4850   17166    4850     4.8   12316    4850   17166    4850     4.8
perfect-square 1 2     0   10.65    5028    2030    7058    2030     4.9    5028    2030    7058    2030     4.9
perfect-square 1 2     0    2.25    1093     444    1537     444     5.5    1093     444    1537     444     5.5
perfect-square 1 4     0    3.05    1502     640    2142     640     4.9    1502     640    2142     640     4.9
perfect-square 1 4     0    0.80     411     187     598     187     5.0     411     187     598     187     5.0
perfect-square 1 4     0    0.41     194      73     267      73     3.4     194      73     267      73     3.4
perfect-square 1 4     0    1.51     753     324    1077     324     4.0     753     324    1077     324     4.0
perfect-square 1 4     0    2.25    1078     443    1521     443     4.1    1078     443    1521     443     4.1
perfect-square 1 4     0    9.16    4345    1765    6110    1765     5.6    4345    1765    6110    1765     5.6
perfect-square 1 4     0    4.38    2016     790    2806     790     4.5    2016     790    2806     790     4.5
perfect-square 1 4     0    5.04    2310     869    3179     869     4.5    2310     869    3179     869     4.5
perfect-square 1 4     0    1.84     909     371    1280     371     5.5     909     371    1280     371     5.5
perfect-square 1 4     0    3.27    1503     590    2093     590     4.8    1503     590    2093     590     4.8
perfect-square 1 4     0    1.85     906     373    1279     373     4.6     906     373    1279     373     4.6
perfect-square 1 4     0    0.48     260     119     379     119     5.4     260     119     379     119     5.4
perfect-square 1 4     0    0.32     150      49     199      49     5.0     150      49     199      49     5.0
perfect-square 1 4     0    0.54     269      98     367      98     4.4     269      98     367      98     4.4
perfect-square 1 4     0    4.02    1848     728    2576     728     4.5    1848     728    2576     728     4.5
perfect-square 1 4     0    2.60    1182     430    1612     430     3.9    1182     430    1612     430     3.9
perfect-square 1 4     0    1.66     767     297    1064     297     5.3     767     297    1064     297     5.3
perfect-square 1 4     0    6.68    3095    1174    4269    1174     4.2    3095    1174    4269    1174     4.2
perfect-square 1 4     0    0.82     372     148     520     148     4.1     372     148     520     148     4.1
perfect-square 1 4     0    5.51    2601    1037    3638    1037     4.8    2601    1037    3638    1037     4.8
perfect-square 1 8     0    2.25    1000     350    1350     350     4.6    1000     350    1350     350     4.6
perfect-square 1 8     0    2.94    1341     512    1853     512     5.2    1341     512    1853     512     5.2
perfect-square 1 8     0    5.83    2707    1052    3759    1052     4.4    2707    1052    3759    1052     4.4
perfect-square 1 8     0    0.99     475     178     653     178     4.8     475     178     653     178     4.8
perfect-square 1 8     0    0.30     160      68     228      68     5.9     160      68     228      68     5.9
perfect-square 1 8     0    1.13     541     209     750     209     4.7     541     209     750     209     4.7
perfect-square 1 8     0    0.05      22       2      24       2     1.7      22       2      24       2     1.7
perfect-square 1 8     0    0.14      65      21      86      21     4.8      65      21      86      21     4.8
perfect-square 1 8     0    0.09      45      18      63      18     3.4      45      18      63      18     3.4
perfect-square 1 8     0    1.82     860     339    1199     339     4.5     860     339    1199     339     4.5
perfect-square 1 8     0    6.59    3098    1222    4320    1222     5.1    3098    1222    4320    1222     5.1
perfect-square 1 8     0    6.38    2890    1128    4018    1128     4.7    2890    1128    4018    1128     4.7
perfect-square 1 8     0    0.78     360     128     488     128     4.0     360     128     488     128     4.0
perfect-square 1 8     0    5.09    2441     991    3432     991     5.5    2441     991    3432     991     5.5
perfect-square 1 8     0    0.82     405     166     571     166     5.0     405     166     571     166     5.0
perfect-square 1 8     0    1.78     896     382    1278     382     4.5     896     382    1278     382     4.5
perfect-square 1 8     0    0.68     309     128     437     128     4.4     309     128     437     128     4.4
perfect-square 1 8     0    1.56     759     303    1062     303     4.3     759     303    1062     303     4.3
perfect-square 1 8     0    0.79     377     148     525     148     4.0     377     148     525     148     4.0
perfect-square 1 8     0    0.07      26       3      29       3     2.4      26       3      29       3     2.4
perfect-square 1 12     0    1.49     768     332    1100     332     5.5     768     332    1100     332     5.5
perfect-square 1 12     0    0.95     450     186     636     186     4.9     450     186     636     186     4.9
perfect-square 1 12     0    1.12     522     188     710     188     4.6     522     188     710     188     4.6
perfect-square 1 12     0    0.51     252      98     350      98     5.0     252      98     350      98     5.0
perfect-square 1 12     0    1.66     764     304    1068     304     5.2     764     304    1068     304     5.2
perfect-square 1 12     0    0.33     169      64     233      64     5.2     169      64     233      64     5.2
perfect-square 1 12     0    0.23     126      47     173      47     4.5     126      47     173      47     4.5
perfect-square 1 12     0    2.36    1056     416    1472     416     4.8    1056     416    1472     416     4.8
perfect-square 1 12     0    0.73     333     124     457     124     5.5     333     124     457     124     5.5
perfect-square 1 12     0    1.88     828     297    1125     297     4.4     828     297    1125     297     4.4
perfect-square 1 12     0    1.35     651     266     917     266     5.3     651     266     917     266     5.3
perfect-square 1 12     0    1.53     653     235     888     235     5.0     653     235     888     235     5.0
perfect-square 1 12     0    0.64     281     106     387     106     3.5     281     106     387     106     3.5
perfect-square 1 12     0    0.42     194      73     267      73     3.4     194      73     267      73     3.4
perfect-square 1 12     0    2.86    1289     478    1767     478     4.0    1289     478    1767     478     4.0
perfect-square 1 12     0    0.62     263      90     353      90     5.3     263      90     353      90     5.3
perfect-square 1 12     0    0.61     298     127     425     127     5.5     298     127     425     127     5.5
perfect-square 1 12     0    0.12      50      14      64      14     5.1      50      14      64      14     5.1
perfect-square 1 12     0    2.19    1041     420    1461     420     4.4    1041     420    1461     420     4.4
perfect-square 1 12     0    0.25     112      39     151      39     2.3     112      39     151      39     2.3
perfect-square 1 16     0    0.22      97      33     130      33     4.7      97      33     130      33     4.7
perfect-square 1 16     0    0.47     203      73     276      73     3.9     203      73     276      73     3.9
perfect-square 1 16     0    1.00     500     206     706     206     3.8     500     206     706     206     3.8
perfect-square 1 16     0    0.58     260      99     359      99     3.9     260      99     359      99     3.9
perfect-square 1 16     0    1.89     859     334    1193     334     4.0     859     334    1193     334     4.0
perfect-square 1 16     0    0.74     280      80     360      80     4.4     280      80     360      80     4.4
perfect-square 1 16     0    2.50    1193     481    1674     481     5.0    1193     481    1674     481     5.0
perfect-square 1 16     0    1.28     630     265     895     265     4.3     630     265     895     265     4.3
perfect-square 1 16     0    0.07      23       2      25       2     2.1      23       2      25       2     2.1
perfect-square 1 16     0    0.15      59      11      70      11     3.7      59      11      70      11     3.7
perfect-square 1 16     0    1.35     611     250     861     250     4.2     611     250     861     250     4.2
perfect-square 1 16     0    0.68     294     107     401     107     4.3     294     107     401     107     4.3
perfect-square 1 16     0    0.42     173      58     231      58     4.5     173      58     231      58     4.5
perfect-square 1 16     0    0.54     251      94     345      94     3.0     251      94     345      94     3.0
perfect-square 1 16     0    1.03     523     233     756     233     4.9     523     233     756     233     4.9
perfect-square 1 16     0    0.46     191      59     250      59     3.2     191      59     250      59     3.2
perfect-square 1 16     0    0.20      76      22      98      22     5.1      76      22      98      22     5.1
perfect-square 1 16     0    1.05     475     171     646     171     3.5     475     171     646     171     3.5
perfect-square 1 16     0    0.37     187      67     254      67     4.4     187      67     254      67     4.4
perfect-square 1 16     0    0.46     189      63     252      63     5.9     189      63     252      63     5.9
perfect-square 2 1     0   29.98    6077    2736    8813    2736     6.6    6077    2736    8813    2736     6.6
perfect-square 2 1     0    7.12    1537     714    2251     714     6.5    1537     714    2251     714     6.5
perfect-square 2 1     0  157.91   32557   14920   47477   14920     6.7   32557   14920   47477   14920     6.7
perfect-square 2 1     0   18.97    4312    2135    6447    2135     7.5    4312    2135    6447    2135     7.5
perfect-square 2 1     0    2.54     622     324     946     324     7.9     622     324     946     324     7.9
perfect-square 2 1     0   18.47    4163    2099    6262    2099     7.2    4163    2099    6262    2099     7.2
perfect-square 2 1     0   61.36   12711    5818   18529    5818     6.4   12711    5818   18529    5818     6.4
perfect-square 2 1     0   32.15    6450    2888    9338    2888     6.4    6450    2888    9338    2888     6.4
perfect-square 2 1     0    2.07     415     187     602     187     6.2     415     187     602     187     6.2
perfect-square 2 1     0   16.54    3361    1517    4878    1517     6.1    3361    1517    4878    1517     6.1
perfect-square 2 1     0  107.33   22441   10376   32817   10376     6.8   22441   10376   32817   10376     6.8
perfect-square 2 1     0    3.96     830     380    1210     380     7.8     830     380    1210     380     7.8
perfect-square 2 1     0   39.22    8493    4020   12513    4020     7.1    8493    4020   12513    4020     7.1
perfect-square 2 1     0    5.40    1084     473    1557     473     6.0    1084     473    1557     473     6.0
perfect-square 2 1     0   29.96    5932    2628    8560    2628     6.4    5932    2628    8560    2628     6.4
perfect-square 2 1     0    1.20     183      61     244      61     6.4     183      61     244      61     6.4
perfect-square 2 1     0    1.06     189      70     259      70     3.1     189      70     259      70     3.1
perfect-square 2 1     0   29.20    6498    3125    9623    3125     7.0    6498    3125    9623    3125     7.0
perfect-square 2 1     0   35.20    7247    3333   10580    3333     6.5    7247    3333   10580    3333     6.5
perfect-square 2 1     0   33.27    7132    3325   10457    3325     6.7    7132    3325   10457    3325     6.7
perfect-square 2 2     0   16.54    3309    1485    4794    1485     6.2    3309    1485    4794    1485     6.2
perfect-square 2 2     0   20.01    4173    1904    6077    1904     6.5    4173    1904    6077    1904     6.5
perfect-square 2 2     0    9.71    1946     846    2792     846     5.7    1946     846    2792     846     5.7
perfect-square 2 2     0   26.96    6177    3086    9263    3086     6.9    6177    3086    9263    3086     6.9
perfect-square 2 2     0   79.83   17327    8290   25617    8290     6.8   17327    8290   25617    8290     6.8
perfect-square 2 2     0   56.65   11774    5434   17208    5434     6.7   11774    5434   17208    5434     6.7
perfect-square 2 2     0    2.84     582     268     850     268     6.8     582     268     850     268     6.8
perfect-square 2 2     0   22.19    4427    1973    6400    1973     6.5    4427    1973    6400    1973     6.5
perfect-square 2 2     0    4.23     768     319    1087     319     6.8     768     319    1087     319     6.8
perfect-square 2 2     0    1.01     314     179     493     179     8.8     314     179     493     179     8.8
perfect-square 2 2     0   33.07    6520    2876    9396    2876     6.1    6520    2876    9396    2876     6.1
perfect-square 2 2     0    9.75    1834     761    2595     761     5.8    1834     761    2595     761     5.8
perfect-square 2 2     0   26.24    5758    2758    8516    2758     6.9    5758    2758    8516    2758     6.9
perfect-square 2 2     0   25.86    5419    2461    7880    2461     6.7    5419    2461    7880    2461     6.7
perfect-square 2 2     0    9.01    1642     660    2302     660     5.0    1642     660    2302     660     5.0
perfect-square 2 2     0   50.28   10764    5070   15834    5070     6.6   10764    5070   15834    5070     6.6
perfect-square 2 2     0   11.50    2442    1125    3567    1125     6.1    2442    1125    3567    1125     6.1
perfect-square 2 2     0    5.35    1177     552    1729     552     6.4    1177     552    1729     552     6.4
perfect-square 2 2     0    7.42    1477     660    2137     660     7.3    1477     660    2137     660     7.3
perfect-square 2 2     0   28.94    6015    2764    8779    2764     6.7    6015    2764    8779    2764     6.7
perfect-square 2 4     0   12.32    2469    1083    3552    1083     6.6    2469    1083    3552    1083     6.6
perfect-square 2 4     0   11.11    2334    1048    3382    1048     6.7    2334    1048    3382    1048     6.7
perfect-square 2 4     0    3.43     644     272     916     272     7.5     644     272     916     272     7.5
perfect-square 2 4     0   12.98    2638    1188    3826    1188     6.1    2638    1188    3826    1188     6.1
perfect-square 2 4     0    7.09    1430     627    2057     627     6.4    1430     627    2057     627     6.4
perfect-square 2 4     0   18.14    3375    1375    4750    1375     5.9    3375    1375    4750    1375     5.9
perfect-square 2 4     0    5.06    1067     488    1555     488     7.2    1067     488    1555     488     7.2
perfect-square 2 4     0    4.19     739     276    1015     276     4.8     739     276    1015     276     4.8
perfect-square 2 4     0    3.73     700     299     999     299     6.1     700     299     999     299     6.1
perfect-square 2 4     0    0.69     125      43     168      43     4.3     125      43     168      43     4.3
perfect-square 2 4     0   30.15    5884    2551    8435    2551     5.7    5884    2551    8435    2551     5.7
perfect-square 2 4     0    5.76    1215     559    1774     559     6.2    1215     559    1774     559     6.2
perfect-square 2 4     0    0.70     178      86     264      86     7.4     178      86     264      86     7.4
perfect-square 2 4     0    2.03     439     209     648     209     7.2     439     209     648     209     7.2
perfect-square 2 4     0    3.82     806     373    1179     373     6.2     806     373    1179     373     6.2
perfect-square 2 4     0    4.43     871     378    1249     378     5.0     871     378    1249     378     5.0
perfect-square 2 4     0    3.87     773     331    1104     331     6.2     773     331    1104     331     6.2
perfect-square 2 4     0    1.42     261      96     357      96     3.9     261      96     357      96     3.9
perfect-square 2 4     0    9.00    2019     966    2985     966     6.7    2019     966    2985     966     6.7
perfect-square 2 4     0    4.18     850     370    1220     370     5.9     850     370    1220     370     5.9
perfect-square 2 8     0    1.93     358     140     498     140     6.6     358     140     498     140     6.6
perfect-square 2 8     0    7.83    1615     726    2341     726     6.4    1615     726    2341     726     6.4
perfect-square 2 8     0    4.66    1047     505    1552     505     6.1    1047     505    1552     505     6.1
perfect-square 2 8     0    6.12    1368     677    2045     677     7.2    1368     677    2045     677     7.2
perfect-square 2 8     0    1.56     362     175     537     175     7.2     362     175     537     175     7.2
perfect-square 2 8     0    4.40     807     328    1135     328     5.5     807     328    1135     328     5.5
perfect-square 2 8     0    4.09     935     443    1378     443     6.9     935     443    1378     443     6.9
perfect-square 2 8     0    0.51     107      49     156      49     6.8     107      49     156      49     6.8
perfect-square 2 8     0    1.85     368     150     518     150     6.0     368     150     518     150     6.0
perfect-square 2 8     0   13.46    2873    1343    4216    1343     6.6    2873    1343    4216    1343     6.6
perfect-square 2 8     0    0.53     102      36     138      36     4.6     102      36     138      36     4.6
perfect-square 2 8     0    4.14     878     395    1273     395     7.0     878     395    1273     395     7.0
perfect-square 2 8     0   16.98    3812    1875    5687    1875     6.6    3812    1875    5687    1875     6.6
perfect-square 2 8     0    2.88     543     216     759     216     5.8     543     216     759     216     5.8
perfect-square 2 8     0    2.25     441     186     627     186     6.2     441     186     627     186     6.2
perfect-square 2 8     0    3.19     654     303     957     303     6.7     654     303     957     303     6.7
perfect-square 2 8     0    4.91    1256     669    1925     669     8.0    1256     669    1925     669     8.0
perfect-square 2 8     0    5.10    1005     421    1426     421     5.5    1005     421    1426     421     5.5
perfect-square 2 8     0    1.85     338     139     477     139     6.5     338     139     477     139     6.5
perfect-square 2 8     0    1.62     390     198     588     198     6.7     390     198     588     198     6.7
perfect-square 2 12     0    5.71    1155     524    1679     524     6.2    1155     524    1679     524     6.2
perfect-square 2 12     0    2.63     513     236     749     236     6.4     513     236     749     236     6.4
perfect-square 2 12     0    3.27     729     369    1098     369     7.8     729     369    1098     369     7.8
perfect-square 2 12     0    1.83     331     119     450     119     5.9     331     119     450     119     5.9
perfect-square 2 12     0    2.02     457     223     680     223     7.3     457     223     680     223     7.3
perfect-square 2 12     0    0.65     163      76     239      76     7.4     163      76     239      76     7.4
perfect-square 2 12     0    9.30    1497     528    2025     528     5.3    1497     528    2025     528     5.3
perfect-square 2 12     0    1.45     301     135     436     135     8.0     301     135     436     135     8.0
perfect-square 2 12     0    5.28    1162     554    1716     554     7.4    1162     554    1716     554     7.4
perfect-square 2 12     0    1.72     379     172     551     172     5.5     379     172     551     172     5.5
perfect-square 2 12     0    2.33     501     234     735     234     7.3     501     234     735     234     7.3
perfect-square 2 12     0    1.18     238     110     348     110     7.8     238     110     348     110     7.8
perfect-square 2 12     0    5.34    1257     622    1879     622     7.3    1257     622    1879     622     7.3
perfect-square 2 12     0    7.51    1486     624    2110     624     6.8    1486     624    2110     624     6.8
perfect-square 2 12     0    2.22     433     182     615     182     7.0     433     182     615     182     7.0
perfect-square 2 12     0    3.44     687     306     993     306     6.8     687     306     993     306     6.8
perfect-square 2 12     0    5.76    1295     636    1931     636     6.8    1295     636    1931     636     6.8
perfect-square 2 12     0    0.61     143      65     208      65     5.9     143      65     208      65     5.9
perfect-square 2 12     0    2.23     430     185     615     185     6.7     430     185     615     185     6.7
perfect-square 2 12     0    0.64     117      40     157      40     4.7     117      40     157      40     4.7
perfect-square 2 16     0    0.74     193     106     299     106     9.1     193     106     299     106     9.1
perfect-square 2 16     0    4.97    1040     455    1495     455     6.8    1040     455    1495     455     6.8
perfect-square 2 16     0    1.16     264     124     388     124     6.8     264     124     388     124     6.8
perfect-square 2 16     0    2.47     483     193     676     193     5.5     483     193     676     193     5.5
perfect-square 2 16     0    1.65     314     127     441     127     5.9     314     127     441     127     5.9
perfect-square 2 16     0    3.58     761     364    1125     364     7.2     761     364    1125     364     7.2
perfect-square 2 16     0    2.01     439     192     631     192     5.7     439     192     631     192     5.7
perfect-square 2 16     0    3.65     792     397    1189     397     8.7     792     397    1189     397     8.7
perfect-square 2 16     0    2.13     391     152     543     152     4.4     391     152     543     152     4.4
perfect-square 2 16     0    0.33      57      17      74      17     3.7      57      17      74      17     3.7
perfect-square 2 16     0    3.57     786     388    1174     388     7.1     786     388    1174     388     7.1
perfect-square 2 16     0    3.01     657     317     974     317     7.8     657     317     974     317     7.8
perfect-square 2 16     0    0.77     159      66     225      66     5.7     159      66     225      66     5.7
perfect-square 2 16     0    0.81     155      68     223      68     6.3     155      68     223      68     6.3
perfect-square 2 16     0    1.07     184      61     245      61     5.9     184      61     245      61     5.9
perfect-square 2 16     0    3.88     775     350    1125     350     6.6     775     350    1125     350     6.6
perfect-square 2 16     0    3.42     773     364    1137     364     6.9     773     364    1137     364     6.9
perfect-square 2 16     0    1.13     225     101     326     101     7.0     225     101     326     101     7.0
perfect-square 2 16     0    1.42     248      89     337      89     4.5     248      89     337      89     4.5
perfect-square 2 16     0    2.94     627     279     906     279     6.9     627     279     906     279     6.9
perfect-square 3 1     0  192.66   28472   14304   42776   14304     4.0   28472   14304   42776   14304     4.0
perfect-square 3 1     0   79.09   11312    5580   16892    5580     4.2   11312    5580   16892    5580     4.2
perfect-square 3 1     0   92.60   13381    6588   19969    6588     4.2   13381    6588   19969    6588     4.2
perfect-square 3 1     0   74.12   10122    4780   14902    4780     4.0   10122    4780   14902    4780     4.0
perfect-square 3 1     0    1.88     298     148     446     148     2.9     298     148     446     148     2.9
perfect-square 3 1     0   80.84   11361    5438   16799    5438     4.1   11361    5438   16799    5438     4.1
perfect-square 3 1     0    4.61     636     299     935     299     5.4     636     299     935     299     5.4
perfect-square 3 1     0   52.25    7717    3859   11576    3859     4.0    7717    3859   11576    3859     4.0
perfect-square 3 1     0   37.96    5500    2727    8227    2727     3.7    5500    2727    8227    2727     3.7
perfect-square 3 1     0   62.21    9458    4811   14269    4811     3.9    9458    4811   14269    4811     3.9
perfect-square 3 1     0   40.19    5783    2803    8586    2803     3.7    5783    2803    8586    2803     3.7
perfect-square 3 1     0   52.19    7266    3485   10751    3485     4.0    7266    3485   10751    3485     4.0
perfect-square 3 1     0   12.46    1890     962    2852     962     4.0    1890     962    2852     962     4.0
perfect-square 3 1     0   72.80   10419    5039   15458    5039     3.9   10419    5039   15458    5039     3.9
perfect-square 3 1     0   12.02    1726     829    2555     829     3.9    1726     829    2555     829     3.9
perfect-square 3 1     0    2.92     376     167     543     167     2.8     376     167     543     167     2.8
perfect-square 3 1     0  124.36   18389    9159   27548    9159     3.9   18389    9159   27548    9159     3.9
perfect-square 3 1     0   26.75    4023    2032    6055    2032     4.2    4023    2032    6055    2032     4.2
perfect-square 3 1     0   12.86    1844     929    2773     929     4.0    1844     929    2773     929     4.0
perfect-square 3 1     0   27.46    3831    1827    5658    1827     4.0    3831    1827    5658    1827     4.0
perfect-square 3 2     0   46.24    6891    3500   10391    3500     3.7    6891    3500   10391    3500     3.7
perfect-square 3 2     0   28.85    4315    2193    6508    2193     3.9    4315    2193    6508    2193     3.9
perfect-square 3 2     0   21.12    3054    1485    4539    1485     4.4    3054    1485    4539    1485     4.4
perfect-square 3 2     0   49.94    7064    3389   10453    3389     3.7    7064    3389   10453    3389     3.7
perfect-square 3 2     0   16.85    2403    1200    3603    1200     4.6    2403    1200    3603    1200     4.6
perfect-square 3 2     0    0.76     141      80     221      80     0.7     141      80     221      80     0.7
perfect-square 3 2     0   17.95    2570    1234    3804    1234     4.0    2570    1234    3804    1234     4.0
perfect-square 3 2     0   87.80   12539    6265   18804    6265     4.4   12539    6265   18804    6265     4.4
perfect-square 3 2     0   10.02    1456     732    2188     732     4.1    1456     732    2188     732     4.1
perfect-square 3 2     0    1.57     251     129     380     129     2.9     251     129     380     129     2.9
perfect-square 3 2     0   10.33    1447     685    2132     685     3.8    1447     685    2132     685     3.8
perfect-square 3 2     0   52.24    7278    3507   10785    3507     4.2    7278    3507   10785    3507     4.2
perfect-square 3 2     0   19.87    2956    1483    4439    1483     3.9    2956    1483    4439    1483     3.9
perfect-square 3 2     0    0.69     118      60     178      60     2.3     118      60     178      60     2.3
perfect-square 3 2     0   55.56    8036    3938   11974    3938     4.0    8036    3938   11974    3938     4.0
perfect-square 3 2     0   14.91    1954     904    2858     904     4.4    1954     904    2858     904     4.4
perfect-square 3 2     0  107.80   15377    7494   22871    7494     4.1   15377    7494   22871    7494     4.1
perfect-square 3 2     0   50.05    6929    3280   10209    3280     4.2    6929    3280   10209    3280     4.2
perfect-square 3 2     0   20.58    3002    1501    4503    1501     4.4    3002    1501    4503    1501     4.4
perfect-square 3 2     0   49.72    7333    3636   10969    3636     3.7    7333    3636   10969    3636     3.7
perfect-square 3 4     0   38.25    5303    2576    7879    2576     4.4    5303    2576    7879    2576     4.4
perfect-square 3 4     0   17.48    2453    1187    3640    1187     4.9    2453    1187    3640    1187     4.9
perfect-square 3 4     0   16.68    2300    1066    3366    1066     4.5    2300    1066    3366    1066     4.5
perfect-square 3 4     0   12.18    1769     878    2647     878     4.3    1769     878    2647     878     4.3
perfect-square 3 4     0    4.35     488     183     671     183     3.7     488     183     671     183     3.7
perfect-square 3 4     0   52.91    7536    3737   11273    3737     4.4    7536    3737   11273    3737     4.4
perfect-square 3 4     0   23.82    3310    1563    4873    1563     4.4    3310    1563    4873    1563     4.4
perfect-square 3 4     0    1.57     203      85     288      85     4.6     203      85     288      85     4.6
perfect-square 3 4     0   47.24    6708    3249    9957    3249     4.2    6708    3249    9957    3249     4.2
perfect-square 3 4     0   37.39    5383    2651    8034    2651     3.9    5383    2651    8034    2651     3.9
perfect-square 3 4     0    8.93    1234     577    1811     577     3.3    1234     577    1811     577     3.3
perfect-square 3 4     0   11.62    1609     796    2405     796     3.5    1609     796    2405     796     3.5
perfect-square 3 4     0   17.31    2741    1444    4185    1444     3.7    2741    1444    4185    1444     3.7
perfect-square 3 4     0   62.91    8557    3979   12536    3979     4.1    8557    3979   12536    3979     4.1
perfect-square 3 4     0    1.10     125      44     169      44     2.6     125      44     169      44     2.6
perfect-square 3 4     0    2.21     231      73     304      73     3.6     231      73     304      73     3.6
perfect-square 3 4     0   15.88    2181    1005    3186    1005     4.4    2181    1005    3186    1005     4.4
perfect-square 3 4     0   24.60    3507    1742    5249    1742     3.8    3507    1742    5249    1742     3.8
perfect-square 3 4     0    8.02    1156     569    1725     569     5.2    1156     569    1725     569     5.2
perfect-square 3 4     0   15.28    2202    1083    3285    1083     4.1    2202    1083    3285    1083     4.1
perfect-square 3 8     0   12.57    2011    1072    3083    1072     3.7    2011    1072    3083    1072     3.7
perfect-square 3 8     0   23.47    3311    1580    4891    1580     3.6    3311    1580    4891    1580     3.6
perfect-square 3 8     0    6.98    1041     519    1560     519     4.7    1041     519    1560     519     4.7
perfect-square 3 8     0    5.34     814     404    1218     404     3.4     814     404    1218     404     3.4
perfect-square 3 8     0    1.64     212      93     305      93     3.3     212      93     305      93     3.3
perfect-square 3 8     0   17.95    2691    1363    4054    1363     3.8    2691    1363    4054    1363     3.8
perfect-square 3 8     0    2.37     277     103     380     103     3.6     277     103     380     103     3.6
perfect-square 3 8     0    8.97    1296     656    1952     656     4.9    1296     656    1952     656     4.9
perfect-square 3 8     0    9.52    1421     746    2167     746     4.1    1421     746    2167     746     4.1
perfect-square 3 8     0    8.01    1131     535    1666     535     4.0    1131     535    1666     535     4.0
perfect-square 3 8     0    3.31     396     165     561     165     5.7     396     165     561     165     5.7
perfect-square 3 8     0    3.75     565     285     850     285     3.3     565     285     850     285     3.3
perfect-square 3 8     0    7.28    1052     504    1556     504     3.4    1052     504    1556     504     3.4
perfect-square 3 8     0    7.54    1022     465    1487     465     3.8    1022     465    1487     465     3.8
perfect-square 3 8     0    0.59      68      20      88      20     3.0      68      20      88      20     3.0
perfect-square 3 8     0   22.62    3232    1571    4803    1571     3.8    3232    1571    4803    1571     3.8
perfect-square 3 8     0   13.40    1869     910    2779     910     3.4    1869     910    2779     910     3.4
perfect-square 3 8     0    3.32     540     273     813     273     4.2     540     273     813     273     4.2
perfect-square 3 8     0   25.46    3438    1616    5054    1616     4.6    3438    1616    5054    1616     4.6
perfect-square 3 8     0   24.69    3232    1482    4714    1482     4.3    3232    1482    4714    1482     4.3
perfect-square 3 12     0    6.22     900     465    1365     465     4.1     900     465    1365     465     4.1
perfect-square 3 12     0    3.27     488     254     742     254     3.3     488     254     742     254     3.3
perfect-square 3 12     0    4.12     606     301     907     301     2.9     606     301     907     301     2.9
perfect-square 3 12     0    4.45     538     223     761     223     4.8     538     223     761     223     4.8
perfect-square 3 12     0    4.42     617     285     902     285     2.7     617     285     902     285     2.7
perfect-square 3 12     0    1.75     263     122     385     122     3.6     263     122     385     122     3.6
perfect-square 3 12     0   12.45    1447     570    2017     570     4.2    1447     570    2017     570     4.2
perfect-square 3 12     0    1.62     253     126     379     126     4.1     253     126     379     126     4.1
perfect-square 3 12     0    5.64     815     389    1204     389     4.7     815     389    1204     389     4.7
perfect-square 3 12     0    2.05     395     230     625     230     3.5     395     230     625     230     3.5
perfect-square 3 12     0   14.87    2232    1137    3369    1137     4.1    2232    1137    3369    1137     4.1
perfect-square 3 12     0    2.39     372     189     561     189     3.2     372     189     561     189     3.2
perfect-square 3 12     0    3.51     495     229     724     229     3.5     495     229     724     229     3.5
perfect-square 3 12     0    1.82     222      84     306      84     3.0     222      84     306      84     3.0
perfect-square 3 12     0    0.38      61      25      86      25     0.7      61      25      86      25     0.7
perfect-square 3 12     0    5.63     811     388    1199     388     3.8     811     388    1199     388     3.8
perfect-square 3 12     0    3.75     459     186     645     186     3.8     459     186     645     186     3.8
perfect-square 3 12     0    0.81     125      59     184      59     1.0     125      59     184      59     1.0
perfect-square 3 12     0    2.64     455     260     715     260     3.7     455     260     715     260     3.7
perfect-square 3 12     0    2.65     318     121     439     121     3.4     318     121     439     121     3.4
perfect-square 3 16     0    1.70     215      88     303      88     3.8     215      88     303      88     3.8
perfect-square 3 16     0    1.56     170      59     229      59     4.9     170      59     229      59     4.9
perfect-square 3 16     0    3.09     499     256     755     256     2.5     499     256     755     256     2.5
perfect-square 3 16     0    6.84     961     457    1418     457     5.2     961     457    1418     457     5.2
perfect-square 3 16     0    3.86     592     302     894     302     4.1     592     302     894     302     4.1
perfect-square 3 16     0    3.15     447     216     663     216     3.6     447     216     663     216     3.6
perfect-square 3 16     0    5.64     823     406    1229     406     3.1     823     406    1229     406     3.1
perfect-square 3 16     0    3.40     407     163     570     163     4.6     407     163     570     163     4.6
perfect-square 3 16     0    7.04     946     447    1393     447     5.2     946     447    1393     447     5.2
perfect-square 3 16     0    7.44    1124     566    1690     566     3.8    1124     566    1690     566     3.8
perfect-square 3 16     0    4.62     668     322     990     322     3.4     668     322     990     322     3.4
perfect-square 3 16     0    5.07     678     313     991     313     4.3     678     313     991     313     4.3
perfect-square 3 16     0   21.06    3098    1547    4645    1547     3.8    3098    1547    4645    1547     3.8
perfect-square 3 16     0    3.01     443     221     664     221     3.7     443     221     664     221     3.7
perfect-square 3 16     0    3.04     410     196     606     196     4.4     410     196     606     196     4.4
perfect-square 3 16     0    7.07    1062     529    1591     529     3.3    1062     529    1591     529     3.3
perfect-square 3 16     0    5.02     775     400    1175     400     4.2     775     400    1175     400     4.2
perfect-square 3 16     0    1.49     251     121     372     121     3.2     251     121     372     121     3.2
perfect-square 3 16     0    4.21     658     334     992     334     3.9     658     334     992     334     3.9
perfect-square 3 16     0    8.12    1303     721    2024     721     3.8    1303     721    2024     721     3.8
perfect-square 4 1     0   24.00    2305    1111    3416    1111     4.8    2305    1111    3416    1111     4.8
perfect-square 4 1     0   88.47    9264    4778   14042    4778     4.5    9264    4778   14042    4778     4.5
perfect-square 4 1     0   12.86    1378     719    2097     719     4.3    1378     719    2097     719     4.3
perfect-square 4 1     0   79.56    7691    3780   11471    3780     4.9    7691    3780   11471    3780     4.9
perfect-square 4 1     0  108.62   11482    5961   17443    5961     4.1   11482    5961   17443    5961     4.1
perfect-square 4 1     0   77.23    8120    4217   12337    4217     4.4    8120    4217   12337    4217     4.4
perfect-square 4 1     0  121.50   12862    6668   19530    6668     4.6   12862    6668   19530    6668     4.6
perfect-square 4 1     0  371.82   39483   20580   60063   20580     4.3   39483   20580   60063   20580     4.3
perfect-square 4 1     0   16.44    1677     863    2540     863     4.4    1677     863    2540     863     4.4
perfect-square 4 1     0   67.46    6861    3429   10290    3429     4.2    6861    3429   10290    3429     4.2
perfect-square 4 1     0   82.20    9093    4819   13912    4819     4.0    9093    4819   13912    4819     4.0
perfect-square 4 1     0    6.30     691     377    1068     377     3.4     691     377    1068     377     3.4
perfect-square 4 1     0   27.67    2542    1230    3772    1230     4.7    2542    1230    3772    1230     4.7
perfect-square 4 1     0  123.03   13290    7020   20310    7020     4.1   13290    7020   20310    7020     4.1
perfect-square 4 1     0   84.13    8657    4433   13090    4433     4.5    8657    4433   13090    4433     4.5
perfect-square 4 1     0  178.32   18485    9456   27941    9456     4.2   18485    9456   27941    9456     4.2
perfect-square 4 1     0   87.04    8917    4598   13515    4598     4.6    8917    4598   13515    4598     4.6
perfect-square 4 1     0   81.45    8250    4180   12430    4180     4.4    8250    4180   12430    4180     4.4
perfect-square 4 1     0   65.66    6295    3043    9338    3043     4.9    6295    3043    9338    3043     4.9
perfect-square 4 1     0  135.21   14839    7849   22688    7849     4.3   14839    7849   22688    7849     4.3
perfect-square 4 2     0   16.39    1428     660    2088     660     4.6    1428     660    2088     660     4.6
perfect-square 4 2     0   71.16    8083    4361   12444    4361     4.2    8083    4361   12444    4361     4.2
perfect-square 4 2     0    8.84    1019     554    1573     554     3.7    1019     554    1573     554     3.7
perfect-square 4 2     0  110.51   11665    6037   17702    6037     4.3   11665    6037   17702    6037     4.3
perfect-square 4 2     0   24.82    2729    1461    4190    1461     4.3    2729    1461    4190    1461     4.3
perfect-square 4 2     0   34.31    3671    1898    5569    1898     4.2    3671    1898    5569    1898     4.2
perfect-square 4 2     0   40.44    3767    1813    5580    1813     5.2    3767    1813    5580    1813     5.2
perfect-square 4 2     0  216.16   22698   11800   34498   11800     4.3   22698   11800   34498   11800     4.3
perfect-square 4 2     0   13.90    1573     808    2381     808     3.5    1573     808    2381     808     3.5
perfect-square 4 2     0   14.83    1285     585    1870     585     5.3    1285     585    1870     585     5.3
perfect-square 4 2     0   21.64    2514    1346    3860    1346     4.1    2514    1346    3860    1346     4.1
perfect-square 4 2     0    8.55     709     302    1011     302     3.9     709     302    1011     302     3.9
perfect-square 4 2     0   34.36    3879    2091    5970    2091     3.9    3879    2091    5970    2091     3.9
perfect-square 4 2     0   60.15    6204    3179    9383    3179     4.6    6204    3179    9383    3179     4.6
perfect-square 4 2     0  224.81   22999   11549   34548   11549     4.5   22999   11549   34548   11549     4.5
perfect-square 4 2     0    9.03     928     477    1405     477     3.9     928     477    1405     477     3.9
perfect-square 4 2     0   54.78    5690    2864    8554    2864     4.7    5690    2864    8554    2864     4.7
perfect-square 4 2     0   67.33    6996    3563   10559    3563     4.7    6996    3563   10559    3563     4.7
perfect-square 4 2     0   37.52    3935    2061    5996    2061     4.2    3935    2061    5996    2061     4.2
perfect-square 4 2     0    3.76     441     232     673     232     5.6     441     232     673     232     5.6
perfect-square 4 4     0    4.15     330     136     466     136     4.8     330     136     466     136     4.8
perfect-square 4 4     0   15.12    1469     714    2183     714     3.5    1469     714    2183     714     3.5
perfect-square 4 4     0    7.16     600     261     861     261     6.2     600     261     861     261     6.2
perfect-square 4 4     0   93.38    9864    5149   15013    5149     4.2    9864    5149   15013    5149     4.2
perfect-square 4 4     0    5.73     633     335     968     335     4.7     633     335     968     335     4.7
perfect-square 4 4     0   44.83    4623    2324    6947    2324     4.6    4623    2324    6947    2324     4.6
perfect-square 4 4     0   27.62    2963    1560    4523    1560     4.2    2963    1560    4523    1560     4.2
perfect-square 4 4     0   12.90    1328     670    1998     670     5.1    1328     670    1998     670     5.1
perfect-square 4 4     0   11.44    1000     486    1486     486     4.8    1000     486    1486     486     4.8
perfect-square 4 4     0    6.68     816     459    1275     459     3.6     816     459    1275     459     3.6
perfect-square 4 4     0    3.82     296     117     413     117     5.6     296     117     413     117     5.6
perfect-square 4 4     0   29.60    2878    1387    4265    1387     4.4    2878    1387    4265    1387     4.4
perfect-square 4 4     0   13.74    1388     707    2095     707     4.6    1388     707    2095     707     4.6
perfect-square 4 4     0    7.29     913     519    1432     519     3.6     913     519    1432     519     3.6
perfect-square 4 4     0   26.29    2726    1395    4121    1395     4.8    2726    1395    4121    1395     4.8
perfect-square 4 4     0   12.94    1108     507    1615     507     4.9    1108     507    1615     507     4.9
perfect-square 4 4     0   23.29    2416    1227    3643    1227     4.2    2416    1227    3643    1227     4.2
perfect-square 4 4     0   30.03    3226    1679    4905    1679     4.4    3226    1679    4905    1679     4.4
perfect-square 4 4     0    8.68     979     535    1514     535     4.6     979     535    1514     535     4.6
perfect-square 4 4     0   34.16    3318    1657    4975    1657     4.5    3318    1657    4975    1657     4.5
perfect-square 4 8     0    8.88     982     542    1524     542     5.6     982     542    1524     542     5.6
perfect-square 4 8     0    4.86     543     275     818     275     4.4     543     275     818     275     4.4
perfect-square 4 8     0    1.28     120      47     167      47     7.2     120      47     167      47     7.2
perfect-square 4 8     0    5.04     519     258     777     258     5.6     519     258     777     258     5.6
perfect-square 4 8     0    1.79     130      44     174      44     4.6     130      44     174      44     4.6
perfect-square 4 8     0    4.53     471     240     711     240     4.5     471     240     711     240     4.5
perfect-square 4 8     0    9.87     868     391    1259     391     5.4     868     391    1259     391     5.4
perfect-square 4 8     0    8.77     777     341    1118     341     3.7     777     341    1118     341     3.7
perfect-square 4 8     0   18.53    1985    1040    3025    1040     4.2    1985    1040    3025    1040     4.2
perfect-square 4 8     0    4.39     390     181     571     181     5.1     390     181     571     181     5.1
perfect-square 4 8     0   20.59    2327    1249    3576    1249     4.1    2327    1249    3576    1249     4.1
perfect-square 4 8     0   10.89    1098     548    1646     548     4.8    1098     548    1646     548     4.8
perfect-square 4 8     0    9.82    1011     509    1520     509     4.7    1011     509    1520     509     4.7
perfect-square 4 8     0   12.20    1122     534    1656     534     5.0    1122     534    1656     534     5.0
perfect-square 4 8     0    4.70     469     232     701     232     5.3     469     232     701     232     5.3
perfect-square 4 8     0   10.79     926     397    1323     397     3.8     926     397    1323     397     3.8
perfect-square 4 8     0    3.26     378     205     583     205     4.6     378     205     583     205     4.6
perfect-square 4 8     0   42.41    4529    2369    6898    2369     4.1    4529    2369    6898    2369     4.1
perfect-square 4 8     0    5.19     477     214     691     214     3.7     477     214     691     214     3.7
perfect-square 4 8     0    5.24     544     270     814     270     5.5     544     270     814     270     5.5
perfect-square 4 12     0    5.26     544     265     809     265     3.6     544     265     809     265     3.6
perfect-square 4 12     0    4.40     480     239     719     239     4.5     480     239     719     239     4.5
perfect-square 4 12     0    8.92     934     475    1409     475     5.0     934     475    1409     475     5.0
perfect-square 4 12     0   17.20    1776     897    2673     897     4.4    1776     897    2673     897     4.4
perfect-square 4 12     0    2.23     271     161     432     161     4.2     271     161     432     161     4.2
perfect-square 4 12     0   35.99    3733    1902    5635    1902     4.2    3733    1902    5635    1902     4.2
perfect-square 4 12     0    6.20     800     454    1254     454     3.6     800     454    1254     454     3.6
perfect-square 4 12     0    1.14     127      64     191      64     5.9     127      64     191      64     5.9
perfect-square 4 12     0    7.58     738     354    1092     354     6.0     738     354    1092     354     6.0
perfect-square 4 12     0   26.99    2895    1488    4383    1488     4.5    2895    1488    4383    1488     4.5
perfect-square 4 12     0    1.37     110      37     147      37     4.0     110      37     147      37     4.0
perfect-square 4 12     0    5.21     581     320     901     320     3.4     581     320     901     320     3.4
perfect-square 4 12     0   10.95     971     433    1404     433     5.1     971     433    1404     433     5.1
perfect-square 4 12     0   11.55    1138     551    1689     551     4.2    1138     551    1689     551     4.2
perfect-square 4 12     0    9.41    1000     530    1530     530     4.2    1000     530    1530     530     4.2
perfect-square 4 12     0    3.90     417     213     630     213     3.0     417     213     630     213     3.0
perfect-square 4 12     0    7.47     703     337    1040     337     4.9     703     337    1040     337     4.9
perfect-square 4 12     0    2.33     219      91     310      91     4.4     219      91     310      91     4.4
perfect-square 4 12     0    5.26     543     267     810     267     5.2     543     267     810     267     5.2
perfect-square 4 12     0    0.78      65      23      88      23     3.8      65      23      88      23     3.8
perfect-square 4 16     0    8.00     857     440    1297     440     4.0     857     440    1297     440     4.0
perfect-square 4 16     0    1.41     124      49     173      49     3.0     124      49     173      49     3.0
perfect-square 4 16     0    1.76     175      79     254      79     2.9     175      79     254      79     2.9
perfect-square 4 16     0   16.37    1714     851    2565     851     4.3    1714     851    2565     851     4.3
perfect-square 4 16     0    3.16     328     160     488     160     4.5     328     160     488     160     4.5
perfect-square 4 16     0   10.93    1179     609    1788     609     4.3    1179     609    1788     609     4.3
perfect-square 4 16     0   12.93    1474     788    2262     788     4.3    1474     788    2262     788     4.3
perfect-square 4 16     0   17.63    1816     928    2744     928     4.2    1816     928    2744     928     4.2
perfect-square 4 16     0    3.94     433     228     661     228     4.8     433     228     661     228     4.8
perfect-square 4 16     0    2.27     248     128     376     128     4.6     248     128     376     128     4.6
perfect-square 4 16     0    7.03     746     369    1115     369     5.9     746     369    1115     369     5.9
perfect-square 4 16     0    5.41     586     285     871     285     3.0     586     285     871     285     3.0
perfect-square 4 16     0    9.66     910     409    1319     409     6.0     910     409    1319     409     6.0
perfect-square 4 16     0   11.25    1106     529    1635     529     3.7    1106     529    1635     529     3.7
perfect-square 4 16     0    5.12     518     267     785     267     4.7     518     267     785     267     4.7
perfect-square 4 16     0    1.19      86      30     116      30     2.5      86      30     116      30     2.5
perfect-square 4 16     0    2.04     220     102     322     102     4.7     220     102     322     102     4.7
perfect-square 4 16     0    0.94      96      46     142      46     4.8      96      46     142      46     4.8
perfect-square 4 16     0    4.93     572     325     897     325     4.3     572     325     897     325     4.3
perfect-square 4 16     0    3.39     301     126     427     126     3.7     301     126     427     126     3.7
